KEY_CODE,HTKSYORI,HTKSAKI,GASSAN,T001141001,T001141002,T001141003,T001141004,T001141005,T001141006,T001141007,T001141008,T001141009,T001141010,T001141011,T001141012,T001141013,T001141014,T001141015,T001141016,T001141017,T001141018,T001141019,T001141020,T001141021,T001141022,T001141023,T001141024,T001141025,T001141026,T001141027,T001141028,T001141029,T001141030,T001141031,T001141032,T001141033,T001141034,T001141035,T001141036,T001141037,T001141038,T001141039,T001141040,T001141041,T001141042,T001141043,T001141044,T001141045,T001141046,T001141047,T001141048,T001141049,T001141050
,,,,Å@êlå˚ÅiëçêîÅj,Å@êlå˚ÅiëçêîÅjÅ@íj,Å@êlå˚ÅiëçêîÅjÅ@èó,Å@ÇOÅ`ÇPÇSçŒêlå˚Å@ëçêî,Å@ÇOÅ`ÇPÇSçŒêlå˚Å@íj,Å@ÇOÅ`ÇPÇSçŒêlå˚Å@èó,Å@ÇPÇTçŒà»è„êlå˚Å@ëçêî,Å@ÇPÇTçŒà»è„êlå˚Å@íj,Å@ÇPÇTçŒà»è„êlå˚Å@èó,Å@ÇPÇTÅ`ÇUÇSçŒêlå˚Å@ëçêî,Å@ÇPÇTÅ`ÇUÇSçŒêlå˚Å@íj,Å@ÇPÇTÅ`ÇUÇSçŒêlå˚Å@èó,Å@ÇPÇWçŒà»è„êlå˚Å@ëçêî,Å@ÇPÇWçŒà»è„êlå˚Å@íj,Å@ÇPÇWçŒà»è„êlå˚Å@èó,Å@ÇQÇOçŒà»è„êlå˚Å@ëçêî,Å@ÇQÇOçŒà»è„êlå˚Å@íj,Å@ÇQÇOçŒà»è„êlå˚Å@èó,Å@ÇUÇTçŒà»è„êlå˚Å@ëçêî,Å@ÇUÇTçŒà»è„êlå˚Å@íj,Å@ÇUÇTçŒà»è„êlå˚Å@èó,Å@ÇVÇTçŒà»è„êlå˚Å@ëçêî,Å@ÇVÇTçŒà»è„êlå˚Å@íj,Å@ÇVÇTçŒà»è„êlå˚Å@èó,Å@ÇWÇTçŒà»è„êlå˚Å@ëçêî,Å@ÇWÇTçŒà»è„êlå˚Å@íj,Å@ÇWÇTçŒà»è„êlå˚Å@èó,Å@ÇXÇTçŒà»è„êlå˚Å@ëçêî,Å@ÇXÇTçŒà»è„êlå˚Å@íj,Å@ÇXÇTçŒà»è„êlå˚Å@èó,Å@äOçëêlêlå˚Å@ëçêî,Å@äOçëêlêlå˚Å@íj,Å@äOçëêlêlå˚Å@èó,Å@ê¢ë—ëçêî,Å@àÍî ê¢ë—êî,Å@ÇPêlê¢ë—êîÅ@àÍî ê¢ë—êî,Å@ÇQêlê¢ë—êîÅ@àÍî ê¢ë—êî,Å@ÇRêlê¢ë—êîÅ@àÍî ê¢ë—êî,Å@ÇSêlê¢ë—êîÅ@àÍî ê¢ë—êî,Å@ÇTêlê¢ë—êîÅ@àÍî ê¢ë—êî,Å@ÇUêlê¢ë—êîÅ@àÍî ê¢ë—êî,Å@ÇVêlà»è„ê¢ë—êîÅ@àÍî ê¢ë—êî,Å@êeë∞ÇÃÇ›ÇÃê¢ë—êîÅ@àÍî ê¢ë—êî,Å@äjâ∆ë∞ê¢ë—êîÅ@àÍî ê¢ë—êî,Å@äjâ∆ë∞à»äOÇÃê¢ë—êîÅ@àÍî ê¢ë—êî,Å@ÇUçŒñ¢ñûê¢ë—àıÇÃÇ¢ÇÈê¢ë—êîÅ@àÍî ê¢ë—êî,Å@ÇUÇTçŒà»è„ê¢ë—àıÇÃÇ¢ÇÈê¢ë—êîÅ@àÍî ê¢ë—êî,Å@ê¢ë—éÂÇÃîNóÓÇ™ÇQÇOÅ`ÇQÇXçŒÇÃÇPêlê¢ë—êîÅ@àÍî ê¢ë—êî,Å@çÇóÓíPêgê¢ë—êîÅ@àÍî ê¢ë—êî,Å@çÇóÓïvïwê¢ë—êîÅ@àÍî ê¢ë—êî
523105054,2,523105063,,5,3,2,*,*,*,*,*,*,*,*,*,*,*,*,*,*,*,*,*,*,*,*,*,*,*,*,*,*,*,*,*,*,3,3,*,*,*,*,*,*,*,*,*,*,*,*,*,*,*
523105061,0,,,80,37,43,11,4,7,69,33,36,29,15,14,69,33,36,69,33,36,40,18,22,21,7,14,11,1,10,1,0,1,1,0,1,35,35,13,13,4,1,1,2,1,22,16,6,1,28,0,8,6
523105063,1,,523105054,148,67,81,2,1,1,151,69,82,61,30,31,147,69,78,146,68,78,90,39,51,49,18,31,18,6,12,0,0,0,0,0,0,67,67,17,32,14,6,0,1,0,53,44,9,0,58,0,13,21
523105073,0,,,16,9,7,1,0,1,15,9,6,7,5,2,14,9,5,14,9,5,8,4,4,5,2,3,3,1,2,1,1,0,0,0,0,9,9,5,2,1,1,0,0,0,4,3,1,1,5,0,2,1
523105074,1,,523105172,24,11,13,4,2,2,22,11,11,8,3,5,20,11,9,20,11,9,14,8,6,5,2,3,2,1,1,0,0,0,0,0,0,8,8,3,4,1,0,1,0,1,7,4,3,1,8,0,2,3
523105082,2,523105084,,3,1,2,*,*,*,*,*,*,*,*,*,*,*,*,*,*,*,*,*,*,*,*,*,*,*,*,*,*,*,*,*,*,2,2,*,*,*,*,*,*,*,*,*,*,*,*,*,*,*
523105083,0,,,79,33,46,3,2,1,76,31,45,21,9,12,75,30,45,75,30,45,55,22,33,27,7,20,7,0,7,3,0,3,0,0,0,43,43,16,20,6,0,1,0,0,27,23,4,1,38,0,14,12
523105084,1,,523105082,144,67,77,10,6,4,137,62,75,57,30,27,135,61,74,134,61,73,80,32,48,46,16,30,22,6,16,3,1,2,0,0,0,55,55,10,21,16,5,4,0,1,46,30,16,1,46,0,9,10
523105091,0,,,54,27,27,1,1,0,53,26,27,32,17,15,53,26,27,53,26,27,21,9,12,13,5,8,3,1,2,0,0,0,0,0,0,25,25,6,14,3,1,0,0,1,19,16,3,0,13,0,2,4
523105092,0,,,17,8,9,2,0,2,15,8,7,6,4,2,15,8,7,15,8,7,9,4,5,6,2,4,2,1,1,1,1,0,0,0,0,6,6,1,2,1,1,1,0,0,5,3,2,0,6,0,1,1
523105093,0,,,156,74,82,12,8,4,144,66,78,69,33,36,139,65,74,137,64,73,75,33,42,35,14,21,15,6,9,2,1,1,0,0,0,62,62,13,24,10,12,2,0,1,49,35,14,3,44,0,9,17
523105094,0,,,133,57,76,19,7,12,114,50,64,76,33,43,109,47,62,107,45,62,38,17,21,15,5,10,6,1,5,0,0,0,6,0,6,44,44,8,14,8,6,4,1,3,36,27,9,0,23,5,2,4
523105172,2,523105074,,3,3,0,*,*,*,*,*,*,*,*,*,*,*,*,*,*,*,*,*,*,*,*,*,*,*,*,*,*,*,*,*,*,2,2,*,*,*,*,*,*,*,*,*,*,*,*,*,*,*
523106001,0,,,20,7,13,0,0,0,20,7,13,8,2,6,19,7,12,19,7,12,12,5,7,2,0,2,2,0,2,0,0,0,0,0,0,11,11,5,3,3,0,0,0,0,6,5,1,0,8,0,3,3
523106002,0,,,26,11,15,2,0,2,24,11,13,15,8,7,24,11,13,24,11,13,9,3,6,4,1,3,3,0,3,0,0,0,0,0,0,11,11,2,5,2,2,0,0,0,9,8,1,0,7,0,1,2
523106003,1,,523106101,178,85,93,11,6,5,169,79,90,78,41,37,167,79,88,165,79,86,91,38,53,46,16,30,16,2,14,3,0,3,1,0,1,70,70,18,29,8,7,4,3,2,53,35,18,3,59,0,13,16
523106004,0,,,44,21,23,5,4,1,39,17,22,24,10,14,38,16,22,37,15,22,15,7,8,7,2,5,2,0,2,0,0,0,0,0,0,13,13,2,4,2,2,1,0,2,11,6,5,1,11,0,2,3
523106011,1,,523106013,14,9,5,0,0,0,21,13,8,10,6,4,21,13,8,20,12,8,11,7,4,5,3,2,0,0,0,0,0,0,0,0,0,7,7,5,4,1,0,1,0,0,6,4,2,0,8,0,3,3
523106013,2,523106011,,7,4,3,*,*,*,*,*,*,*,*,*,*,*,*,*,*,*,*,*,*,*,*,*,*,*,*,*,*,*,*,*,*,4,4,*,*,*,*,*,*,*,*,*,*,*,*,*,*,*
523106023,2,523106024,,5,2,3,*,*,*,*,*,*,*,*,*,*,*,*,*,*,*,*,*,*,*,*,*,*,*,*,*,*,*,*,*,*,3,3,*,*,*,*,*,*,*,*,*,*,*,*,*,*,*
523106024,1,,523106023,27,13,14,1,0,1,31,15,16,16,8,8,29,14,15,28,13,15,15,7,8,6,1,5,4,0,4,0,0,0,0,0,0,9,9,2,7,2,0,0,0,1,10,7,3,0,10,0,2,4
523106031,0,,,33,18,15,1,1,0,32,17,15,14,9,5,32,17,15,32,17,15,18,8,10,7,3,4,3,1,2,0,0,0,0,0,0,15,15,5,3,6,1,0,0,0,10,6,4,0,13,0,5,0
523106032,0,,,45,22,23,2,1,1,43,21,22,26,12,14,42,21,21,41,20,21,17,9,8,13,7,6,3,2,1,0,0,0,1,0,1,13,13,0,3,5,2,2,1,0,13,6,7,0,10,0,0,1
523106033,0,,,35,15,20,0,0,0,35,15,20,12,6,6,34,15,19,34,15,19,23,9,14,15,6,9,9,2,7,0,0,0,0,0,0,11,10,1,3,5,1,0,0,0,9,3,6,0,9,0,1,1
523106041,1,,523106043,78,35,43,10,5,5,73,34,39,32,18,14,73,34,39,71,32,39,41,16,25,15,5,10,6,1,5,0,0,0,0,0,0,31,31,7,11,8,2,3,0,1,25,17,8,1,24,0,6,8
523106042,0,,,25,13,12,3,2,1,22,11,11,6,4,2,22,11,11,22,11,11,16,7,9,4,1,3,1,0,1,0,0,0,0,0,0,12,12,4,5,2,0,1,0,0,8,7,1,1,11,0,4,4
523106043,2,523106041,,5,4,1,*,*,*,*,*,*,*,*,*,*,*,*,*,*,*,*,*,*,*,*,*,*,*,*,*,*,*,*,*,*,1,1,*,*,*,*,*,*,*,*,*,*,*,*,*,*,*
523106044,0,,,11,6,5,0,0,0,11,6,5,5,3,2,11,6,5,11,6,5,6,3,3,0,0,0,0,0,0,0,0,0,0,0,0,4,4,0,2,1,1,0,0,0,4,3,1,0,3,0,0,1
523106051,0,,,123,59,64,8,4,4,115,55,60,59,28,31,111,54,57,110,53,57,56,27,29,27,11,16,13,5,8,0,0,0,0,0,0,48,48,10,19,9,6,1,2,1,38,28,10,2,37,0,8,15
523106052,0,,,287,130,157,23,12,11,264,118,146,138,64,74,254,117,137,253,116,137,126,54,72,83,35,48,31,12,19,0,0,0,3,3,0,111,111,25,33,30,14,6,1,2,85,60,25,5,84,2,18,22
523106053,0,,,125,62,63,20,12,8,105,50,55,67,33,34,101,47,54,100,47,53,38,17,21,15,6,9,3,1,2,1,1,0,1,0,1,51,51,12,17,10,11,1,0,0,39,35,4,7,25,0,10,7
523106054,0,,,229,107,122,43,27,16,186,80,106,128,58,70,170,70,100,167,67,100,58,22,36,30,8,22,11,1,10,0,0,0,2,1,1,99,99,37,25,17,13,4,2,1,60,50,10,9,46,1,23,6
523106061,0,,,362,161,201,59,33,26,265,107,158,139,60,79,260,104,156,256,102,154,126,47,79,66,23,43,16,4,12,1,0,1,1,1,0,172,172,69,54,26,14,5,3,1,93,89,4,19,95,2,51,20
523106063,0,,,127,66,61,12,7,5,110,55,55,67,35,32,105,54,51,103,52,51,43,20,23,22,10,12,8,4,4,0,0,0,0,0,0,49,49,13,15,10,5,3,2,1,36,29,7,2,28,2,3,8
523106064,0,,,210,96,114,25,8,17,172,80,92,108,51,57,169,79,90,169,79,90,64,29,35,28,8,20,7,2,5,0,0,0,1,0,1,104,104,48,27,14,11,2,2,0,55,46,9,5,44,1,14,15
523106071,0,,,191,86,105,39,16,23,149,68,81,100,45,55,136,63,73,133,60,73,49,23,26,18,6,12,3,0,3,1,0,1,0,0,0,81,81,26,26,14,9,4,1,1,54,50,4,11,36,0,14,13
523106072,0,,,427,204,223,60,30,30,360,172,188,276,137,139,337,159,178,331,154,177,84,35,49,35,14,21,7,3,4,0,0,0,3,1,2,174,174,51,55,25,31,7,3,2,121,111,10,10,58,5,17,17
523106073,0,,,569,270,299,62,33,29,489,229,260,245,124,121,479,225,254,476,224,252,244,105,139,113,44,69,40,13,27,1,0,1,7,4,3,257,257,82,99,37,20,16,3,0,170,150,20,15,161,6,45,52
523106074,0,,,687,323,364,83,46,37,577,263,314,315,153,162,563,253,310,561,252,309,262,110,152,139,55,84,39,16,23,5,2,3,10,3,7,321,321,114,123,38,26,11,9,0,199,174,25,23,181,8,60,61
523106081,0,,,269,132,137,31,18,13,232,110,122,134,68,66,220,103,117,215,103,112,98,42,56,54,23,31,17,6,11,1,0,1,5,4,1,106,106,23,37,22,17,5,1,1,81,66,15,8,67,0,17,22
523106082,0,,,62,34,28,9,6,3,53,28,25,29,17,12,52,28,24,51,28,23,24,11,13,15,6,9,3,2,1,1,1,0,0,0,0,33,33,17,9,4,1,1,1,0,16,14,2,2,17,0,7,7
523106083,0,,,846,399,447,126,65,61,703,327,376,447,222,225,669,313,356,658,306,352,256,105,151,141,52,89,63,16,47,3,1,2,4,2,2,385,383,162,105,51,42,18,3,2,219,183,36,42,165,33,54,52
523106084,0,,,621,294,327,82,48,34,522,236,286,281,139,142,509,229,280,499,224,275,241,97,144,131,46,85,48,14,34,4,0,4,4,2,2,279,279,111,76,46,23,13,7,3,165,126,39,12,171,5,62,37
523106092,2,523106094,,5,3,2,*,*,*,*,*,*,*,*,*,*,*,*,*,*,*,*,*,*,*,*,*,*,*,*,*,*,*,*,*,*,1,1,*,*,*,*,*,*,*,*,*,*,*,*,*,*,*
523106093,2,523106094,,3,1,2,*,*,*,*,*,*,*,*,*,*,*,*,*,*,*,*,*,*,*,*,*,*,*,*,*,*,*,*,*,*,2,2,*,*,*,*,*,*,*,*,*,*,*,*,*,*,*
523106094,1,,523106092;523106093,52,24,28,5,3,2,55,25,30,33,16,17,53,25,28,53,25,28,22,9,13,15,6,9,4,2,2,0,0,0,2,1,1,21,21,6,6,8,2,2,0,0,18,14,4,1,15,1,3,3
523106101,2,523106003,,2,0,2,*,*,*,*,*,*,*,*,*,*,*,*,*,*,*,*,*,*,*,*,*,*,*,*,*,*,*,*,*,*,1,1,*,*,*,*,*,*,*,*,*,*,*,*,*,*,*
523106113,2,523106123,,1,1,0,*,*,*,*,*,*,*,*,*,*,*,*,*,*,*,*,*,*,*,*,*,*,*,*,*,*,*,*,*,*,1,1,*,*,*,*,*,*,*,*,*,*,*,*,*,*,*
523106123,1,,523106113,43,19,24,4,2,2,40,18,22,24,10,14,39,17,22,37,16,21,16,8,8,7,3,4,2,1,1,0,0,0,0,0,0,12,12,1,4,3,2,1,1,1,12,6,6,1,10,0,1,3
523106131,2,523106133,,8,4,4,*,*,*,*,*,*,*,*,*,*,*,*,*,*,*,*,*,*,*,*,*,*,*,*,*,*,*,*,*,*,2,2,*,*,*,*,*,*,*,*,*,*,*,*,*,*,*
523106133,1,,523106131,56,27,29,7,3,4,57,28,29,38,20,18,56,27,29,54,26,28,19,8,11,12,6,6,4,2,2,1,1,0,0,0,0,21,21,3,7,8,2,3,0,0,20,16,4,2,11,0,2,3
523106144,0,,,40,28,12,0,0,0,40,28,12,28,18,10,40,28,12,40,28,12,12,10,2,1,1,0,0,0,0,0,0,0,0,0,0,1,0,0,0,0,0,0,0,0,0,0,0,0,0,0,0,0
523106151,0,,,38,22,16,5,4,1,33,18,15,21,13,8,30,17,13,29,16,13,12,5,7,6,3,3,1,0,1,0,0,0,0,0,0,13,13,2,3,4,3,0,1,0,11,10,1,2,8,0,1,1
523106152,0,,,401,181,220,43,16,27,357,165,192,179,93,86,348,158,190,342,154,188,178,72,106,101,39,62,36,16,20,2,0,2,0,0,0,167,167,42,66,32,11,11,3,2,124,104,20,8,116,1,28,37
523106154,0,,,571,259,312,71,37,34,499,222,277,271,130,141,486,214,272,475,207,268,228,92,136,122,44,78,53,20,33,2,0,2,0,0,0,249,249,76,98,33,18,16,8,0,173,148,25,16,157,3,47,53
523106161,0,,,782,348,434,84,43,41,690,300,390,376,181,195,662,285,377,650,279,371,314,119,195,158,59,99,55,26,29,2,0,2,13,7,6,358,358,128,120,60,28,14,4,4,225,191,34,16,215,7,79,58
523106162,0,,,489,234,255,48,18,30,431,212,219,251,134,117,418,206,212,415,205,210,180,78,102,93,38,55,32,10,22,5,1,4,7,3,4,251,251,111,83,36,11,4,3,3,134,117,17,10,120,13,40,37
523106163,0,,,82,40,42,18,8,10,60,28,32,44,20,24,60,28,32,60,28,32,16,8,8,10,4,6,2,0,2,1,0,1,1,0,1,40,40,20,5,8,7,0,0,0,20,16,4,7,11,4,6,1
523106164,0,,,728,354,374,97,58,39,609,280,329,390,195,195,586,268,318,578,262,316,219,85,134,119,45,74,41,13,28,3,0,3,5,1,4,345,345,149,105,37,29,15,3,7,190,166,24,28,149,14,57,42
523106171,0,,,808,382,426,82,37,45,696,337,359,451,232,219,678,328,350,675,326,349,245,105,140,142,57,85,46,17,29,5,1,4,12,0,12,447,447,230,118,64,27,6,2,0,211,193,18,22,184,21,85,41
523106172,0,,,628,288,340,118,55,63,483,220,263,386,188,198,470,214,256,466,212,254,97,32,65,50,16,34,22,5,17,0,0,0,10,5,5,311,311,145,79,41,33,9,3,1,163,153,10,39,74,15,30,20
523106173,0,,,494,253,241,67,42,25,411,203,208,281,144,137,401,199,202,393,195,198,130,59,71,70,30,40,26,13,13,1,0,1,7,1,6,249,247,124,65,26,25,4,3,0,121,111,10,21,89,21,34,27
523106174,0,,,684,324,360,96,53,43,555,253,302,423,193,230,537,248,289,503,244,259,132,60,72,59,22,37,13,5,8,2,0,2,0,0,0,293,292,121,76,43,38,10,3,1,166,152,14,31,85,22,26,26
523106181,0,,,622,311,311,87,45,42,505,249,256,378,197,181,483,239,244,476,236,240,127,52,75,63,23,40,23,4,19,1,0,1,2,1,1,305,304,134,86,45,22,15,1,1,166,150,16,22,82,30,24,32
523106182,0,,,872,424,448,89,48,41,777,373,404,467,247,220,686,314,372,652,293,359,310,126,184,155,57,98,54,19,35,6,0,6,7,2,5,351,348,114,128,53,29,17,5,2,229,195,34,19,220,3,76,64
523106183,0,,,703,346,357,115,63,52,578,279,299,382,206,176,527,239,288,508,224,284,196,73,123,113,34,79,40,12,28,3,0,3,3,0,3,304,302,117,88,43,32,17,3,2,182,166,16,25,140,10,58,41
523106184,0,,,495,315,180,41,23,18,449,289,160,351,250,101,306,154,152,279,130,149,98,39,59,52,18,34,14,5,9,0,0,0,5,0,5,165,164,62,59,24,10,7,1,1,101,89,12,13,66,6,22,21
523106191,0,,,183,80,103,22,11,11,161,69,92,92,41,51,155,65,90,154,64,90,69,28,41,29,11,18,6,2,4,0,0,0,0,0,0,78,78,15,36,18,5,3,0,1,62,55,7,3,46,1,10,17
523106192,0,,,139,69,70,8,4,4,131,65,66,80,42,38,127,62,65,123,60,63,51,23,28,26,10,16,9,3,6,0,0,0,0,0,0,66,66,20,27,12,6,1,0,0,46,41,5,2,36,0,11,11
523106193,0,,,165,72,93,9,6,3,156,66,90,68,35,33,154,65,89,154,65,89,88,31,57,62,18,44,33,6,27,8,0,8,3,3,0,61,60,18,21,12,3,6,0,0,41,35,6,2,39,3,11,13
523106194,0,,,59,21,38,4,1,3,55,20,35,42,15,27,49,18,31,47,18,29,13,5,8,5,1,4,1,0,1,0,0,0,0,0,0,30,30,11,11,7,0,1,0,0,19,18,1,1,11,0,3,3
523106222,0,,,19,8,11,0,0,0,19,8,11,9,3,6,16,8,8,15,7,8,10,5,5,5,2,3,2,0,2,0,0,0,0,0,0,7,7,2,2,2,0,0,0,1,5,2,3,0,7,0,2,2
523106231,0,,,151,73,78,28,13,15,123,60,63,72,35,37,118,56,62,115,56,59,51,25,26,17,10,7,2,0,2,1,0,1,1,0,1,53,53,9,18,10,7,7,1,1,44,37,7,6,32,0,7,12
523106232,0,,,176,92,84,32,19,13,144,73,71,84,44,40,139,70,69,136,69,67,60,29,31,30,12,18,7,3,4,0,0,0,0,0,0,67,67,16,20,13,11,6,0,1,48,38,10,5,43,2,14,10
523106234,0,,,15,10,5,3,3,0,12,7,5,8,5,3,11,6,5,11,6,5,4,2,2,2,1,1,1,1,0,0,0,0,0,0,0,5,5,1,1,0,3,0,0,0,4,3,1,0,3,0,1,1
523106241,0,,,542,276,266,38,24,14,478,231,247,265,140,125,466,227,239,465,226,239,213,91,122,123,42,81,58,18,40,6,0,6,0,0,0,185,182,85,44,33,13,4,2,1,94,81,13,12,58,7,16,18
523106242,0,,,460,181,279,45,29,16,406,144,262,161,75,86,397,141,256,395,139,256,245,69,176,212,50,162,154,29,125,30,7,23,1,0,1,122,116,37,37,24,13,0,4,1,78,71,7,16,33,3,6,14
523106243,0,,,167,69,98,12,5,7,151,62,89,67,33,34,149,61,88,148,61,87,84,29,55,71,21,50,49,14,35,11,1,10,0,0,0,37,33,17,7,5,3,0,1,0,15,15,0,4,6,2,3,2
523106244,0,,,670,326,344,110,58,52,556,266,290,354,180,174,542,258,284,528,251,277,202,86,116,90,34,56,39,14,25,2,0,2,11,1,10,293,293,101,99,37,31,16,7,2,189,164,25,26,135,20,36,49
523106251,0,,,499,239,260,69,38,31,428,200,228,304,150,154,393,178,215,385,174,211,124,50,74,52,22,30,11,2,9,0,0,0,1,1,0,204,203,55,64,46,25,11,1,1,148,134,14,16,83,12,22,25
523106252,0,,,668,324,344,75,41,34,593,283,310,348,176,172,581,274,307,578,274,304,245,107,138,125,47,78,43,17,26,6,2,4,4,1,3,283,283,73,116,42,30,17,3,2,210,181,29,24,172,3,42,56
523106253,0,,,717,324,393,71,35,36,637,283,354,361,167,194,617,273,344,610,272,338,276,116,160,135,59,76,41,16,25,3,1,2,18,10,8,356,356,139,123,62,17,13,1,1,215,188,27,25,187,22,63,63
523106254,0,,,324,155,169,34,15,19,283,134,149,159,82,77,277,132,145,276,131,145,124,52,72,60,20,40,17,3,14,2,0,2,4,3,1,134,134,37,46,26,14,9,0,2,96,79,17,8,86,1,21,27
523106261,0,,,340,135,205,43,17,26,297,118,179,123,57,66,286,113,173,285,112,173,174,61,113,110,29,81,65,14,51,8,1,7,0,0,0,129,128,42,47,18,10,7,3,1,86,72,14,12,83,1,26,27
523106262,0,,,540,271,269,79,47,32,435,209,226,294,151,143,417,203,214,412,200,212,141,58,83,86,27,59,32,11,21,2,0,2,2,1,1,242,242,98,56,40,34,11,2,1,136,115,21,23,98,17,32,23
523106263,0,,,40,22,18,16,11,5,24,11,13,19,9,10,24,11,13,24,11,13,5,2,3,4,2,2,2,1,1,0,0,0,0,0,0,11,11,1,2,1,4,2,1,0,10,9,1,2,2,0,0,0
523106264,0,,,463,217,246,91,46,45,368,169,199,258,121,137,349,161,188,343,158,185,110,48,62,69,27,42,28,11,17,2,2,0,4,1,3,167,167,49,27,40,28,11,11,1,117,81,36,23,75,12,16,10
523106271,0,,,344,180,164,68,32,36,245,126,119,185,97,88,238,120,118,236,119,117,60,29,31,27,9,18,9,4,5,1,1,0,5,2,3,155,155,66,33,24,23,6,3,0,85,75,10,20,41,9,14,13
523106272,0,,,726,360,366,104,53,51,612,300,312,402,205,197,595,289,306,587,286,301,210,95,115,102,38,64,29,14,15,1,0,1,16,9,7,351,350,156,101,34,39,17,2,1,192,169,23,24,143,32,47,50
523106273,0,,,160,79,81,37,19,18,112,55,57,89,44,45,108,53,55,106,53,53,23,11,12,10,2,8,5,1,4,0,0,0,1,0,1,69,69,24,19,8,16,2,0,0,43,40,3,11,15,0,3,6
523106274,0,,,285,139,146,26,14,12,249,118,131,140,72,68,245,117,128,241,114,127,109,46,63,49,21,28,14,4,10,3,0,3,1,0,1,142,142,58,49,18,12,3,2,0,83,70,13,7,73,8,21,25
523106281,0,,,121,70,51,16,10,6,105,60,45,83,52,31,101,58,43,99,57,42,22,8,14,5,0,5,3,0,3,0,0,0,0,0,0,59,59,30,14,6,5,1,1,2,29,25,4,3,15,7,3,5
523106282,0,,,696,325,371,91,46,45,604,279,325,395,193,202,584,269,315,573,263,310,209,86,123,95,33,62,24,7,17,1,0,1,6,2,4,291,291,73,112,58,27,12,6,3,216,190,26,26,147,2,46,42
523106283,0,,,303,128,175,17,8,9,254,113,141,137,68,69,249,110,139,246,110,136,117,45,72,58,19,39,22,7,15,0,0,0,2,0,2,129,128,41,52,23,6,2,2,2,86,69,17,6,79,3,21,25
523106284,0,,,126,63,63,29,16,13,96,46,50,66,34,32,91,43,48,89,42,47,30,12,18,15,5,10,7,1,6,3,1,2,0,0,0,43,43,11,7,10,8,5,1,1,32,28,4,8,18,5,5,2
523106291,0,,,101,42,59,12,5,7,89,37,52,33,15,18,86,35,51,86,35,51,56,22,34,32,10,22,14,4,10,0,0,0,0,0,0,47,47,15,21,6,2,1,1,1,32,27,5,2,35,0,11,13
523106292,0,,,13,5,8,0,0,0,13,5,8,5,1,4,12,5,7,12,5,7,8,4,4,4,2,2,3,1,2,0,0,0,0,0,0,4,4,0,1,1,2,0,0,0,4,1,3,0,4,0,0,1
523106293,0,,,47,25,22,4,3,1,43,22,21,24,12,12,40,20,20,39,20,19,19,10,9,9,5,4,1,1,0,0,0,0,0,0,0,15,15,1,9,0,1,2,0,2,14,11,3,1,11,0,1,6
523106294,0,,,52,21,31,2,0,2,50,21,29,23,11,12,49,20,29,49,20,29,27,10,17,13,5,8,5,1,4,0,0,0,1,0,1,24,24,7,11,3,1,2,0,0,17,15,2,1,18,0,6,5
523106354,2,523106363,,8,5,3,*,*,*,*,*,*,*,*,*,*,*,*,*,*,*,*,*,*,*,*,*,*,*,*,*,*,*,*,*,*,5,5,*,*,*,*,*,*,*,*,*,*,*,*,*,*,*
523106361,0,,,485,215,270,95,47,48,357,153,204,232,112,120,350,150,200,347,149,198,125,41,84,99,30,69,59,11,48,11,2,9,2,0,2,167,166,53,45,27,23,13,4,1,103,93,10,32,35,14,5,11
523106362,0,,,389,202,187,93,47,46,265,137,128,246,127,119,256,132,124,254,132,122,19,10,9,8,4,4,4,2,2,0,0,0,0,0,0,170,170,60,49,22,30,9,0,0,100,97,3,41,9,12,0,5
523106363,1,,523106354,434,200,234,61,31,30,376,171,205,172,89,83,369,168,201,365,164,201,204,82,122,128,45,83,69,20,49,12,4,8,0,0,0,136,135,30,45,27,17,12,4,5,109,80,29,14,95,0,17,29
523106364,1,,523106462,646,312,334,87,47,40,540,255,285,371,181,190,524,249,275,517,247,270,169,74,95,78,29,49,32,12,20,0,0,0,17,2,15,298,298,115,93,45,26,14,4,2,176,150,26,28,118,30,40,31
523106371,0,,,29,12,17,12,4,8,17,8,9,12,5,7,17,8,9,17,8,9,5,3,2,2,1,1,2,1,1,1,1,0,0,0,0,9,9,1,4,1,2,0,0,1,8,8,0,3,4,0,1,2
523106372,0,,,346,167,179,32,16,16,308,149,159,178,90,88,296,143,153,288,139,149,130,59,71,64,29,35,19,7,12,0,0,0,0,0,0,136,136,23,54,32,19,5,3,0,111,96,15,11,85,1,15,28
523106373,0,,,95,44,51,14,5,9,81,39,42,49,24,25,81,39,42,81,39,42,32,15,17,15,5,10,9,4,5,0,0,0,0,0,0,41,41,12,16,7,3,1,1,1,27,23,4,4,23,0,9,4
523106374,0,,,535,241,294,69,29,40,459,207,252,259,112,147,450,205,245,443,203,240,200,95,105,86,39,47,26,11,15,2,0,2,1,0,1,226,225,60,92,39,16,10,8,0,164,134,30,23,133,1,29,51
523106381,0,,,176,79,97,14,9,5,162,70,92,85,39,46,160,70,90,158,70,88,77,31,46,42,14,28,18,6,12,1,0,1,0,0,0,77,76,21,28,19,7,1,0,0,54,46,8,5,46,0,12,18
523106382,1,,523106384,52,27,25,17,11,6,35,16,19,25,12,13,34,16,18,34,16,18,10,4,6,7,4,3,1,1,0,0,0,0,0,0,0,19,19,4,7,3,3,2,1,0,15,14,1,7,6,0,1,4
523106383,0,,,395,190,205,68,39,29,327,151,176,206,93,113,312,145,167,306,143,163,121,58,63,48,22,26,15,6,9,0,0,0,1,0,1,153,153,36,50,29,24,11,1,2,117,106,11,25,84,0,26,30
523106384,2,523106382,,3,2,1,*,*,*,*,*,*,*,*,*,*,*,*,*,*,*,*,*,*,*,*,*,*,*,*,*,*,*,*,*,*,1,1,*,*,*,*,*,*,*,*,*,*,*,*,*,*,*
523106391,0,,,72,37,35,8,5,3,64,32,32,36,18,18,63,32,31,62,32,30,28,14,14,13,6,7,5,3,2,0,0,0,1,0,1,31,31,7,15,5,2,1,0,1,24,20,4,3,18,0,3,8
523106392,0,,,216,105,111,19,12,7,194,92,102,94,48,46,193,92,101,190,91,99,100,44,56,47,18,29,15,4,11,2,1,1,2,1,1,94,94,26,35,21,7,3,0,2,67,51,16,2,66,0,17,22
523106393,0,,,378,158,220,18,8,10,359,149,210,106,51,55,355,147,208,354,147,207,253,98,155,185,61,124,116,30,86,22,0,22,1,0,1,83,79,24,26,15,10,2,0,2,55,41,14,6,44,5,12,15
523106394,0,,,38,20,18,6,5,1,32,15,17,13,3,10,30,15,15,30,15,15,19,12,7,5,3,2,3,1,2,0,0,0,0,0,0,15,15,6,5,1,0,1,1,1,9,6,3,1,12,1,4,3
523106462,2,523106364,,2,1,1,*,*,*,*,*,*,*,*,*,*,*,*,*,*,*,*,*,*,*,*,*,*,*,*,*,*,*,*,*,*,1,1,*,*,*,*,*,*,*,*,*,*,*,*,*,*,*
523106471,0,,,267,121,146,31,16,15,235,105,130,152,73,79,230,104,126,225,104,121,83,32,51,48,18,30,15,2,13,2,0,2,4,1,3,105,105,31,29,19,13,11,1,1,74,56,18,9,57,3,19,11
523106472,0,,,433,188,245,55,33,22,367,150,217,185,87,98,355,143,212,347,137,210,182,63,119,114,35,79,52,9,43,8,0,8,6,2,4,163,162,50,52,33,12,8,5,2,110,97,13,15,85,3,25,27
523106473,0,,,13,6,7,4,2,2,9,4,5,5,3,2,9,4,5,9,4,5,4,1,3,2,0,2,0,0,0,0,0,0,0,0,0,4,4,2,1,0,0,0,0,1,2,1,1,1,3,0,1,1
523106474,0,,,725,345,380,95,50,45,630,295,335,312,149,163,613,284,329,607,280,327,318,146,172,145,60,85,27,10,17,1,0,1,1,0,1,317,317,91,125,50,28,16,7,0,225,200,25,17,218,0,70,78
523106481,0,,,188,92,96,9,5,4,179,87,92,80,40,40,177,86,91,177,86,91,99,47,52,34,13,21,8,2,6,0,0,0,0,0,0,70,69,17,32,10,7,1,1,1,52,43,9,3,53,0,16,14
523106482,2,523106484,,11,4,7,*,*,*,*,*,*,*,*,*,*,*,*,*,*,*,*,*,*,*,*,*,*,*,*,*,*,*,*,*,*,3,3,*,*,*,*,*,*,*,*,*,*,*,*,*,*,*
523106483,0,,,667,294,373,79,40,39,578,251,327,359,156,203,550,245,305,544,242,302,219,95,124,82,32,50,21,9,12,3,2,1,2,1,1,272,272,56,108,61,29,12,6,0,213,192,21,12,147,1,37,50
523106484,1,,523106482,99,48,51,11,6,5,99,46,53,63,32,31,93,44,49,91,42,49,36,14,22,24,9,15,7,4,3,0,0,0,1,0,1,37,37,7,13,8,8,3,1,0,32,28,4,3,24,0,5,5
523106491,1,,523106492,122,65,57,9,5,4,112,59,53,64,38,26,108,56,52,104,53,51,48,21,27,15,5,10,5,2,3,1,0,1,0,0,0,52,52,15,19,9,7,3,0,0,37,30,7,0,29,2,6,10
523106492,2,523106491,,1,0,1,*,*,*,*,*,*,*,*,*,*,*,*,*,*,*,*,*,*,*,*,*,*,*,*,*,*,*,*,*,*,1,1,*,*,*,*,*,*,*,*,*,*,*,*,*,*,*
523106493,0,,,122,57,65,20,10,10,102,47,55,65,33,32,98,47,51,98,47,51,37,14,23,22,8,14,11,2,9,0,0,0,0,0,0,46,45,13,10,12,7,2,1,0,32,25,7,7,19,1,6,5
523106572,0,,,69,30,39,6,2,4,63,28,35,30,14,16,62,27,35,62,27,35,33,14,19,11,5,6,5,2,3,2,1,1,0,0,0,30,30,9,10,6,4,0,1,0,20,14,6,1,21,0,6,4
523106581,0,,,254,128,126,37,22,15,216,106,110,121,65,56,210,101,109,209,100,109,95,41,54,46,18,28,16,6,10,0,0,0,1,0,1,105,105,29,34,19,18,3,1,1,76,67,9,10,64,0,22,21
523106582,0,,,187,95,92,28,17,11,159,78,81,91,45,46,155,76,79,154,76,78,68,33,35,33,14,19,17,9,8,0,0,0,0,0,0,68,68,13,25,11,8,8,2,1,55,47,8,8,41,0,8,14
523106583,0,,,107,50,57,11,5,6,96,45,51,64,31,33,90,43,47,86,40,46,32,14,18,12,6,6,3,1,2,0,0,0,0,0,0,42,42,6,19,10,4,1,2,0,36,31,5,2,23,0,5,9
523106584,0,,,111,45,66,17,3,14,93,41,52,78,34,44,89,38,51,87,37,50,15,7,8,3,1,2,3,1,2,0,0,0,14,0,14,51,51,24,10,7,5,4,1,0,27,24,3,1,8,6,1,2
523106591,2,523106593,,9,4,5,*,*,*,*,*,*,*,*,*,*,*,*,*,*,*,*,*,*,*,*,*,*,*,*,*,*,*,*,*,*,6,6,*,*,*,*,*,*,*,*,*,*,*,*,*,*,*
523106593,1,,523106591;523106594,31,14,17,6,3,3,36,16,20,23,10,13,35,16,19,35,16,19,13,6,7,6,3,3,3,1,2,0,0,0,0,0,0,8,8,4,6,3,0,0,2,1,12,8,4,1,8,1,0,3
523106594,2,523106593,,4,2,2,*,*,*,*,*,*,*,*,*,*,*,*,*,*,*,*,*,*,*,*,*,*,*,*,*,*,*,*,*,*,2,2,*,*,*,*,*,*,*,*,*,*,*,*,*,*,*
523106681,0,,,28,16,12,4,4,0,24,12,12,20,11,9,23,11,12,22,10,12,4,1,3,0,0,0,0,0,0,0,0,0,0,0,0,10,10,2,2,3,2,1,0,0,8,7,1,2,3,0,1,0
523106682,0,,,161,72,89,19,11,8,142,61,81,69,34,35,137,58,79,133,56,77,73,27,46,29,4,25,17,2,15,3,0,3,2,1,1,66,65,22,23,9,6,4,1,0,43,35,8,6,39,0,15,14
523106684,0,,,109,54,55,11,6,5,98,48,50,58,28,30,92,46,46,89,45,44,40,20,20,23,12,11,6,3,3,1,0,1,1,0,1,45,45,13,16,7,5,2,1,1,32,26,6,3,26,0,9,9
523106691,0,,,115,52,63,19,9,10,96,43,53,53,20,33,93,42,51,93,42,51,43,23,20,21,10,11,8,3,5,0,0,0,0,0,0,45,45,8,19,8,6,3,1,0,36,31,5,4,29,0,5,15
523106692,0,,,21,9,12,2,1,1,19,8,11,7,2,5,19,8,11,19,8,11,12,6,6,4,2,2,2,1,1,0,0,0,0,0,0,8,8,1,2,4,1,0,0,0,7,3,4,1,7,0,0,2
523106693,0,,,224,86,138,11,3,8,212,82,130,86,43,43,208,79,129,206,78,128,126,39,87,90,22,68,60,14,46,10,2,8,1,0,1,91,90,37,31,14,5,2,0,1,53,46,7,3,60,0,31,13
523106791,0,,,44,19,25,4,1,3,40,18,22,12,7,5,40,18,22,40,18,22,28,11,17,8,4,4,4,1,3,0,0,0,0,0,0,20,20,5,10,4,0,0,0,1,15,14,1,1,18,0,5,6
523106793,2,523106794,,6,3,3,*,*,*,*,*,*,*,*,*,*,*,*,*,*,*,*,*,*,*,*,*,*,*,*,*,*,*,*,*,*,2,2,*,*,*,*,*,*,*,*,*,*,*,*,*,*,*
523106794,1,,523106793,136,65,71,8,5,3,134,63,71,63,31,32,131,61,70,129,60,69,71,32,39,44,18,26,16,7,9,1,0,1,0,0,0,57,57,18,19,10,5,6,1,0,41,27,14,2,48,0,15,12
523106892,0,,,30,13,17,3,0,3,27,13,14,10,4,6,27,13,14,27,13,14,17,9,8,4,1,3,3,0,3,1,0,1,0,0,0,12,12,4,2,5,0,0,0,1,8,3,5,1,10,0,3,2
523106894,0,,,125,60,65,3,0,3,122,60,62,50,30,20,119,59,60,118,59,59,72,30,42,37,10,27,18,3,15,1,0,1,0,0,0,56,56,20,17,8,9,1,1,0,36,25,11,0,48,1,17,8
523106992,0,,,77,38,39,9,5,4,68,33,35,33,17,16,64,30,34,63,30,33,35,16,19,16,8,8,7,3,4,2,1,1,0,0,0,33,33,11,11,2,7,2,0,0,22,17,5,1,22,0,7,6
523106994,0,,,57,29,28,1,0,1,55,29,26,24,14,10,55,29,26,55,29,26,31,15,16,10,3,7,7,2,5,1,1,0,0,0,0,26,26,5,14,4,3,0,0,0,21,20,1,0,20,0,3,9
523107001,0,,,46,20,26,7,5,2,39,15,24,24,9,15,37,15,22,36,15,21,15,6,9,8,3,5,6,2,4,1,0,1,0,0,0,17,17,3,6,3,4,0,1,0,14,11,3,2,10,0,2,4
523107002,0,,,50,26,24,2,1,1,48,25,23,28,17,11,45,22,23,45,22,23,20,8,12,10,4,6,2,1,1,0,0,0,0,0,0,15,15,2,3,3,5,1,0,1,12,8,4,1,12,0,1,1
523107003,0,,,76,40,36,10,6,4,66,34,32,41,22,19,63,32,31,62,32,30,25,12,13,15,7,8,0,0,0,0,0,0,2,2,0,27,27,6,8,6,2,3,1,1,21,17,4,1,16,0,4,2
523107011,1,,523107012;523107021,23,14,9,4,4,0,36,19,17,19,10,9,36,19,17,36,19,17,17,9,8,10,4,6,6,3,3,0,0,0,0,0,0,8,8,2,4,3,4,1,0,0,12,7,5,1,11,0,2,3
523107012,2,523107011,,7,3,4,*,*,*,*,*,*,*,*,*,*,*,*,*,*,*,*,*,*,*,*,*,*,*,*,*,*,*,*,*,*,3,3,*,*,*,*,*,*,*,*,*,*,*,*,*,*,*
523107021,2,523107011,,10,6,4,*,*,*,*,*,*,*,*,*,*,*,*,*,*,*,*,*,*,*,*,*,*,*,*,*,*,*,*,*,*,3,3,*,*,*,*,*,*,*,*,*,*,*,*,*,*,*
523107031,2,523107043,,7,4,3,*,*,*,*,*,*,*,*,*,*,*,*,*,*,*,*,*,*,*,*,*,*,*,*,*,*,*,*,*,*,3,3,*,*,*,*,*,*,*,*,*,*,*,*,*,*,*
523107043,1,,523107031;523107044,4,1,3,0,0,0,12,5,7,6,3,3,12,5,7,12,5,7,6,2,4,2,0,2,1,0,1,0,0,0,0,0,0,3,3,4,1,2,0,0,0,0,3,3,0,0,5,0,3,1
523107044,2,523107043,,1,0,1,*,*,*,*,*,*,*,*,*,*,*,*,*,*,*,*,*,*,*,*,*,*,*,*,*,*,*,*,*,*,1,1,*,*,*,*,*,*,*,*,*,*,*,*,*,*,*
523107053,1,,523107054;523107061,44,19,25,9,5,4,47,19,28,25,9,16,43,19,24,43,19,24,22,10,12,9,3,6,2,0,2,1,0,1,0,0,0,22,22,13,5,4,4,1,0,0,14,14,0,2,17,0,10,5
523107054,2,523107053,,10,3,7,*,*,*,*,*,*,*,*,*,*,*,*,*,*,*,*,*,*,*,*,*,*,*,*,*,*,*,*,*,*,3,3,*,*,*,*,*,*,*,*,*,*,*,*,*,*,*
523107061,2,523107053,,2,2,0,*,*,*,*,*,*,*,*,*,*,*,*,*,*,*,*,*,*,*,*,*,*,*,*,*,*,*,*,*,*,2,2,*,*,*,*,*,*,*,*,*,*,*,*,*,*,*
523107073,2,523107074,,3,1,2,*,*,*,*,*,*,*,*,*,*,*,*,*,*,*,*,*,*,*,*,*,*,*,*,*,*,*,*,*,*,1,1,*,*,*,*,*,*,*,*,*,*,*,*,*,*,*
523107074,1,,523107073,12,5,7,0,0,0,15,6,9,9,4,5,15,6,9,14,6,8,6,2,4,3,1,2,1,0,1,0,0,0,0,0,0,5,5,1,2,2,1,0,0,0,5,4,1,0,4,0,1,1
523107082,0,,,201,81,120,8,3,5,193,78,115,49,24,25,190,75,115,190,75,115,144,54,90,101,31,70,61,11,50,14,3,11,0,0,0,60,58,22,20,9,3,2,1,1,36,31,5,2,47,0,18,14
523107091,0,,,75,39,36,9,8,1,66,31,35,43,23,20,65,31,34,64,31,33,23,8,15,10,2,8,3,0,3,0,0,0,1,0,1,32,32,9,12,6,3,1,0,1,23,20,3,1,17,0,4,4
523107093,0,,,23,11,12,3,1,2,20,10,10,9,5,4,19,9,10,19,9,10,11,5,6,5,2,3,2,1,1,0,0,0,0,0,0,10,10,4,2,2,1,1,0,0,6,5,1,1,7,0,4,2
523107094,1,,523107194,30,14,16,1,0,1,33,16,17,15,8,7,32,16,16,32,16,16,18,8,10,12,5,7,7,4,3,0,0,0,1,0,1,15,15,5,7,2,1,1,0,0,11,9,2,0,12,0,4,5
523107103,2,523107201,,2,1,1,*,*,*,*,*,*,*,*,*,*,*,*,*,*,*,*,*,*,*,*,*,*,*,*,*,*,*,*,*,*,1,1,*,*,*,*,*,*,*,*,*,*,*,*,*,*,*
523107104,2,523107201,,5,2,3,*,*,*,*,*,*,*,*,*,*,*,*,*,*,*,*,*,*,*,*,*,*,*,*,*,*,*,*,*,*,2,2,*,*,*,*,*,*,*,*,*,*,*,*,*,*,*
523107113,2,523107202,,6,3,3,*,*,*,*,*,*,*,*,*,*,*,*,*,*,*,*,*,*,*,*,*,*,*,*,*,*,*,*,*,*,3,3,*,*,*,*,*,*,*,*,*,*,*,*,*,*,*
523107123,2,523107221,,9,4,5,*,*,*,*,*,*,*,*,*,*,*,*,*,*,*,*,*,*,*,*,*,*,*,*,*,*,*,*,*,*,2,2,*,*,*,*,*,*,*,*,*,*,*,*,*,*,*
523107131,2,523107141,,1,1,0,*,*,*,*,*,*,*,*,*,*,*,*,*,*,*,*,*,*,*,*,*,*,*,*,*,*,*,*,*,*,1,1,*,*,*,*,*,*,*,*,*,*,*,*,*,*,*
523107132,2,523107141,,4,3,1,*,*,*,*,*,*,*,*,*,*,*,*,*,*,*,*,*,*,*,*,*,*,*,*,*,*,*,*,*,*,2,2,*,*,*,*,*,*,*,*,*,*,*,*,*,*,*
523107141,1,,523107131;523107132,54,27,27,2,1,1,57,30,27,32,19,13,57,30,27,56,29,27,25,11,14,12,6,6,7,4,3,0,0,0,0,0,0,26,26,13,7,5,3,1,0,0,16,14,2,1,18,0,10,3
523107142,0,,,46,20,26,1,1,0,45,19,26,25,13,12,45,19,26,44,19,25,20,6,14,13,1,12,7,0,7,0,0,0,0,0,0,20,20,5,9,2,3,1,0,0,15,10,5,0,15,0,5,2
523107143,0,,,69,31,38,6,3,3,63,28,35,33,14,19,63,28,35,63,28,35,30,14,16,17,8,9,6,2,4,1,0,1,1,0,1,31,31,11,12,3,3,1,0,1,20,15,5,2,19,1,5,9
523107144,0,,,50,23,27,5,2,3,45,21,24,22,12,10,45,21,24,45,21,24,23,9,14,17,5,12,9,4,5,0,0,0,0,0,0,25,25,10,8,5,1,1,0,0,15,13,2,3,19,0,9,4
523107151,0,,,146,76,70,13,7,6,133,69,64,78,43,35,131,67,64,129,66,63,55,26,29,21,8,13,8,4,4,1,0,1,4,3,1,70,70,25,29,11,1,2,1,1,45,41,4,5,38,3,14,11
523107152,0,,,25,14,11,0,0,0,25,14,11,12,7,5,25,14,11,25,14,11,13,7,6,6,3,3,2,1,1,0,0,0,1,0,1,10,10,1,6,1,1,1,0,0,9,7,2,0,9,0,1,3
523107153,0,,,16,8,8,0,0,0,16,8,8,10,5,5,16,8,8,16,8,8,6,3,3,4,2,2,3,2,1,1,0,1,0,0,0,8,8,4,3,0,0,0,1,0,4,3,1,0,5,0,4,0
523107162,2,523107164,,9,3,6,*,*,*,*,*,*,*,*,*,*,*,*,*,*,*,*,*,*,*,*,*,*,*,*,*,*,*,*,*,*,3,3,*,*,*,*,*,*,*,*,*,*,*,*,*,*,*
523107164,1,,523107162,11,8,3,1,0,1,19,11,8,8,6,2,18,10,8,18,10,8,11,5,6,5,2,3,2,1,1,0,0,0,0,0,0,3,3,0,1,2,3,0,0,0,6,4,2,0,6,0,0,1
523107174,2,523107181,,7,5,2,*,*,*,*,*,*,*,*,*,*,*,*,*,*,*,*,*,*,*,*,*,*,*,*,*,*,*,*,*,*,4,4,*,*,*,*,*,*,*,*,*,*,*,*,*,*,*
523107181,1,,523107174;523107183;523107392,3,1,2,0,0,0,13,7,6,6,4,2,13,7,6,12,6,6,7,3,4,3,1,2,2,1,1,0,0,0,0,0,0,2,2,4,3,1,0,0,0,0,4,4,0,0,5,0,2,2
523107183,2,523107181,,1,1,0,*,*,*,*,*,*,*,*,*,*,*,*,*,*,*,*,*,*,*,*,*,*,*,*,*,*,*,*,*,*,1,1,*,*,*,*,*,*,*,*,*,*,*,*,*,*,*
523107194,2,523107094,,4,2,2,*,*,*,*,*,*,*,*,*,*,*,*,*,*,*,*,*,*,*,*,*,*,*,*,*,*,*,*,*,*,1,1,*,*,*,*,*,*,*,*,*,*,*,*,*,*,*
523107201,1,,523107103;523107104,3,2,1,0,0,0,10,5,5,4,2,2,10,5,5,10,5,5,6,3,3,1,0,1,1,0,1,0,0,0,0,0,0,2,2,1,3,1,0,0,0,0,4,4,0,0,4,0,1,2
523107202,1,,523107113;523107204,20,10,10,2,2,0,29,15,14,13,9,4,29,15,14,29,15,14,16,6,10,7,2,5,4,0,4,0,0,0,0,0,0,8,8,2,7,2,1,1,0,0,11,9,2,1,12,0,2,3
523107204,2,523107202,,5,4,1,*,*,*,*,*,*,*,*,*,*,*,*,*,*,*,*,*,*,*,*,*,*,*,*,*,*,*,*,*,*,2,2,*,*,*,*,*,*,*,*,*,*,*,*,*,*,*
523107211,2,523107214,,2,1,1,*,*,*,*,*,*,*,*,*,*,*,*,*,*,*,*,*,*,*,*,*,*,*,*,*,*,*,*,*,*,1,1,*,*,*,*,*,*,*,*,*,*,*,*,*,*,*
523107212,2,523107214,,1,0,1,*,*,*,*,*,*,*,*,*,*,*,*,*,*,*,*,*,*,*,*,*,*,*,*,*,*,*,*,*,*,1,1,*,*,*,*,*,*,*,*,*,*,*,*,*,*,*
523107213,2,523107214,,4,2,2,*,*,*,*,*,*,*,*,*,*,*,*,*,*,*,*,*,*,*,*,*,*,*,*,*,*,*,*,*,*,3,3,*,*,*,*,*,*,*,*,*,*,*,*,*,*,*
523107214,1,,523107211;523107212;523107213,4,2,2,0,0,0,11,5,6,3,1,2,11,5,6,11,5,6,8,4,4,5,2,3,0,0,0,0,0,0,0,0,0,2,2,3,4,0,0,0,0,0,4,4,0,0,6,0,2,4
523107221,1,,523107123;523107224,3,3,0,3,2,1,14,7,7,9,4,5,13,7,6,13,7,6,5,3,2,2,1,1,0,0,0,0,0,0,0,0,0,2,2,1,2,1,1,1,0,0,5,3,2,0,4,0,1,1
523107223,0,,,14,6,8,1,0,1,13,6,7,4,2,2,13,6,7,13,6,7,9,4,5,3,1,2,2,1,1,0,0,0,0,0,0,6,6,2,2,1,0,1,0,0,4,2,2,0,6,0,2,2
523107224,2,523107221,,5,2,3,*,*,*,*,*,*,*,*,*,*,*,*,*,*,*,*,*,*,*,*,*,*,*,*,*,*,*,*,*,*,2,2,*,*,*,*,*,*,*,*,*,*,*,*,*,*,*
523107232,1,,523107233,12,5,7,2,0,2,11,5,6,3,2,1,10,5,5,10,5,5,8,3,5,7,2,5,3,1,2,0,0,0,0,0,0,8,8,7,1,0,1,0,0,0,2,2,0,0,7,0,6,1
523107233,2,523107232,,1,0,1,*,*,*,*,*,*,*,*,*,*,*,*,*,*,*,*,*,*,*,*,*,*,*,*,*,*,*,*,*,*,1,1,*,*,*,*,*,*,*,*,*,*,*,*,*,*,*
523107242,1,,523107244,24,13,11,4,3,1,29,16,13,10,7,3,28,16,12,28,16,12,19,9,10,10,5,5,5,2,3,0,0,0,0,0,0,10,10,5,2,3,1,1,1,0,8,5,3,0,12,0,5,1
523107244,2,523107242,,9,6,3,*,*,*,*,*,*,*,*,*,*,*,*,*,*,*,*,*,*,*,*,*,*,*,*,*,*,*,*,*,*,3,3,*,*,*,*,*,*,*,*,*,*,*,*,*,*,*
523107251,2,523107253,,2,1,1,*,*,*,*,*,*,*,*,*,*,*,*,*,*,*,*,*,*,*,*,*,*,*,*,*,*,*,*,*,*,1,1,*,*,*,*,*,*,*,*,*,*,*,*,*,*,*
523107253,1,,523107251,26,12,14,6,4,2,22,9,13,8,4,4,22,9,13,22,9,13,14,5,9,5,2,3,2,0,2,1,0,1,0,0,0,7,7,1,2,3,1,0,0,1,7,3,4,1,8,0,1,1
523107254,1,,523107263;523107352;523107354,17,9,8,0,0,0,27,13,14,12,5,7,27,13,14,27,13,14,15,8,7,10,5,5,3,2,1,1,1,0,0,0,0,6,6,2,3,2,2,1,0,0,8,5,3,0,9,0,2,2
523107263,2,523107254,,6,2,4,*,*,*,*,*,*,*,*,*,*,*,*,*,*,*,*,*,*,*,*,*,*,*,*,*,*,*,*,*,*,2,2,*,*,*,*,*,*,*,*,*,*,*,*,*,*,*
523107272,2,523107362,,1,1,0,*,*,*,*,*,*,*,*,*,*,*,*,*,*,*,*,*,*,*,*,*,*,*,*,*,*,*,*,*,*,1,1,*,*,*,*,*,*,*,*,*,*,*,*,*,*,*
523107273,2,523107362,,3,2,1,*,*,*,*,*,*,*,*,*,*,*,*,*,*,*,*,*,*,*,*,*,*,*,*,*,*,*,*,*,*,2,2,*,*,*,*,*,*,*,*,*,*,*,*,*,*,*
523107274,2,523107362,,2,1,1,*,*,*,*,*,*,*,*,*,*,*,*,*,*,*,*,*,*,*,*,*,*,*,*,*,*,*,*,*,*,1,1,*,*,*,*,*,*,*,*,*,*,*,*,*,*,*
523107301,1,,523107302;523107303,11,4,7,2,2,0,17,7,10,11,6,5,16,7,9,16,7,9,6,1,5,4,1,3,1,0,1,0,0,0,0,0,0,6,6,3,2,1,1,1,0,0,5,3,2,0,5,0,2,1
523107302,2,523107301,,5,3,2,*,*,*,*,*,*,*,*,*,*,*,*,*,*,*,*,*,*,*,*,*,*,*,*,*,*,*,*,*,*,1,1,*,*,*,*,*,*,*,*,*,*,*,*,*,*,*
523107303,2,523107301,,3,2,1,*,*,*,*,*,*,*,*,*,*,*,*,*,*,*,*,*,*,*,*,*,*,*,*,*,*,*,*,*,*,1,1,*,*,*,*,*,*,*,*,*,*,*,*,*,*,*
523107304,0,,,23,10,13,8,3,5,15,7,8,10,5,5,14,6,8,14,6,8,5,2,3,2,0,2,1,0,1,0,0,0,0,0,0,7,7,1,1,3,0,1,1,0,6,4,2,0,4,0,1,1
523107311,2,523107313,,3,2,1,*,*,*,*,*,*,*,*,*,*,*,*,*,*,*,*,*,*,*,*,*,*,*,*,*,*,*,*,*,*,2,2,*,*,*,*,*,*,*,*,*,*,*,*,*,*,*
523107313,1,,523107311,56,25,31,3,1,2,56,26,30,21,12,9,56,26,30,56,26,30,35,14,21,22,8,14,8,4,4,2,1,1,0,0,0,22,22,8,5,5,4,2,0,0,16,10,6,0,20,0,6,4
523107322,2,523107323,,6,3,3,*,*,*,*,*,*,*,*,*,*,*,*,*,*,*,*,*,*,*,*,*,*,*,*,*,*,*,*,*,*,3,3,*,*,*,*,*,*,*,*,*,*,*,*,*,*,*
523107323,1,,523107322,8,4,4,0,0,0,14,7,7,5,3,2,14,7,7,13,6,7,9,4,5,7,4,3,3,2,1,0,0,0,0,0,0,3,3,0,5,0,1,0,0,0,6,5,1,0,6,0,0,3
523107324,0,,,23,12,11,2,1,1,21,11,10,15,8,7,21,11,10,21,11,10,6,3,3,5,3,2,3,2,1,0,0,0,0,0,0,9,9,3,2,2,0,2,0,0,6,4,2,0,5,0,2,0
523107331,2,523107333,,8,4,4,*,*,*,*,*,*,*,*,*,*,*,*,*,*,*,*,*,*,*,*,*,*,*,*,*,*,*,*,*,*,3,3,*,*,*,*,*,*,*,*,*,*,*,*,*,*,*
523107332,2,523107333,,4,1,3,*,*,*,*,*,*,*,*,*,*,*,*,*,*,*,*,*,*,*,*,*,*,*,*,*,*,*,*,*,*,2,2,*,*,*,*,*,*,*,*,*,*,*,*,*,*,*
523107333,1,,523107331;523107332;523107334,2,1,1,1,1,0,15,6,9,7,3,4,14,5,9,14,5,9,8,3,5,3,1,2,1,0,1,0,0,0,0,0,0,1,1,2,4,0,0,0,1,0,5,4,1,0,6,0,2,2
523107334,2,523107333,,2,1,1,*,*,*,*,*,*,*,*,*,*,*,*,*,*,*,*,*,*,*,*,*,*,*,*,*,*,*,*,*,*,1,1,*,*,*,*,*,*,*,*,*,*,*,*,*,*,*
523107352,2,523107254,,3,2,1,*,*,*,*,*,*,*,*,*,*,*,*,*,*,*,*,*,*,*,*,*,*,*,*,*,*,*,*,*,*,1,1,*,*,*,*,*,*,*,*,*,*,*,*,*,*,*
523107354,2,523107254,,1,0,1,*,*,*,*,*,*,*,*,*,*,*,*,*,*,*,*,*,*,*,*,*,*,*,*,*,*,*,*,*,*,1,1,*,*,*,*,*,*,*,*,*,*,*,*,*,*,*
523107361,2,523107362,,8,3,5,*,*,*,*,*,*,*,*,*,*,*,*,*,*,*,*,*,*,*,*,*,*,*,*,*,*,*,*,*,*,4,4,*,*,*,*,*,*,*,*,*,*,*,*,*,*,*
523107362,1,,523107272;523107273;523107274;523107361;523107363;523107372;523107493,5,2,3,1,1,0,21,10,11,10,4,6,21,10,11,21,10,11,11,6,5,5,2,3,2,2,0,0,0,0,1,0,1,2,2,6,5,2,0,0,0,0,7,5,2,0,9,0,5,2
523107363,2,523107362,,1,1,0,*,*,*,*,*,*,*,*,*,*,*,*,*,*,*,*,*,*,*,*,*,*,*,*,*,*,*,*,*,*,1,1,*,*,*,*,*,*,*,*,*,*,*,*,*,*,*
523107372,2,523107362,,1,0,1,*,*,*,*,*,*,*,*,*,*,*,*,*,*,*,*,*,*,*,*,*,*,*,*,*,*,*,*,*,*,1,1,*,*,*,*,*,*,*,*,*,*,*,*,*,*,*
523107392,2,523107181,,2,0,2,*,*,*,*,*,*,*,*,*,*,*,*,*,*,*,*,*,*,*,*,*,*,*,*,*,*,*,*,*,*,1,1,*,*,*,*,*,*,*,*,*,*,*,*,*,*,*
523107401,2,523107402,,2,1,1,*,*,*,*,*,*,*,*,*,*,*,*,*,*,*,*,*,*,*,*,*,*,*,*,*,*,*,*,*,*,1,1,*,*,*,*,*,*,*,*,*,*,*,*,*,*,*
523107402,1,,523107401;523107403,12,6,6,0,0,0,16,8,8,4,3,1,16,8,8,16,8,8,12,5,7,6,3,3,2,1,1,0,0,0,0,0,0,6,6,3,4,0,0,1,0,0,5,4,1,0,8,0,3,3
523107403,2,523107402,,2,1,1,*,*,*,*,*,*,*,*,*,*,*,*,*,*,*,*,*,*,*,*,*,*,*,*,*,*,*,*,*,*,1,1,*,*,*,*,*,*,*,*,*,*,*,*,*,*,*
523107404,0,,,10,4,6,0,0,0,10,4,6,6,3,3,10,4,6,10,4,6,4,1,3,3,1,2,0,0,0,0,0,0,0,0,0,4,4,0,3,0,1,0,0,0,4,3,1,0,3,0,0,1
523107411,1,,523107414,40,19,21,9,6,3,40,20,20,20,11,9,40,20,20,40,20,20,20,9,11,12,5,7,3,0,3,1,0,1,0,0,0,16,16,5,7,3,2,0,1,1,14,9,5,4,15,1,3,5
523107413,0,,,15,8,7,2,1,1,13,7,6,5,3,2,13,7,6,13,7,6,8,4,4,5,2,3,2,1,1,0,0,0,0,0,0,5,5,1,2,1,0,0,0,1,4,3,1,1,5,0,1,0
523107414,2,523107411,,9,7,2,*,*,*,*,*,*,*,*,*,*,*,*,*,*,*,*,*,*,*,*,*,*,*,*,*,*,*,*,*,*,3,3,*,*,*,*,*,*,*,*,*,*,*,*,*,*,*
523107422,1,,523107424,17,8,9,2,0,2,19,9,10,3,1,2,18,9,9,18,9,9,16,8,8,5,2,3,3,1,2,1,0,1,0,0,0,8,8,5,5,0,0,0,1,0,6,5,1,0,11,0,5,5
523107424,2,523107422,,4,1,3,*,*,*,*,*,*,*,*,*,*,*,*,*,*,*,*,*,*,*,*,*,*,*,*,*,*,*,*,*,*,3,3,*,*,*,*,*,*,*,*,*,*,*,*,*,*,*
523107431,2,523107433,,12,6,6,*,*,*,*,*,*,*,*,*,*,*,*,*,*,*,*,*,*,*,*,*,*,*,*,*,*,*,*,*,*,4,4,*,*,*,*,*,*,*,*,*,*,*,*,*,*,*
523107433,1,,523107431,5,2,3,3,0,3,14,8,6,10,6,4,14,8,6,14,8,6,4,2,2,4,2,2,2,1,1,0,0,0,0,0,0,2,2,1,1,3,0,1,0,0,5,4,1,0,3,0,1,0
523107493,2,523107362,,1,1,0,*,*,*,*,*,*,*,*,*,*,*,*,*,*,*,*,*,*,*,*,*,*,*,*,*,*,*,*,*,*,1,1,*,*,*,*,*,*,*,*,*,*,*,*,*,*,*
523107501,0,,,22,10,12,1,1,0,21,9,12,8,4,4,20,9,11,20,9,11,13,5,8,9,4,5,2,0,2,0,0,0,0,0,0,8,8,0,6,1,0,0,0,1,8,6,2,0,8,0,0,4
523107503,0,,,28,11,17,3,0,3,25,11,14,11,5,6,23,11,12,22,10,12,14,6,8,6,2,4,1,0,1,0,0,0,0,0,0,11,11,2,7,0,0,1,0,1,9,7,2,0,10,0,2,4
523107513,2,523107514,,11,3,8,*,*,*,*,*,*,*,*,*,*,*,*,*,*,*,*,*,*,*,*,*,*,*,*,*,*,*,*,*,*,6,6,*,*,*,*,*,*,*,*,*,*,*,*,*,*,*
523107514,1,,523107513,4,2,2,0,0,0,15,5,10,5,2,3,15,5,10,15,5,10,10,3,7,3,0,3,3,0,3,1,0,1,0,0,0,2,2,3,3,2,0,0,0,0,5,4,1,0,6,0,2,2
523107523,0,,,14,7,7,0,0,0,14,7,7,10,6,4,14,7,7,14,7,7,4,1,3,3,0,3,2,0,2,0,0,0,0,0,0,5,5,2,0,1,1,1,0,0,3,2,1,0,4,0,2,0
523107524,0,,,9,4,5,0,0,0,9,4,5,4,2,2,9,4,5,9,4,5,5,2,3,4,1,3,2,1,1,0,0,0,0,0,0,5,5,2,2,1,0,0,0,0,3,2,1,0,5,0,2,1
523107534,2,523107543,,7,4,3,*,*,*,*,*,*,*,*,*,*,*,*,*,*,*,*,*,*,*,*,*,*,*,*,*,*,*,*,*,*,3,3,*,*,*,*,*,*,*,*,*,*,*,*,*,*,*
523107542,2,523107543,,2,1,1,*,*,*,*,*,*,*,*,*,*,*,*,*,*,*,*,*,*,*,*,*,*,*,*,*,*,*,*,*,*,1,1,*,*,*,*,*,*,*,*,*,*,*,*,*,*,*
523107543,1,,523107534;523107542;523107544,4,2,2,0,0,0,14,7,7,4,2,2,14,7,7,14,7,7,10,5,5,8,4,4,4,3,1,1,1,0,0,0,0,2,2,2,4,0,1,0,0,0,5,3,2,0,7,0,2,2
523107544,2,523107543,,1,0,1,*,*,*,*,*,*,*,*,*,*,*,*,*,*,*,*,*,*,*,*,*,*,*,*,*,*,*,*,*,*,1,1,*,*,*,*,*,*,*,*,*,*,*,*,*,*,*
523107553,2,523107554,,8,4,4,*,*,*,*,*,*,*,*,*,*,*,*,*,*,*,*,*,*,*,*,*,*,*,*,*,*,*,*,*,*,2,2,*,*,*,*,*,*,*,*,*,*,*,*,*,*,*
523107554,1,,523107553;523107563,5,0,5,0,0,0,16,5,11,8,2,6,16,5,11,16,5,11,8,3,5,4,1,3,0,0,0,0,0,0,0,0,0,3,3,2,0,3,0,1,0,0,4,1,3,0,6,0,2,0
523107563,2,523107554,,3,1,2,*,*,*,*,*,*,*,*,*,*,*,*,*,*,*,*,*,*,*,*,*,*,*,*,*,*,*,*,*,*,1,1,*,*,*,*,*,*,*,*,*,*,*,*,*,*,*
523107584,2,523107794,,1,0,1,*,*,*,*,*,*,*,*,*,*,*,*,*,*,*,*,*,*,*,*,*,*,*,*,*,*,*,*,*,*,1,1,*,*,*,*,*,*,*,*,*,*,*,*,*,*,*
523107601,2,523107602,,6,2,4,*,*,*,*,*,*,*,*,*,*,*,*,*,*,*,*,*,*,*,*,*,*,*,*,*,*,*,*,*,*,3,3,*,*,*,*,*,*,*,*,*,*,*,*,*,*,*
523107602,1,,523107601;523107604,12,7,5,0,0,0,28,13,15,14,6,8,27,13,14,27,13,14,14,7,7,8,3,5,2,0,2,0,0,0,0,0,0,5,5,2,5,2,1,0,1,0,9,8,1,0,8,0,2,2
523107604,2,523107602,,10,4,6,*,*,*,*,*,*,*,*,*,*,*,*,*,*,*,*,*,*,*,*,*,*,*,*,*,*,*,*,*,*,3,3,*,*,*,*,*,*,*,*,*,*,*,*,*,*,*
523107611,1,,523107612,33,14,19,7,4,3,27,10,17,17,7,10,27,10,17,27,10,17,10,3,7,7,1,6,3,0,3,0,0,0,0,0,0,8,8,3,1,2,0,0,1,2,6,3,3,3,8,0,3,0
523107612,2,523107611,,1,0,1,*,*,*,*,*,*,*,*,*,*,*,*,*,*,*,*,*,*,*,*,*,*,*,*,*,*,*,*,*,*,1,1,*,*,*,*,*,*,*,*,*,*,*,*,*,*,*
523107621,2,523107622,,5,3,2,*,*,*,*,*,*,*,*,*,*,*,*,*,*,*,*,*,*,*,*,*,*,*,*,*,*,*,*,*,*,2,2,*,*,*,*,*,*,*,*,*,*,*,*,*,*,*
523107622,1,,523107621,10,3,7,0,0,0,15,6,9,5,2,3,15,6,9,15,6,9,10,4,6,6,3,3,1,1,0,0,0,0,0,0,0,5,5,1,4,2,0,0,0,0,6,6,0,0,6,0,0,3
523107631,2,523107633,,8,3,5,*,*,*,*,*,*,*,*,*,*,*,*,*,*,*,*,*,*,*,*,*,*,*,*,*,*,*,*,*,*,3,3,*,*,*,*,*,*,*,*,*,*,*,*,*,*,*
523107632,1,,523107634;523107641;523107642,13,8,5,0,0,0,21,10,11,13,9,4,21,10,11,21,10,11,8,1,7,7,1,6,1,0,1,0,0,0,0,0,0,5,5,3,1,2,1,0,1,0,5,2,3,0,7,0,2,0
523107633,1,,523107631,65,26,39,6,1,5,67,28,39,34,19,15,63,27,36,62,26,36,33,9,24,18,2,16,6,1,5,2,0,2,0,0,0,24,24,6,8,5,6,1,0,1,21,13,8,2,22,0,6,3
523107634,2,523107632,,6,2,4,*,*,*,*,*,*,*,*,*,*,*,*,*,*,*,*,*,*,*,*,*,*,*,*,*,*,*,*,*,*,1,1,*,*,*,*,*,*,*,*,*,*,*,*,*,*,*
523107641,2,523107632,,1,0,1,*,*,*,*,*,*,*,*,*,*,*,*,*,*,*,*,*,*,*,*,*,*,*,*,*,*,*,*,*,*,1,1,*,*,*,*,*,*,*,*,*,*,*,*,*,*,*
523107642,2,523107632,,1,0,1,*,*,*,*,*,*,*,*,*,*,*,*,*,*,*,*,*,*,*,*,*,*,*,*,*,*,*,*,*,*,1,1,*,*,*,*,*,*,*,*,*,*,*,*,*,*,*
523107682,2,523107782,,5,2,3,*,*,*,*,*,*,*,*,*,*,*,*,*,*,*,*,*,*,*,*,*,*,*,*,*,*,*,*,*,*,2,2,*,*,*,*,*,*,*,*,*,*,*,*,*,*,*
523107684,2,523107782,,1,0,1,*,*,*,*,*,*,*,*,*,*,*,*,*,*,*,*,*,*,*,*,*,*,*,*,*,*,*,*,*,*,1,1,*,*,*,*,*,*,*,*,*,*,*,*,*,*,*
523107693,2,523107782,,1,1,0,*,*,*,*,*,*,*,*,*,*,*,*,*,*,*,*,*,*,*,*,*,*,*,*,*,*,*,*,*,*,1,1,*,*,*,*,*,*,*,*,*,*,*,*,*,*,*
523107701,2,523107702,,2,1,1,*,*,*,*,*,*,*,*,*,*,*,*,*,*,*,*,*,*,*,*,*,*,*,*,*,*,*,*,*,*,1,1,*,*,*,*,*,*,*,*,*,*,*,*,*,*,*
523107702,1,,523107701,20,9,11,3,0,3,19,10,9,7,4,3,18,9,9,18,9,9,12,6,6,5,3,2,2,1,1,0,0,0,0,0,0,6,6,0,4,1,0,1,1,0,7,4,3,0,6,0,0,3
523107703,0,,,18,9,9,5,2,3,13,7,6,7,4,3,13,7,6,13,7,6,6,3,3,5,3,2,2,1,1,0,0,0,0,0,0,6,6,3,0,1,1,0,0,1,3,2,1,2,5,0,3,0
523107722,2,523107823,,6,2,4,*,*,*,*,*,*,*,*,*,*,*,*,*,*,*,*,*,*,*,*,*,*,*,*,*,*,*,*,*,*,1,1,*,*,*,*,*,*,*,*,*,*,*,*,*,*,*
523107723,2,523107823,,4,2,2,*,*,*,*,*,*,*,*,*,*,*,*,*,*,*,*,*,*,*,*,*,*,*,*,*,*,*,*,*,*,2,2,*,*,*,*,*,*,*,*,*,*,*,*,*,*,*
523107731,2,523107732,,2,2,0,*,*,*,*,*,*,*,*,*,*,*,*,*,*,*,*,*,*,*,*,*,*,*,*,*,*,*,*,*,*,1,1,*,*,*,*,*,*,*,*,*,*,*,*,*,*,*
523107732,1,,523107731;523107734;523107741;523107744,29,13,16,4,0,4,37,19,18,16,10,6,37,19,18,37,19,18,21,9,12,7,2,5,5,1,4,0,0,0,0,0,0,11,11,5,5,3,3,1,0,0,12,9,3,1,15,0,5,3
523107734,2,523107732,,6,2,4,*,*,*,*,*,*,*,*,*,*,*,*,*,*,*,*,*,*,*,*,*,*,*,*,*,*,*,*,*,*,2,2,*,*,*,*,*,*,*,*,*,*,*,*,*,*,*
523107741,2,523107732,,3,2,1,*,*,*,*,*,*,*,*,*,*,*,*,*,*,*,*,*,*,*,*,*,*,*,*,*,*,*,*,*,*,2,2,*,*,*,*,*,*,*,*,*,*,*,*,*,*,*
523107744,2,523107732,,1,0,1,*,*,*,*,*,*,*,*,*,*,*,*,*,*,*,*,*,*,*,*,*,*,*,*,*,*,*,*,*,*,1,1,*,*,*,*,*,*,*,*,*,*,*,*,*,*,*
523107773,2,523107782,,3,2,1,*,*,*,*,*,*,*,*,*,*,*,*,*,*,*,*,*,*,*,*,*,*,*,*,*,*,*,*,*,*,2,2,*,*,*,*,*,*,*,*,*,*,*,*,*,*,*
523107782,1,,523107682;523107684;523107693;523107773;523107784,8,4,4,1,0,1,25,10,15,7,3,4,25,10,15,25,10,15,18,7,11,11,3,8,6,1,5,0,0,0,0,0,0,4,4,7,4,1,2,0,0,0,7,5,2,1,12,0,6,2
523107784,2,523107782,,8,1,7,*,*,*,*,*,*,*,*,*,*,*,*,*,*,*,*,*,*,*,*,*,*,*,*,*,*,*,*,*,*,4,4,*,*,*,*,*,*,*,*,*,*,*,*,*,*,*
523107794,1,,523107584,13,7,6,0,0,0,14,7,7,7,4,3,14,7,7,14,7,7,7,3,4,4,2,2,2,0,2,1,0,1,0,0,0,7,7,3,4,1,0,0,0,0,5,5,0,0,5,0,2,1
523107803,0,,,14,6,8,1,1,0,13,5,8,5,2,3,13,5,8,13,5,8,8,3,5,4,1,3,2,0,2,0,0,0,0,0,0,6,6,2,2,0,2,0,0,0,4,2,2,1,6,0,2,1
523107822,2,523107823,,2,0,2,*,*,*,*,*,*,*,*,*,*,*,*,*,*,*,*,*,*,*,*,*,*,*,*,*,*,*,*,*,*,1,1,*,*,*,*,*,*,*,*,*,*,*,*,*,*,*
523107823,1,,523107722;523107723;523107822,13,5,8,3,1,2,22,8,14,11,5,6,21,7,14,21,7,14,11,3,8,8,2,6,3,1,2,0,0,0,0,0,0,4,4,0,4,2,0,1,1,0,8,4,4,0,8,0,0,1
523107824,0,,,22,12,10,3,2,1,19,10,9,8,5,3,17,8,9,17,8,9,11,5,6,4,1,3,1,0,1,0,0,0,0,0,0,9,9,4,0,2,3,0,0,0,5,2,3,0,8,0,4,0
523107831,2,523107841,,3,2,1,*,*,*,*,*,*,*,*,*,*,*,*,*,*,*,*,*,*,*,*,*,*,*,*,*,*,*,*,*,*,1,1,*,*,*,*,*,*,*,*,*,*,*,*,*,*,*
523107832,2,523107841,,9,5,4,*,*,*,*,*,*,*,*,*,*,*,*,*,*,*,*,*,*,*,*,*,*,*,*,*,*,*,*,*,*,2,2,*,*,*,*,*,*,*,*,*,*,*,*,*,*,*
523107841,1,,523107831;523107832;523107843;523107963,4,2,2,0,0,0,20,10,10,12,7,5,19,9,10,18,9,9,8,3,5,4,1,3,3,1,2,0,0,0,0,0,0,2,2,1,3,2,0,0,0,1,6,5,1,0,5,0,1,2
523107843,2,523107841,,3,1,2,*,*,*,*,*,*,*,*,*,*,*,*,*,*,*,*,*,*,*,*,*,*,*,*,*,*,*,*,*,*,1,1,*,*,*,*,*,*,*,*,*,*,*,*,*,*,*
523107884,2,523107894,,1,0,1,*,*,*,*,*,*,*,*,*,*,*,*,*,*,*,*,*,*,*,*,*,*,*,*,*,*,*,*,*,*,1,1,*,*,*,*,*,*,*,*,*,*,*,*,*,*,*
523107892,0,,,20,8,12,1,1,0,19,7,12,8,4,4,19,7,12,19,7,12,11,3,8,6,1,5,1,0,1,1,0,1,0,0,0,9,9,4,1,2,2,0,0,0,5,2,3,1,8,0,4,1
523107893,2,523107894,,9,2,7,*,*,*,*,*,*,*,*,*,*,*,*,*,*,*,*,*,*,*,*,*,*,*,*,*,*,*,*,*,*,3,3,*,*,*,*,*,*,*,*,*,*,*,*,*,*,*
523107894,1,,523107884;523107893,46,22,24,3,1,2,53,23,30,24,10,14,53,23,30,53,23,30,29,13,16,13,5,8,6,2,4,1,0,1,1,1,0,19,19,5,9,6,1,1,1,0,18,13,5,0,19,0,3,6
523107901,0,,,53,28,25,5,2,3,48,26,22,27,16,11,48,26,22,48,26,22,21,10,11,11,4,7,4,2,2,0,0,0,0,0,0,23,23,11,2,4,4,2,0,0,11,7,4,1,16,0,8,2
523107903,0,,,79,37,42,9,4,5,70,33,37,33,18,15,68,31,37,66,30,36,37,15,22,19,9,10,4,1,3,0,0,0,0,0,0,37,37,12,17,4,2,1,0,1,25,23,2,1,26,0,9,6
523107904,0,,,29,14,15,1,1,0,28,13,15,14,6,8,27,12,15,27,12,15,14,7,7,3,2,1,1,0,1,0,0,0,0,0,0,12,12,1,8,1,1,1,0,0,11,9,2,1,9,0,1,4
523107912,2,523107914,,6,2,4,*,*,*,*,*,*,*,*,*,*,*,*,*,*,*,*,*,*,*,*,*,*,*,*,*,*,*,*,*,*,3,3,*,*,*,*,*,*,*,*,*,*,*,*,*,*,*
523107913,2,523107914,,5,2,3,*,*,*,*,*,*,*,*,*,*,*,*,*,*,*,*,*,*,*,*,*,*,*,*,*,*,*,*,*,*,3,3,*,*,*,*,*,*,*,*,*,*,*,*,*,*,*
523107914,1,,523107912;523107913,28,14,14,1,1,0,38,17,21,18,9,9,37,17,20,37,17,20,20,8,12,11,3,8,4,1,3,0,0,0,0,0,0,14,14,8,8,1,3,0,0,0,12,11,1,0,15,0,7,4
523107921,2,523107922,,5,2,3,*,*,*,*,*,*,*,*,*,*,*,*,*,*,*,*,*,*,*,*,*,*,*,*,*,*,*,*,*,*,2,2,*,*,*,*,*,*,*,*,*,*,*,*,*,*,*
523107922,1,,523107921,5,3,2,0,0,0,10,5,5,4,3,1,9,4,5,9,4,5,6,2,4,4,2,2,1,0,1,0,0,0,0,0,0,2,2,0,2,2,0,0,0,0,4,3,1,0,4,0,0,1
523107923,2,523107924,,1,0,1,*,*,*,*,*,*,*,*,*,*,*,*,*,*,*,*,*,*,*,*,*,*,*,*,*,*,*,*,*,*,1,1,*,*,*,*,*,*,*,*,*,*,*,*,*,*,*
523107924,1,,523107923,23,13,10,2,2,0,22,11,11,16,10,6,22,11,11,22,11,11,6,1,5,3,0,3,2,0,2,1,0,1,0,0,0,7,7,2,1,1,3,1,0,0,6,4,2,1,5,0,2,0
523107932,2,523107933,,12,5,7,*,*,*,*,*,*,*,*,*,*,*,*,*,*,*,*,*,*,*,*,*,*,*,*,*,*,*,*,*,*,3,3,*,*,*,*,*,*,*,*,*,*,*,*,*,*,*
523107933,1,,523107932;523107941;523107944,24,12,12,4,3,1,40,18,22,20,9,11,40,18,22,38,18,20,20,9,11,12,5,7,6,1,5,0,0,0,0,0,0,7,7,1,2,4,3,0,1,1,11,3,8,1,11,0,1,2
523107941,2,523107933,,4,2,2,*,*,*,*,*,*,*,*,*,*,*,*,*,*,*,*,*,*,*,*,*,*,*,*,*,*,*,*,*,*,1,1,*,*,*,*,*,*,*,*,*,*,*,*,*,*,*
523107944,2,523107933,,4,2,2,*,*,*,*,*,*,*,*,*,*,*,*,*,*,*,*,*,*,*,*,*,*,*,*,*,*,*,*,*,*,1,1,*,*,*,*,*,*,*,*,*,*,*,*,*,*,*
523107963,2,523107841,,1,0,1,*,*,*,*,*,*,*,*,*,*,*,*,*,*,*,*,*,*,*,*,*,*,*,*,*,*,*,*,*,*,1,1,*,*,*,*,*,*,*,*,*,*,*,*,*,*,*
523107991,1,,523107992;523107993,7,5,2,2,2,0,13,8,5,6,3,3,13,8,5,13,8,5,7,5,2,3,2,1,1,1,0,0,0,0,0,0,0,2,2,3,0,2,0,0,1,0,3,1,2,0,6,0,3,0
523107992,2,523107991,,4,3,1,*,*,*,*,*,*,*,*,*,*,*,*,*,*,*,*,*,*,*,*,*,*,*,*,*,*,*,*,*,*,2,2,*,*,*,*,*,*,*,*,*,*,*,*,*,*,*
523107993,2,523107991,,4,2,2,*,*,*,*,*,*,*,*,*,*,*,*,*,*,*,*,*,*,*,*,*,*,*,*,*,*,*,*,*,*,2,2,*,*,*,*,*,*,*,*,*,*,*,*,*,*,*
523111112,0,,,109,52,57,0,0,0,109,52,57,21,13,8,109,52,57,109,52,57,88,39,49,48,24,24,12,5,7,1,0,1,0,0,0,65,65,29,30,4,2,0,0,0,36,31,5,0,54,1,19,27
523111114,0,,,74,39,35,5,3,2,69,36,33,33,21,12,69,36,33,69,36,33,36,15,21,19,7,12,8,5,3,0,0,0,0,0,0,46,46,23,18,5,0,0,0,0,23,22,1,2,26,1,10,8
523111121,0,,,118,50,68,5,3,2,113,47,66,24,11,13,113,47,66,113,47,66,89,36,53,53,19,34,17,6,11,1,0,1,0,0,0,63,63,21,34,4,3,1,0,0,42,37,5,2,57,1,17,25
523111123,0,,,164,91,73,15,6,9,147,83,64,92,58,34,147,83,64,147,83,64,55,25,30,27,12,15,9,4,5,0,0,0,0,0,0,98,98,52,34,6,4,2,0,0,46,44,2,7,37,3,12,17
523111204,2,523111313,,78,77,1,*,*,*,*,*,*,*,*,*,*,*,*,*,*,*,*,*,*,*,*,*,*,*,*,*,*,*,*,*,*,2,0,*,*,*,*,*,*,*,*,*,*,*,*,*,*,*
523111313,1,,523111204,80,36,44,0,0,0,158,113,45,95,85,10,158,113,45,158,113,45,63,28,35,31,12,19,12,3,9,0,0,0,0,0,0,40,40,12,19,6,3,0,0,0,27,18,9,0,36,0,10,16
523111314,0,,,36,20,16,0,0,0,36,20,16,12,8,4,36,20,16,36,20,16,24,12,12,9,3,6,4,1,3,1,0,1,0,0,0,18,18,5,10,1,2,0,0,0,13,10,3,0,14,2,1,8
523111411,2,523111412,,5,3,2,*,*,*,*,*,*,*,*,*,*,*,*,*,*,*,*,*,*,*,*,*,*,*,*,*,*,*,*,*,*,3,3,*,*,*,*,*,*,*,*,*,*,*,*,*,*,*
523111412,1,,523111411,25,11,14,0,0,0,30,14,16,6,3,3,30,14,16,30,14,16,24,11,13,12,4,8,5,2,3,0,0,0,0,0,0,13,13,5,8,3,0,0,0,0,11,9,2,0,14,0,4,7
523116092,0,,,28,17,11,8,6,2,20,11,9,14,8,6,18,9,9,18,9,9,6,3,3,5,2,3,2,2,0,0,0,0,0,0,0,8,8,2,1,2,1,0,1,1,6,4,2,3,5,0,2,1
523117001,0,,,148,68,80,23,10,13,118,55,63,66,33,33,111,50,61,107,48,59,52,22,30,24,12,12,4,0,4,0,0,0,0,0,0,61,54,15,17,7,8,3,4,0,39,32,7,3,36,0,13,10
523117002,0,,,82,35,47,2,1,1,80,34,46,39,20,19,79,33,46,79,33,46,41,14,27,33,9,24,11,4,7,1,0,1,0,0,0,35,34,11,14,4,3,2,0,0,23,19,4,0,23,0,9,5
523117004,0,,,57,30,27,13,7,6,44,23,21,24,14,10,43,23,20,43,23,20,20,9,11,11,6,5,3,2,1,0,0,0,0,0,0,20,20,3,8,3,2,3,1,0,17,14,3,4,14,0,2,5
523117011,0,,,15,8,7,0,0,0,15,8,7,4,4,0,15,8,7,15,8,7,11,4,7,4,2,2,2,1,1,1,0,1,0,0,0,8,8,4,2,1,1,0,0,0,4,3,1,0,8,0,4,1
523117013,0,,,139,70,69,11,10,1,128,60,68,60,32,28,126,59,67,125,58,67,68,28,40,37,15,22,11,4,7,0,0,0,0,0,0,59,59,14,27,9,5,2,1,1,45,38,7,2,43,0,11,14
523117014,0,,,54,25,29,3,1,2,51,24,27,21,13,8,49,23,26,47,21,26,30,11,19,11,2,9,5,1,4,1,0,1,0,0,0,27,27,9,12,5,0,0,1,0,18,14,4,0,21,0,6,6
523117021,2,523117022,,10,5,5,*,*,*,*,*,*,*,*,*,*,*,*,*,*,*,*,*,*,*,*,*,*,*,*,*,*,*,*,*,*,3,3,*,*,*,*,*,*,*,*,*,*,*,*,*,*,*
523117022,1,,523117021;523117023,54,28,26,9,6,3,60,30,30,30,17,13,60,30,30,60,30,30,30,13,17,11,4,7,5,1,4,0,0,0,0,0,0,20,20,7,8,7,2,2,0,1,20,15,5,2,18,0,4,3
523117023,2,523117022,,5,3,2,*,*,*,*,*,*,*,*,*,*,*,*,*,*,*,*,*,*,*,*,*,*,*,*,*,*,*,*,*,*,4,4,*,*,*,*,*,*,*,*,*,*,*,*,*,*,*
523117024,0,,,21,10,11,3,2,1,18,8,10,7,4,3,17,8,9,17,8,9,11,4,7,4,1,3,0,0,0,0,0,0,1,0,1,8,8,2,2,2,1,1,0,0,6,5,1,0,7,0,2,2
523117031,1,,523117032,27,14,13,3,2,1,25,12,13,11,4,7,22,11,11,22,11,11,14,8,6,6,3,3,3,1,2,0,0,0,0,0,0,10,10,3,5,1,0,1,0,1,8,5,3,1,8,0,1,3
523117032,2,523117031,,1,0,1,*,*,*,*,*,*,*,*,*,*,*,*,*,*,*,*,*,*,*,*,*,*,*,*,*,*,*,*,*,*,1,1,*,*,*,*,*,*,*,*,*,*,*,*,*,*,*
523117033,0,,,44,25,19,7,6,1,37,19,18,19,10,9,36,19,17,36,19,17,18,9,9,10,6,4,5,3,2,0,0,0,0,0,0,16,16,5,4,1,3,2,1,0,11,7,4,3,11,0,3,4
523117041,2,523117141,,3,3,0,*,*,*,*,*,*,*,*,*,*,*,*,*,*,*,*,*,*,*,*,*,*,*,*,*,*,*,*,*,*,2,2,*,*,*,*,*,*,*,*,*,*,*,*,*,*,*
523117042,2,523117141,,3,2,1,*,*,*,*,*,*,*,*,*,*,*,*,*,*,*,*,*,*,*,*,*,*,*,*,*,*,*,*,*,*,2,2,*,*,*,*,*,*,*,*,*,*,*,*,*,*,*
523117043,2,523117141,,4,2,2,*,*,*,*,*,*,*,*,*,*,*,*,*,*,*,*,*,*,*,*,*,*,*,*,*,*,*,*,*,*,2,2,*,*,*,*,*,*,*,*,*,*,*,*,*,*,*
523117073,1,,523117074,9,4,5,0,0,0,15,8,7,11,6,5,15,8,7,14,7,7,4,2,2,3,1,2,1,0,1,0,0,0,0,0,0,5,5,4,2,1,1,0,0,0,4,3,1,0,4,0,2,0
523117074,2,523117073,,6,4,2,*,*,*,*,*,*,*,*,*,*,*,*,*,*,*,*,*,*,*,*,*,*,*,*,*,*,*,*,*,*,3,3,*,*,*,*,*,*,*,*,*,*,*,*,*,*,*
523117084,0,,,25,15,10,4,4,0,21,11,10,10,5,5,20,11,9,20,11,9,11,6,5,3,1,2,2,1,1,1,0,1,1,0,1,11,11,5,2,2,0,2,0,0,6,4,2,1,8,0,4,1
523117091,2,523117092,,10,5,5,*,*,*,*,*,*,*,*,*,*,*,*,*,*,*,*,*,*,*,*,*,*,*,*,*,*,*,*,*,*,3,3,*,*,*,*,*,*,*,*,*,*,*,*,*,*,*
523117092,1,,523117091,29,13,16,2,1,1,37,17,20,16,8,8,36,16,20,34,15,19,21,9,12,10,3,7,4,2,2,1,0,1,0,0,0,13,13,4,7,2,2,0,0,1,12,10,2,1,12,0,4,5
523117093,0,,,24,11,13,1,1,0,23,10,13,14,7,7,23,10,13,23,10,13,9,3,6,5,1,4,2,0,2,0,0,0,0,0,0,9,9,1,2,5,1,0,0,0,8,4,4,0,5,0,1,1
523117111,1,,523117112,25,12,13,5,3,2,26,12,14,9,4,5,26,12,14,26,12,14,17,8,9,6,3,3,1,1,0,0,0,0,0,0,0,10,10,2,7,2,1,1,0,0,11,9,2,0,10,0,1,6
523117112,2,523117111,,6,3,3,*,*,*,*,*,*,*,*,*,*,*,*,*,*,*,*,*,*,*,*,*,*,*,*,*,*,*,*,*,*,3,3,*,*,*,*,*,*,*,*,*,*,*,*,*,*,*
523117132,0,,,32,14,18,0,0,0,32,14,18,11,5,6,32,14,18,31,13,18,21,9,12,7,2,5,3,1,2,0,0,0,0,0,0,13,13,2,6,2,3,0,0,0,11,7,4,0,13,0,2,5
523117134,0,,,15,10,5,2,1,1,13,9,4,11,8,3,12,9,3,12,9,3,2,1,1,1,0,1,0,0,0,0,0,0,1,0,1,9,9,6,2,0,0,1,0,0,3,3,0,0,2,4,0,0
523117141,1,,523117041;523117042;523117043;523117143,27,11,16,0,0,0,43,20,23,17,8,9,43,20,23,43,20,23,26,12,14,17,5,12,5,1,4,2,1,1,0,0,0,13,13,6,12,3,1,0,0,0,16,12,4,0,20,0,6,4
523117143,2,523117141,,6,2,4,*,*,*,*,*,*,*,*,*,*,*,*,*,*,*,*,*,*,*,*,*,*,*,*,*,*,*,*,*,*,3,3,*,*,*,*,*,*,*,*,*,*,*,*,*,*,*
523117151,2,523117251,,1,1,0,*,*,*,*,*,*,*,*,*,*,*,*,*,*,*,*,*,*,*,*,*,*,*,*,*,*,*,*,*,*,1,1,*,*,*,*,*,*,*,*,*,*,*,*,*,*,*
523117152,2,523117251,,1,1,0,*,*,*,*,*,*,*,*,*,*,*,*,*,*,*,*,*,*,*,*,*,*,*,*,*,*,*,*,*,*,1,1,*,*,*,*,*,*,*,*,*,*,*,*,*,*,*
523117153,2,523117251,,1,0,1,*,*,*,*,*,*,*,*,*,*,*,*,*,*,*,*,*,*,*,*,*,*,*,*,*,*,*,*,*,*,1,1,*,*,*,*,*,*,*,*,*,*,*,*,*,*,*
523117161,2,523117251,,6,2,4,*,*,*,*,*,*,*,*,*,*,*,*,*,*,*,*,*,*,*,*,*,*,*,*,*,*,*,*,*,*,2,2,*,*,*,*,*,*,*,*,*,*,*,*,*,*,*
523117163,2,523117251,,1,1,0,*,*,*,*,*,*,*,*,*,*,*,*,*,*,*,*,*,*,*,*,*,*,*,*,*,*,*,*,*,*,1,1,*,*,*,*,*,*,*,*,*,*,*,*,*,*,*
523117171,2,523117174,,1,0,1,*,*,*,*,*,*,*,*,*,*,*,*,*,*,*,*,*,*,*,*,*,*,*,*,*,*,*,*,*,*,1,1,*,*,*,*,*,*,*,*,*,*,*,*,*,*,*
523117172,0,,,8,4,4,0,0,0,8,4,4,5,3,2,8,4,4,8,4,4,3,1,2,1,0,1,1,0,1,0,0,0,0,0,0,4,4,2,0,2,0,0,0,0,2,2,0,0,2,1,1,0
523117173,2,523117174,,23,20,3,*,*,*,*,*,*,*,*,*,*,*,*,*,*,*,*,*,*,*,*,*,*,*,*,*,*,*,*,*,*,20,3,*,*,*,*,*,*,*,*,*,*,*,*,*,*,*
523117174,1,,523117171;523117173,14,7,7,2,1,1,36,26,10,25,20,5,36,26,10,36,26,10,11,6,5,5,2,3,0,0,0,0,0,0,2,2,0,7,7,6,3,1,0,0,1,0,5,4,1,0,6,3,2,2
523117181,2,523117183,,5,4,1,*,*,*,*,*,*,*,*,*,*,*,*,*,*,*,*,*,*,*,*,*,*,*,*,*,*,*,*,*,*,5,5,*,*,*,*,*,*,*,*,*,*,*,*,*,*,*
523117182,1,,523117184,22,13,9,2,1,1,28,17,11,12,8,4,28,17,11,28,17,11,16,9,7,7,5,2,4,3,1,0,0,0,0,0,0,10,10,5,2,4,1,1,0,0,8,6,2,1,9,0,4,1
523117183,1,,523117181;523117282;523117284;523117293,85,28,57,0,0,0,99,35,64,13,8,5,99,35,64,99,35,64,86,27,59,82,24,58,58,16,42,10,5,5,0,0,0,3,1,7,1,2,0,0,0,0,3,2,1,0,3,2,1,0
523117184,2,523117182,,8,5,3,*,*,*,*,*,*,*,*,*,*,*,*,*,*,*,*,*,*,*,*,*,*,*,*,*,*,*,*,*,*,3,3,*,*,*,*,*,*,*,*,*,*,*,*,*,*,*
523117191,0,,,17,7,10,3,2,1,14,5,9,8,3,5,14,5,9,14,5,9,6,2,4,3,0,3,3,0,3,1,0,1,0,0,0,5,5,1,0,3,0,0,0,1,4,2,2,1,4,0,1,0
523117212,1,,523117214,12,5,7,0,0,0,20,10,10,3,2,1,20,10,10,20,10,10,17,8,9,6,2,4,2,0,2,0,0,0,1,1,0,7,7,4,5,2,0,0,0,0,7,6,1,0,10,0,3,5
523117214,2,523117212,,8,5,3,*,*,*,*,*,*,*,*,*,*,*,*,*,*,*,*,*,*,*,*,*,*,*,*,*,*,*,*,*,*,4,4,*,*,*,*,*,*,*,*,*,*,*,*,*,*,*
523117224,0,,,54,24,30,5,2,3,49,22,27,25,12,13,47,21,26,47,21,26,24,10,14,14,6,8,4,3,1,0,0,0,0,0,0,25,25,7,11,4,2,1,0,0,18,14,4,1,16,0,5,6
523117231,0,,,10,6,4,1,1,0,9,5,4,6,4,2,9,5,4,8,4,4,3,1,2,2,0,2,0,0,0,0,0,0,0,0,0,5,5,2,2,0,1,0,0,0,3,3,0,0,3,0,2,0
523117232,0,,,60,30,30,6,2,4,54,28,26,31,15,16,47,23,24,46,22,24,23,13,10,12,4,8,5,2,3,1,1,0,0,0,0,25,25,9,9,2,1,2,1,1,16,12,4,3,18,0,8,4
523117233,0,,,202,94,108,11,7,4,191,87,104,86,43,43,185,84,101,184,84,100,105,44,61,51,17,34,16,3,13,0,0,0,1,0,1,100,100,45,34,10,4,3,2,2,54,43,11,3,74,0,35,20
523117234,0,,,166,70,96,7,3,4,159,67,92,35,21,14,157,65,92,157,65,92,124,46,78,97,32,65,63,17,46,16,2,14,1,0,1,37,36,9,14,8,2,1,2,0,27,21,6,1,28,0,5,10
523117241,0,,,130,63,67,6,3,3,124,60,64,42,23,19,120,58,62,120,58,62,82,37,45,62,27,35,30,9,21,4,0,4,0,0,0,36,35,9,13,8,3,2,0,0,26,21,5,1,23,0,7,5
523117242,0,,,131,64,67,31,15,16,100,49,51,83,42,41,97,47,50,94,47,47,17,7,10,10,5,5,3,1,2,0,0,0,0,0,0,45,45,6,14,9,10,6,0,0,39,33,6,8,13,0,1,3
523117244,0,,,194,151,43,30,18,12,158,128,30,158,128,30,156,127,29,152,124,28,0,0,0,0,0,0,0,0,0,0,0,0,0,0,0,134,134,107,8,8,8,3,0,0,26,26,0,14,0,40,0,0
523117251,1,,523117151;523117152;523117153;523117161;523117163,9,4,5,1,1,0,18,8,10,9,3,6,17,8,9,17,8,9,9,5,4,4,2,2,2,1,1,0,0,0,0,0,0,2,2,4,1,0,2,1,0,0,4,1,3,0,7,0,4,1
523117252,2,523117254,,11,4,7,*,*,*,*,*,*,*,*,*,*,*,*,*,*,*,*,*,*,*,*,*,*,*,*,*,*,*,*,*,*,3,3,*,*,*,*,*,*,*,*,*,*,*,*,*,*,*
523117254,1,,523117252,10,5,5,0,0,0,21,9,12,11,5,6,21,9,12,21,9,12,10,4,6,4,0,4,1,0,1,0,0,0,0,0,0,6,6,2,4,2,0,1,0,0,7,5,2,0,8,0,2,2
523117261,2,523117264,,4,1,3,*,*,*,*,*,*,*,*,*,*,*,*,*,*,*,*,*,*,*,*,*,*,*,*,*,*,*,*,*,*,2,2,*,*,*,*,*,*,*,*,*,*,*,*,*,*,*
523117262,0,,,68,27,41,15,4,11,53,23,30,38,17,21,53,23,30,52,22,30,15,6,9,8,3,5,1,0,1,0,0,0,0,0,0,28,28,10,9,4,1,2,1,1,18,17,1,5,10,1,3,4
523117264,1,,523117261,346,221,125,54,29,25,228,125,103,154,89,65,220,122,98,217,120,97,74,36,38,29,12,17,11,4,7,0,0,0,4,4,0,191,99,27,34,13,16,8,1,2,74,64,10,14,44,2,13,15
523117271,2,523117273,,18,11,7,*,*,*,*,*,*,*,*,*,*,*,*,*,*,*,*,*,*,*,*,*,*,*,*,*,*,*,*,*,*,1,0,*,*,*,*,*,*,*,*,*,*,*,*,*,*,*
523117273,1,,523117271,17,10,7,13,7,6,22,14,8,19,12,7,15,8,7,14,8,6,3,2,1,1,0,1,0,0,0,0,0,0,0,0,0,8,8,2,4,1,1,0,0,0,6,6,0,1,3,0,2,0
523117282,2,523117183,,6,2,4,*,*,*,*,*,*,*,*,*,*,*,*,*,*,*,*,*,*,*,*,*,*,*,*,*,*,*,*,*,*,2,2,*,*,*,*,*,*,*,*,*,*,*,*,*,*,*
523117284,2,523117183,,2,1,1,*,*,*,*,*,*,*,*,*,*,*,*,*,*,*,*,*,*,*,*,*,*,*,*,*,*,*,*,*,*,1,1,*,*,*,*,*,*,*,*,*,*,*,*,*,*,*
523117293,2,523117183,,1,0,1,*,*,*,*,*,*,*,*,*,*,*,*,*,*,*,*,*,*,*,*,*,*,*,*,*,*,*,*,*,*,1,1,*,*,*,*,*,*,*,*,*,*,*,*,*,*,*
523117341,0,,,22,22,0,0,0,0,22,22,0,21,21,0,22,22,0,20,20,0,1,1,0,0,0,0,0,0,0,0,0,0,0,0,0,22,0,0,0,0,0,0,0,0,0,0,0,0,0,0,0,0
523117343,1,,523117344,459,400,59,12,6,6,412,358,54,332,312,20,409,355,54,406,352,54,80,46,34,35,14,21,14,3,11,0,0,0,50,50,0,394,62,26,22,7,3,4,1,0,36,31,5,3,42,5,14,9
523117344,2,523117343,,2,1,1,*,*,*,*,*,*,*,*,*,*,*,*,*,*,*,*,*,*,*,*,*,*,*,*,*,*,*,*,*,*,1,1,*,*,*,*,*,*,*,*,*,*,*,*,*,*,*
523117351,1,,523117352,240,117,123,24,9,15,214,106,108,104,55,49,209,105,104,207,103,104,110,51,59,45,18,27,11,4,7,1,1,0,0,0,0,99,99,28,38,14,10,5,4,1,72,61,11,5,69,2,13,22
523117352,2,523117351,,2,1,1,*,*,*,*,*,*,*,*,*,*,*,*,*,*,*,*,*,*,*,*,*,*,*,*,*,*,*,*,*,*,1,1,*,*,*,*,*,*,*,*,*,*,*,*,*,*,*
523117353,0,,,99,84,15,2,1,1,79,66,13,79,66,13,78,65,13,72,61,11,0,0,0,0,0,0,0,0,0,0,0,0,8,7,1,89,89,82,4,3,0,0,0,0,6,6,0,2,0,27,0,0
523117354,0,,,12,12,0,0,0,0,9,9,0,9,9,0,9,9,0,9,9,0,0,0,0,0,0,0,0,0,0,0,0,0,0,0,0,12,12,12,0,0,0,0,0,0,0,0,0,0,0,1,0,0
523117361,0,,,109,56,53,8,5,3,94,46,48,74,35,39,92,46,46,88,45,43,20,11,9,4,1,3,2,0,2,0,0,0,0,0,0,76,76,61,4,7,1,3,0,0,15,12,3,2,14,20,5,1
523117362,0,,,59,29,30,5,1,4,54,28,26,51,26,25,52,28,24,41,23,18,3,2,1,3,2,1,0,0,0,0,0,0,1,0,1,48,47,42,3,2,0,0,0,0,5,5,0,1,2,24,1,1
523117363,0,,,81,37,44,3,2,1,78,35,43,35,18,17,77,35,42,76,35,41,43,17,26,23,10,13,9,2,7,1,1,0,0,0,0,34,34,9,11,10,2,0,2,0,25,16,9,0,26,0,6,4
523117371,0,,,334,157,177,36,15,21,297,141,156,155,89,66,287,136,151,284,135,149,142,52,90,81,25,56,38,8,30,3,2,1,2,0,2,140,140,41,58,17,7,12,2,3,99,77,22,10,95,1,25,27
523117373,0,,,64,30,34,2,0,2,62,30,32,27,13,14,62,30,32,62,30,32,35,17,18,14,8,6,5,2,3,0,0,0,0,0,0,29,29,8,11,8,1,0,1,0,21,17,4,0,21,0,4,4
523117382,2,523117384,,6,4,2,*,*,*,*,*,*,*,*,*,*,*,*,*,*,*,*,*,*,*,*,*,*,*,*,*,*,*,*,*,*,4,4,*,*,*,*,*,*,*,*,*,*,*,*,*,*,*
523117383,2,523117384,,4,2,2,*,*,*,*,*,*,*,*,*,*,*,*,*,*,*,*,*,*,*,*,*,*,*,*,*,*,*,*,*,*,2,2,*,*,*,*,*,*,*,*,*,*,*,*,*,*,*
523117384,1,,523117382;523117383,8,4,4,0,0,0,18,10,8,9,5,4,17,10,7,17,10,7,9,5,4,1,0,1,0,0,0,0,0,0,0,0,0,2,2,2,4,1,0,1,0,0,6,5,1,0,6,0,2,2
523117391,2,523117394,,4,3,1,*,*,*,*,*,*,*,*,*,*,*,*,*,*,*,*,*,*,*,*,*,*,*,*,*,*,*,*,*,*,1,1,*,*,*,*,*,*,*,*,*,*,*,*,*,*,*
523117393,2,523117394,,3,2,1,*,*,*,*,*,*,*,*,*,*,*,*,*,*,*,*,*,*,*,*,*,*,*,*,*,*,*,*,*,*,2,2,*,*,*,*,*,*,*,*,*,*,*,*,*,*,*
523117394,1,,523117391;523117393,4,2,2,0,0,0,11,7,4,4,4,0,11,7,4,11,7,4,7,3,4,4,1,3,4,1,3,0,0,0,0,0,0,2,2,1,3,0,1,0,0,0,4,4,0,0,4,0,0,1
523117442,0,,,257,116,141,17,10,7,240,106,134,111,52,59,238,105,133,234,102,132,129,54,75,71,26,45,26,9,17,1,1,0,7,1,6,127,127,52,42,21,7,3,0,2,74,58,16,2,95,2,37,24
523117444,0,,,26,14,12,4,3,1,22,11,11,9,5,4,21,11,10,21,11,10,13,6,7,6,3,3,1,1,0,0,0,0,0,0,0,13,11,3,6,0,1,1,0,0,8,8,0,1,8,0,3,5
523117451,0,,,101,82,19,8,6,2,74,57,17,61,49,12,73,56,17,70,53,17,13,8,5,2,2,0,0,0,0,0,0,0,0,0,0,77,77,67,4,0,4,2,0,0,10,8,2,4,8,14,2,3
523117452,0,,,69,39,30,9,4,5,57,32,25,45,25,20,54,30,24,49,28,21,12,7,5,5,2,3,2,0,2,1,0,1,9,3,6,43,43,33,3,3,1,2,0,1,10,6,4,2,9,14,4,2
523117453,0,,,200,87,113,23,13,10,177,74,103,83,39,44,172,72,100,172,72,100,94,35,59,47,16,31,15,3,12,2,1,1,1,0,1,92,92,34,32,13,7,2,3,1,58,47,11,4,70,0,28,19
523117454,0,,,78,37,41,10,7,3,68,30,38,42,19,23,66,29,37,65,28,37,26,11,15,14,7,7,4,2,2,0,0,0,0,0,0,32,32,9,11,5,4,2,1,0,23,19,4,3,18,0,6,4
523117461,0,,,14,8,6,0,0,0,13,8,5,11,7,4,13,8,5,8,7,1,2,1,1,0,0,0,0,0,0,0,0,0,0,0,0,11,11,10,0,0,1,0,0,0,1,0,1,0,1,3,0,0
523117462,0,,,45,23,22,4,3,1,39,19,20,19,10,9,39,19,20,39,19,20,20,9,11,9,3,6,4,1,3,0,0,0,1,0,1,26,26,11,11,4,0,0,0,0,15,15,0,1,14,0,6,3
523117463,0,,,30,18,12,0,0,0,20,13,7,16,11,5,20,13,7,15,10,5,4,2,2,2,0,2,2,0,2,1,0,1,0,0,0,27,27,24,3,0,0,0,0,0,3,2,1,0,3,6,0,1
523117464,0,,,112,61,51,9,6,3,88,47,41,55,32,23,86,46,40,86,46,40,33,15,18,22,8,14,8,1,7,1,0,1,0,0,0,64,64,38,16,3,4,2,0,1,26,21,5,1,22,9,5,5
523117471,1,,523117474,92,40,52,15,7,8,76,33,43,42,20,22,72,32,40,71,31,40,34,13,21,18,7,11,5,1,4,0,0,0,0,0,0,39,39,15,13,4,3,3,1,1,25,20,5,1,22,2,5,7
523117473,0,,,56,28,28,5,1,4,49,25,24,29,16,13,46,25,21,46,25,21,20,9,11,10,4,6,2,0,2,0,0,0,0,0,0,25,25,9,9,4,2,0,0,1,16,13,3,0,15,1,3,5
523117474,2,523117471,,1,1,0,*,*,*,*,*,*,*,*,*,*,*,*,*,*,*,*,*,*,*,*,*,*,*,*,*,*,*,*,*,*,1,1,*,*,*,*,*,*,*,*,*,*,*,*,*,*,*
523117491,1,,523117492;523117494,12,6,6,2,1,1,21,10,11,7,5,2,19,8,11,19,8,11,14,5,9,6,2,4,2,1,1,0,0,0,0,0,0,6,6,3,5,0,1,0,1,0,7,5,2,1,10,0,3,3
523117492,2,523117491,,2,1,1,*,*,*,*,*,*,*,*,*,*,*,*,*,*,*,*,*,*,*,*,*,*,*,*,*,*,*,*,*,*,1,1,*,*,*,*,*,*,*,*,*,*,*,*,*,*,*
523117494,2,523117491,,9,4,5,*,*,*,*,*,*,*,*,*,*,*,*,*,*,*,*,*,*,*,*,*,*,*,*,*,*,*,*,*,*,3,3,*,*,*,*,*,*,*,*,*,*,*,*,*,*,*
523117552,2,523117554,,10,5,5,*,*,*,*,*,*,*,*,*,*,*,*,*,*,*,*,*,*,*,*,*,*,*,*,*,*,*,*,*,*,3,3,*,*,*,*,*,*,*,*,*,*,*,*,*,*,*
523117554,1,,523117552,5,2,3,3,2,1,12,5,7,6,3,3,12,5,7,12,5,7,6,2,4,5,2,3,2,0,2,1,0,1,0,0,0,3,3,1,3,1,0,1,0,0,5,4,1,1,4,0,1,1
523117561,0,,,52,26,26,3,1,2,49,25,24,22,13,9,49,25,24,48,24,24,27,12,15,17,7,10,5,2,3,0,0,0,0,0,0,23,23,4,11,6,2,0,0,0,19,16,3,1,16,0,2,9
523117562,0,,,315,147,168,38,20,18,271,124,147,134,71,63,265,120,145,263,119,144,137,53,84,90,31,59,43,12,31,8,1,7,0,0,0,138,137,54,49,15,10,6,2,1,83,74,9,10,76,5,26,24
523117563,0,,,33,16,17,1,0,1,32,16,16,20,12,8,32,16,16,32,16,16,12,4,8,6,2,4,2,0,2,0,0,0,0,0,0,17,17,7,5,4,1,0,0,0,10,9,1,0,9,0,4,3
523117564,0,,,50,26,24,3,1,2,47,25,22,21,13,8,46,24,22,45,23,22,26,12,14,13,5,8,9,3,6,0,0,0,0,0,0,24,24,9,8,3,4,0,0,0,15,12,3,1,15,0,4,5
523117571,0,,,24,12,12,4,3,1,20,9,11,14,7,7,19,9,10,19,9,10,6,2,4,2,1,1,1,1,0,0,0,0,0,0,0,10,10,4,2,2,1,0,1,0,6,5,1,1,5,0,2,0
523117572,2,523117574,,10,6,4,*,*,*,*,*,*,*,*,*,*,*,*,*,*,*,*,*,*,*,*,*,*,*,*,*,*,*,*,*,*,3,3,*,*,*,*,*,*,*,*,*,*,*,*,*,*,*
523117574,1,,523117572,14,6,8,0,0,0,24,12,12,12,8,4,24,12,12,24,12,12,12,4,8,8,3,5,4,2,2,0,0,0,0,0,0,8,8,3,4,3,1,0,0,0,8,7,1,0,8,1,1,1
523117581,2,523117583,,5,2,3,*,*,*,*,*,*,*,*,*,*,*,*,*,*,*,*,*,*,*,*,*,*,*,*,*,*,*,*,*,*,2,2,*,*,*,*,*,*,*,*,*,*,*,*,*,*,*
523117582,2,523117583,,7,2,5,*,*,*,*,*,*,*,*,*,*,*,*,*,*,*,*,*,*,*,*,*,*,*,*,*,*,*,*,*,*,1,1,*,*,*,*,*,*,*,*,*,*,*,*,*,*,*
523117583,1,,523117581;523117582;523117584,13,5,8,4,1,3,30,15,15,17,10,7,30,15,15,30,15,15,13,5,8,7,3,4,4,1,3,1,1,0,0,0,0,5,5,5,1,2,2,0,1,1,7,4,3,2,10,0,4,1
523117584,2,523117583,,9,7,2,*,*,*,*,*,*,*,*,*,*,*,*,*,*,*,*,*,*,*,*,*,*,*,*,*,*,*,*,*,*,4,4,*,*,*,*,*,*,*,*,*,*,*,*,*,*,*
523117592,1,,523117594,6,3,3,0,0,0,10,4,6,2,1,1,10,4,6,10,4,6,8,3,5,6,3,3,1,0,1,0,0,0,0,0,0,2,2,0,3,0,1,0,0,0,4,3,1,0,4,0,0,2
523117594,2,523117592,,4,1,3,*,*,*,*,*,*,*,*,*,*,*,*,*,*,*,*,*,*,*,*,*,*,*,*,*,*,*,*,*,*,2,2,*,*,*,*,*,*,*,*,*,*,*,*,*,*,*
523117661,0,,,163,79,84,15,8,7,148,71,77,97,50,47,144,70,74,143,69,74,51,21,30,29,13,16,6,1,5,1,0,1,0,0,0,67,67,14,29,12,7,4,0,1,53,45,8,5,33,0,8,10
523117662,0,,,79,39,40,5,3,2,74,36,38,38,22,16,72,36,36,70,35,35,36,14,22,19,6,13,5,1,4,0,0,0,0,0,0,29,29,5,10,8,2,3,0,1,24,16,8,1,23,0,3,7
523117663,0,,,80,39,41,6,3,3,74,36,38,28,17,11,74,36,38,74,36,38,46,19,27,25,8,17,15,5,10,1,0,1,0,0,0,32,32,9,10,7,4,0,1,1,23,15,8,2,28,0,7,7
523117664,0,,,22,10,12,2,1,1,20,9,11,9,4,5,20,9,11,20,9,11,11,5,6,4,2,2,1,0,1,0,0,0,0,0,0,8,8,1,3,2,1,1,0,0,7,5,2,1,5,0,0,2
523117671,2,523117673,,8,4,4,*,*,*,*,*,*,*,*,*,*,*,*,*,*,*,*,*,*,*,*,*,*,*,*,*,*,*,*,*,*,2,2,*,*,*,*,*,*,*,*,*,*,*,*,*,*,*
523117672,2,523117673,,1,1,0,*,*,*,*,*,*,*,*,*,*,*,*,*,*,*,*,*,*,*,*,*,*,*,*,*,*,*,*,*,*,1,1,*,*,*,*,*,*,*,*,*,*,*,*,*,*,*
523117673,1,,523117671;523117672;523117674,20,10,10,1,0,1,31,17,14,10,6,4,31,17,14,31,17,14,21,11,10,11,6,5,7,4,3,0,0,0,1,0,1,10,10,4,5,3,1,1,0,0,10,8,2,1,12,0,3,4
523117674,2,523117673,,3,2,1,*,*,*,*,*,*,*,*,*,*,*,*,*,*,*,*,*,*,*,*,*,*,*,*,*,*,*,*,*,*,1,1,*,*,*,*,*,*,*,*,*,*,*,*,*,*,*
523117682,2,523117693,,5,2,3,*,*,*,*,*,*,*,*,*,*,*,*,*,*,*,*,*,*,*,*,*,*,*,*,*,*,*,*,*,*,1,1,*,*,*,*,*,*,*,*,*,*,*,*,*,*,*
523117684,2,523117693,,9,3,6,*,*,*,*,*,*,*,*,*,*,*,*,*,*,*,*,*,*,*,*,*,*,*,*,*,*,*,*,*,*,2,2,*,*,*,*,*,*,*,*,*,*,*,*,*,*,*
523117691,1,,523117692;523117694,23,13,10,4,4,0,33,17,16,21,12,9,32,16,16,31,15,16,12,5,7,5,3,2,2,1,1,0,0,0,0,0,0,8,8,2,2,5,1,1,0,1,10,6,4,2,9,0,2,0
523117692,2,523117691,,3,2,1,*,*,*,*,*,*,*,*,*,*,*,*,*,*,*,*,*,*,*,*,*,*,*,*,*,*,*,*,*,*,1,1,*,*,*,*,*,*,*,*,*,*,*,*,*,*,*
523117693,1,,523117682;523117684;523117792,37,17,20,7,2,5,49,22,27,25,12,13,48,21,27,48,21,27,24,10,14,16,5,11,7,2,5,0,0,0,0,0,0,14,14,6,4,2,4,4,0,0,13,9,4,2,16,0,5,3
523117694,2,523117691,,11,6,5,*,*,*,*,*,*,*,*,*,*,*,*,*,*,*,*,*,*,*,*,*,*,*,*,*,*,*,*,*,*,3,3,*,*,*,*,*,*,*,*,*,*,*,*,*,*,*
523117762,0,,,12,7,5,0,0,0,12,7,5,4,3,1,12,7,5,12,7,5,8,4,4,3,1,2,0,0,0,0,0,0,0,0,0,6,6,1,4,1,0,0,0,0,5,5,0,0,5,0,1,2
523117771,2,523117773,,5,1,4,*,*,*,*,*,*,*,*,*,*,*,*,*,*,*,*,*,*,*,*,*,*,*,*,*,*,*,*,*,*,4,4,*,*,*,*,*,*,*,*,*,*,*,*,*,*,*
523117773,1,,523117771,10,6,4,1,1,0,14,6,8,7,3,4,14,6,8,14,6,8,7,3,4,5,1,4,0,0,0,0,0,0,0,0,0,5,5,6,1,1,1,0,0,0,3,1,2,1,7,0,4,0
523117783,2,523117881,,6,4,2,*,*,*,*,*,*,*,*,*,*,*,*,*,*,*,*,*,*,*,*,*,*,*,*,*,*,*,*,*,*,3,3,*,*,*,*,*,*,*,*,*,*,*,*,*,*,*
523117792,2,523117693,,5,2,3,*,*,*,*,*,*,*,*,*,*,*,*,*,*,*,*,*,*,*,*,*,*,*,*,*,*,*,*,*,*,3,3,*,*,*,*,*,*,*,*,*,*,*,*,*,*,*
523117872,0,,,41,20,21,7,5,2,34,15,19,19,9,10,34,15,19,34,15,19,15,6,9,9,3,6,4,1,3,0,0,0,0,0,0,14,14,3,2,5,2,1,1,0,10,8,2,1,9,0,2,0
523117881,1,,523117783;523117883,30,15,15,0,0,0,41,22,19,31,18,13,39,20,19,39,20,19,10,4,6,5,2,3,1,0,1,0,0,0,0,0,0,10,10,2,3,7,3,0,0,0,12,9,3,0,7,0,0,1
523117883,2,523117881,,5,3,2,*,*,*,*,*,*,*,*,*,*,*,*,*,*,*,*,*,*,*,*,*,*,*,*,*,*,*,*,*,*,2,2,*,*,*,*,*,*,*,*,*,*,*,*,*,*,*
523117884,1,,523117892,29,14,15,3,1,2,32,15,17,15,7,8,31,15,16,31,15,16,17,8,9,6,4,2,2,2,0,0,0,0,0,0,0,13,13,4,7,4,0,1,0,0,12,9,3,0,12,0,4,3
523117892,2,523117884,,6,2,4,*,*,*,*,*,*,*,*,*,*,*,*,*,*,*,*,*,*,*,*,*,*,*,*,*,*,*,*,*,*,3,3,*,*,*,*,*,*,*,*,*,*,*,*,*,*,*
523117982,0,,,87,35,52,2,1,1,85,34,51,15,8,7,84,33,51,83,33,50,70,26,44,51,16,35,26,6,20,3,1,2,0,0,0,20,19,7,6,3,3,0,0,0,12,11,1,0,15,0,6,3
523117991,1,,523117992,16,6,10,3,2,1,19,7,12,11,6,5,19,7,12,19,7,12,8,1,7,7,1,6,5,0,5,1,0,1,0,0,0,7,7,4,4,1,0,0,0,1,6,5,1,1,7,0,4,0
523117992,2,523117991,,6,3,3,*,*,*,*,*,*,*,*,*,*,*,*,*,*,*,*,*,*,*,*,*,*,*,*,*,*,*,*,*,*,3,3,*,*,*,*,*,*,*,*,*,*,*,*,*,*,*
523117993,0,,,16,6,10,3,0,3,13,6,7,6,4,2,12,5,7,12,5,7,7,2,5,5,2,3,1,0,1,0,0,0,0,0,0,8,8,6,0,1,0,0,0,1,2,1,1,0,6,0,5,0
523117994,1,,523127094,23,9,14,2,0,2,24,9,15,13,5,8,24,9,15,23,8,15,11,4,7,5,1,4,3,0,3,1,0,1,0,0,0,10,10,2,8,1,0,1,0,0,10,9,1,0,8,0,2,3
523127094,2,523117994,,3,0,3,*,*,*,*,*,*,*,*,*,*,*,*,*,*,*,*,*,*,*,*,*,*,*,*,*,*,*,*,*,*,2,2,*,*,*,*,*,*,*,*,*,*,*,*,*,*,*
