KEY_CODE,HTKSYORI,HTKSAKI,GASSAN,T001141001,T001141002,T001141003,T001141004,T001141005,T001141006,T001141007,T001141008,T001141009,T001141010,T001141011,T001141012,T001141013,T001141014,T001141015,T001141016,T001141017,T001141018,T001141019,T001141020,T001141021,T001141022,T001141023,T001141024,T001141025,T001141026,T001141027,T001141028,T001141029,T001141030,T001141031,T001141032,T001141033,T001141034,T001141035,T001141036,T001141037,T001141038,T001141039,T001141040,T001141041,T001141042,T001141043,T001141044,T001141045,T001141046,T001141047,T001141048,T001141049,T001141050
,,,,Å@êlå˚ÅiëçêîÅj,Å@êlå˚ÅiëçêîÅjÅ@íj,Å@êlå˚ÅiëçêîÅjÅ@èó,Å@ÇOÅ`ÇPÇSçŒêlå˚Å@ëçêî,Å@ÇOÅ`ÇPÇSçŒêlå˚Å@íj,Å@ÇOÅ`ÇPÇSçŒêlå˚Å@èó,Å@ÇPÇTçŒà»è„êlå˚Å@ëçêî,Å@ÇPÇTçŒà»è„êlå˚Å@íj,Å@ÇPÇTçŒà»è„êlå˚Å@èó,Å@ÇPÇTÅ`ÇUÇSçŒêlå˚Å@ëçêî,Å@ÇPÇTÅ`ÇUÇSçŒêlå˚Å@íj,Å@ÇPÇTÅ`ÇUÇSçŒêlå˚Å@èó,Å@ÇPÇWçŒà»è„êlå˚Å@ëçêî,Å@ÇPÇWçŒà»è„êlå˚Å@íj,Å@ÇPÇWçŒà»è„êlå˚Å@èó,Å@ÇQÇOçŒà»è„êlå˚Å@ëçêî,Å@ÇQÇOçŒà»è„êlå˚Å@íj,Å@ÇQÇOçŒà»è„êlå˚Å@èó,Å@ÇUÇTçŒà»è„êlå˚Å@ëçêî,Å@ÇUÇTçŒà»è„êlå˚Å@íj,Å@ÇUÇTçŒà»è„êlå˚Å@èó,Å@ÇVÇTçŒà»è„êlå˚Å@ëçêî,Å@ÇVÇTçŒà»è„êlå˚Å@íj,Å@ÇVÇTçŒà»è„êlå˚Å@èó,Å@ÇWÇTçŒà»è„êlå˚Å@ëçêî,Å@ÇWÇTçŒà»è„êlå˚Å@íj,Å@ÇWÇTçŒà»è„êlå˚Å@èó,Å@ÇXÇTçŒà»è„êlå˚Å@ëçêî,Å@ÇXÇTçŒà»è„êlå˚Å@íj,Å@ÇXÇTçŒà»è„êlå˚Å@èó,Å@äOçëêlêlå˚Å@ëçêî,Å@äOçëêlêlå˚Å@íj,Å@äOçëêlêlå˚Å@èó,Å@ê¢ë—ëçêî,Å@àÍî ê¢ë—êî,Å@ÇPêlê¢ë—êîÅ@àÍî ê¢ë—êî,Å@ÇQêlê¢ë—êîÅ@àÍî ê¢ë—êî,Å@ÇRêlê¢ë—êîÅ@àÍî ê¢ë—êî,Å@ÇSêlê¢ë—êîÅ@àÍî ê¢ë—êî,Å@ÇTêlê¢ë—êîÅ@àÍî ê¢ë—êî,Å@ÇUêlê¢ë—êîÅ@àÍî ê¢ë—êî,Å@ÇVêlà»è„ê¢ë—êîÅ@àÍî ê¢ë—êî,Å@êeë∞ÇÃÇ›ÇÃê¢ë—êîÅ@àÍî ê¢ë—êî,Å@äjâ∆ë∞ê¢ë—êîÅ@àÍî ê¢ë—êî,Å@äjâ∆ë∞à»äOÇÃê¢ë—êîÅ@àÍî ê¢ë—êî,Å@ÇUçŒñ¢ñûê¢ë—àıÇÃÇ¢ÇÈê¢ë—êîÅ@àÍî ê¢ë—êî,Å@ÇUÇTçŒà»è„ê¢ë—àıÇÃÇ¢ÇÈê¢ë—êîÅ@àÍî ê¢ë—êî,Å@ê¢ë—éÂÇÃîNóÓÇ™ÇQÇOÅ`ÇQÇXçŒÇÃÇPêlê¢ë—êîÅ@àÍî ê¢ë—êî,Å@çÇóÓíPêgê¢ë—êîÅ@àÍî ê¢ë—êî,Å@çÇóÓïvïwê¢ë—êîÅ@àÍî ê¢ë—êî
372501594,2,372501694,,5,1,4,*,*,*,*,*,*,*,*,*,*,*,*,*,*,*,*,*,*,*,*,*,*,*,*,*,*,*,*,*,*,3,3,*,*,*,*,*,*,*,*,*,*,*,*,*,*,*
372501694,1,,372501594,6,3,3,0,0,0,11,4,7,4,1,3,11,4,7,11,4,7,7,3,4,7,3,4,5,2,3,1,0,1,0,0,0,3,3,1,5,0,0,0,0,0,5,5,0,0,4,0,0,3
372502503,2,372502603,,5,3,2,*,*,*,*,*,*,*,*,*,*,*,*,*,*,*,*,*,*,*,*,*,*,*,*,*,*,*,*,*,*,2,2,*,*,*,*,*,*,*,*,*,*,*,*,*,*,*
372502544,0,,,14,7,7,2,1,1,12,6,6,2,1,1,12,6,6,12,6,6,10,5,5,0,0,0,0,0,0,0,0,0,0,0,0,6,6,0,5,0,1,0,0,0,6,6,0,1,5,0,0,5
372502553,0,,,14,5,9,1,0,1,13,5,8,7,3,4,12,5,7,12,5,7,6,2,4,1,0,1,0,0,0,0,0,0,0,0,0,6,6,2,1,2,1,0,0,0,4,2,2,1,4,0,1,1
372502603,1,,372502503;372502701,114,50,64,9,3,6,118,56,62,53,25,28,117,56,61,117,56,61,65,31,34,42,17,25,16,3,13,5,0,5,7,1,6,62,61,33,24,8,1,2,0,0,34,31,3,2,41,1,18,11
372502641,0,,,12,8,4,0,0,0,12,8,4,4,3,1,12,8,4,12,8,4,8,5,3,2,2,0,1,1,0,0,0,0,0,0,0,7,7,3,3,1,0,0,0,0,4,2,2,0,4,0,1,1
372502643,0,,,93,48,45,2,0,2,91,48,43,55,30,25,88,45,43,88,45,43,36,18,18,18,8,10,7,4,3,0,0,0,1,0,1,42,42,12,18,7,1,4,0,0,30,25,5,1,25,1,6,9
372502644,0,,,9,5,4,1,1,0,8,4,4,4,2,2,8,4,4,8,4,4,4,2,2,2,1,1,1,0,1,0,0,0,0,0,0,4,4,2,1,0,0,1,0,0,2,1,1,0,3,1,1,1
372502651,0,,,99,56,43,0,0,0,98,55,43,98,55,43,98,55,43,97,54,43,0,0,0,0,0,0,0,0,0,0,0,0,15,4,11,94,94,89,5,0,0,0,0,0,5,5,0,0,0,44,0,0
372502652,0,,,25,11,14,3,0,3,22,11,11,8,4,4,21,11,10,21,11,10,14,7,7,5,3,2,0,0,0,0,0,0,0,0,0,11,11,3,5,2,0,0,1,0,8,7,1,1,8,0,2,3
372502654,0,,,270,137,133,17,9,8,253,128,125,141,73,68,250,126,124,249,126,123,112,55,57,47,23,24,18,6,12,1,0,1,0,0,0,126,126,40,49,20,13,4,0,0,84,73,11,4,76,0,25,24
372502663,0,,,26,12,14,8,3,5,18,9,9,14,6,8,18,9,9,18,9,9,4,3,1,2,2,0,1,1,0,0,0,0,1,0,1,11,11,4,4,0,2,0,1,0,7,7,0,3,4,0,3,0
372502664,0,,,74,32,42,0,0,0,56,22,34,50,21,29,56,22,34,54,21,33,6,1,5,2,0,2,1,0,1,1,0,1,3,1,2,69,69,66,1,2,0,0,0,0,3,3,0,0,4,26,2,1
372502701,2,372502603,,9,6,3,*,*,*,*,*,*,*,*,*,*,*,*,*,*,*,*,*,*,*,*,*,*,*,*,*,*,*,*,*,*,5,5,*,*,*,*,*,*,*,*,*,*,*,*,*,*,*
372502714,0,,,42,19,23,8,7,1,34,12,22,33,12,21,29,11,18,27,11,16,1,0,1,0,0,0,0,0,0,0,0,0,0,0,0,16,16,5,5,2,2,1,0,1,11,10,1,1,1,0,1,0
372502722,1,,372502723;372502724,30,8,22,3,0,3,36,11,25,13,4,9,35,11,24,35,11,24,23,7,16,7,0,7,3,0,3,0,0,0,0,0,0,17,17,10,8,2,2,0,0,0,12,10,2,2,17,0,8,3
372502723,2,372502722,,4,1,3,*,*,*,*,*,*,*,*,*,*,*,*,*,*,*,*,*,*,*,*,*,*,*,*,*,*,*,*,*,*,2,2,*,*,*,*,*,*,*,*,*,*,*,*,*,*,*
372502724,2,372502722,,6,2,4,*,*,*,*,*,*,*,*,*,*,*,*,*,*,*,*,*,*,*,*,*,*,*,*,*,*,*,*,*,*,3,3,*,*,*,*,*,*,*,*,*,*,*,*,*,*,*
372502731,1,,372502732,63,36,27,9,4,5,57,32,25,25,17,8,55,30,25,55,30,25,32,15,17,25,11,14,13,7,6,0,0,0,0,0,0,33,33,18,9,5,1,1,1,0,16,16,0,2,26,0,14,3
372502732,2,372502731,,3,0,3,*,*,*,*,*,*,*,*,*,*,*,*,*,*,*,*,*,*,*,*,*,*,*,*,*,*,*,*,*,*,2,2,*,*,*,*,*,*,*,*,*,*,*,*,*,*,*
372502733,0,,,20,9,11,3,2,1,17,7,10,4,1,3,17,7,10,17,7,10,13,6,7,9,3,6,2,0,2,1,0,1,0,0,0,11,11,5,5,0,0,1,0,0,6,6,0,1,9,0,4,3
372502734,0,,,11,6,5,0,0,0,11,6,5,4,3,1,11,6,5,11,6,5,7,3,4,7,3,4,2,0,2,0,0,0,0,0,0,7,7,3,4,0,0,0,0,0,4,3,1,0,5,0,2,2
372502741,0,,,25,10,15,3,1,2,22,9,13,8,4,4,22,9,13,22,9,13,14,5,9,10,3,7,2,0,2,0,0,0,0,0,0,14,14,6,6,1,1,0,0,0,8,8,0,1,10,0,5,4
372502742,0,,,29,15,14,2,0,2,27,15,12,20,12,8,23,11,12,21,11,10,7,3,4,5,2,3,3,2,1,0,0,0,0,0,0,13,13,3,7,1,1,1,0,0,10,9,1,1,6,0,2,1
372502743,0,,,11,5,6,1,0,1,10,5,5,6,3,3,10,5,5,9,4,5,4,2,2,2,0,2,2,0,2,0,0,0,0,0,0,5,5,2,1,1,1,0,0,0,3,1,2,0,4,0,2,0
372502744,0,,,92,39,53,15,5,10,77,34,43,37,17,20,77,34,43,77,34,43,40,17,23,21,8,13,12,5,7,0,0,0,0,0,0,40,40,8,19,9,2,1,1,0,31,30,1,4,27,0,8,11
372502752,0,,,25,13,12,0,0,0,25,13,12,10,6,4,25,13,12,25,13,12,15,7,8,11,5,6,1,0,1,0,0,0,0,0,0,13,13,4,6,3,0,0,0,0,9,9,0,0,9,0,2,3
372502753,0,,,57,32,25,8,6,2,49,26,23,25,14,11,48,25,23,47,25,22,24,12,12,5,1,4,5,1,4,1,0,1,0,0,0,23,23,4,10,6,1,1,1,0,17,15,2,3,15,0,3,6
372502754,0,,,24,12,12,7,3,4,17,9,8,13,8,5,15,7,8,14,6,8,4,1,3,2,0,2,0,0,0,0,0,0,0,0,0,9,9,4,0,2,1,2,0,0,5,4,1,0,4,0,3,0
372502761,0,,,9,5,4,0,0,0,9,5,4,6,3,3,9,5,4,9,5,4,3,2,1,3,2,1,1,1,0,0,0,0,0,0,0,4,4,0,3,1,0,0,0,0,4,4,0,0,2,0,0,1
372502762,0,,,9,4,5,0,0,0,9,4,5,1,1,0,9,4,5,9,4,5,8,3,5,4,1,3,3,1,2,0,0,0,0,0,0,4,4,1,2,0,1,0,0,0,3,2,1,0,4,0,1,1
372502763,0,,,42,22,20,7,4,3,35,18,17,21,11,10,34,18,16,34,18,16,14,7,7,5,2,3,5,2,3,0,0,0,0,0,0,16,16,4,6,2,2,1,0,1,12,9,3,3,8,0,3,3
372502771,0,,,46,24,22,3,2,1,43,22,21,22,13,9,43,22,21,43,22,21,21,9,12,9,4,5,2,1,1,0,0,0,1,1,0,23,23,7,10,5,1,0,0,0,16,15,1,0,15,1,6,4
372502773,0,,,385,155,230,46,23,23,334,130,204,222,77,145,323,125,198,315,121,194,112,53,59,54,25,29,23,9,14,2,1,1,69,2,67,212,212,125,46,15,13,9,3,1,85,68,17,8,72,63,17,24
372502774,0,,,38,29,9,3,1,2,32,25,7,29,24,5,29,24,5,29,24,5,3,1,2,1,0,1,0,0,0,0,0,0,1,1,0,29,29,26,1,1,0,0,0,1,3,3,0,0,3,13,3,0
372502781,2,372502782,,7,3,4,*,*,*,*,*,*,*,*,*,*,*,*,*,*,*,*,*,*,*,*,*,*,*,*,*,*,*,*,*,*,4,4,*,*,*,*,*,*,*,*,*,*,*,*,*,*,*
372502782,1,,372502781,61,32,29,4,4,0,64,31,33,34,17,17,64,31,33,63,31,32,30,14,16,13,6,7,5,2,3,0,0,0,0,0,0,30,30,11,16,5,1,0,1,0,20,17,3,2,22,1,6,4
372502783,0,,,197,91,106,13,7,6,184,84,100,99,46,53,178,84,94,174,82,92,85,38,47,48,20,28,21,7,14,1,0,1,2,0,2,85,85,27,33,8,11,2,3,1,56,47,9,1,56,0,18,17
372502784,0,,,277,138,139,18,10,8,258,127,131,144,72,72,251,123,128,249,123,126,114,55,59,53,24,29,17,6,11,1,0,1,1,0,1,135,135,53,46,22,7,4,3,0,81,70,11,3,78,9,22,22
372502793,0,,,19,10,9,1,1,0,18,9,9,7,3,4,18,9,9,18,9,9,11,6,5,3,1,2,2,0,2,1,0,1,0,0,0,8,8,2,3,2,0,1,0,0,6,4,2,1,7,0,2,1
372502812,1,,372502813;372502814,33,18,15,10,7,3,32,15,17,27,14,13,31,14,17,30,14,16,5,1,4,1,0,1,0,0,0,0,0,0,0,0,0,14,14,7,5,3,1,0,2,0,11,11,0,2,4,1,3,1
372502813,2,372502812,,2,2,0,*,*,*,*,*,*,*,*,*,*,*,*,*,*,*,*,*,*,*,*,*,*,*,*,*,*,*,*,*,*,2,2,*,*,*,*,*,*,*,*,*,*,*,*,*,*,*
372502814,2,372502812,,7,2,5,*,*,*,*,*,*,*,*,*,*,*,*,*,*,*,*,*,*,*,*,*,*,*,*,*,*,*,*,*,*,2,2,*,*,*,*,*,*,*,*,*,*,*,*,*,*,*
372502821,1,,372502824,14,8,6,0,0,0,18,10,8,16,9,7,18,10,8,18,10,8,2,1,1,0,0,0,0,0,0,0,0,0,0,0,0,5,5,1,3,1,2,0,0,0,6,6,0,0,2,0,0,0
372502824,2,372502821,,4,2,2,*,*,*,*,*,*,*,*,*,*,*,*,*,*,*,*,*,*,*,*,*,*,*,*,*,*,*,*,*,*,2,2,*,*,*,*,*,*,*,*,*,*,*,*,*,*,*
372502831,1,,372502832,24,14,10,1,1,0,29,16,13,14,8,6,29,16,13,29,16,13,15,8,7,11,5,6,7,4,3,1,0,1,0,0,0,14,14,6,6,4,0,0,0,0,10,9,1,0,11,0,5,2
372502832,2,372502831,,6,3,3,*,*,*,*,*,*,*,*,*,*,*,*,*,*,*,*,*,*,*,*,*,*,*,*,*,*,*,*,*,*,2,2,*,*,*,*,*,*,*,*,*,*,*,*,*,*,*
372502843,0,,,72,33,39,14,4,10,58,29,29,32,14,18,58,29,29,58,29,29,26,15,11,11,4,7,4,1,3,1,0,1,0,0,0,33,33,13,10,4,3,3,0,0,20,20,0,3,21,0,9,4
372502844,0,,,127,30,97,0,0,0,127,30,97,0,0,0,127,30,97,127,30,97,127,30,97,122,26,96,101,19,82,26,1,25,0,0,0,2,0,0,0,0,0,0,0,0,0,0,0,0,0,0,0,0
372502851,0,,,186,86,100,48,24,24,138,62,76,101,47,54,131,57,74,130,56,74,37,15,22,17,6,11,6,1,5,0,0,0,0,0,0,71,71,17,26,9,9,6,4,0,53,50,3,9,27,0,9,9
372502852,0,,,27,15,12,1,0,1,26,15,11,16,10,6,26,15,11,26,15,11,10,5,5,4,1,3,1,0,1,0,0,0,0,0,0,14,14,3,9,2,0,0,0,0,11,11,0,1,8,0,2,2
372502853,0,,,82,39,43,14,6,8,68,33,35,52,25,27,61,29,32,59,28,31,16,8,8,9,4,5,3,1,2,0,0,0,1,0,1,34,34,9,13,6,3,2,0,1,25,24,1,3,13,0,7,3
372502854,0,,,38,23,15,13,10,3,25,13,12,20,10,10,23,11,12,22,10,12,5,3,2,1,1,0,0,0,0,0,0,0,0,0,0,13,13,4,1,4,1,2,1,0,9,8,1,3,4,0,2,1
372502861,2,372502863,,8,3,5,*,*,*,*,*,*,*,*,*,*,*,*,*,*,*,*,*,*,*,*,*,*,*,*,*,*,*,*,*,*,6,6,*,*,*,*,*,*,*,*,*,*,*,*,*,*,*
372502862,0,,,41,19,22,5,2,3,36,17,19,15,8,7,35,17,18,35,17,18,21,9,12,15,6,9,8,3,5,0,0,0,0,0,0,20,20,6,11,1,1,0,1,0,13,12,1,1,15,0,6,4
372502863,1,,372502861,14,5,9,4,2,2,18,6,12,8,2,6,17,5,12,17,5,12,10,4,6,5,2,3,0,0,0,0,0,0,0,0,0,7,7,6,5,2,0,0,0,0,7,7,0,1,8,0,5,3
372502864,0,,,172,84,88,36,18,18,135,65,70,96,47,49,128,64,64,128,64,64,39,18,21,15,5,10,5,2,3,0,0,0,0,0,0,73,73,20,29,8,11,4,1,0,53,52,1,13,25,2,5,13
372502871,2,372502873,,9,4,5,*,*,*,*,*,*,*,*,*,*,*,*,*,*,*,*,*,*,*,*,*,*,*,*,*,*,*,*,*,*,3,3,*,*,*,*,*,*,*,*,*,*,*,*,*,*,*
372502873,1,,372502871;372502874,24,15,9,7,4,3,30,17,13,20,12,8,30,17,13,29,16,13,10,5,5,3,2,1,2,2,0,0,0,0,0,0,0,11,11,5,5,3,2,1,0,0,11,11,0,2,5,0,0,4
372502874,2,372502873,,4,2,2,*,*,*,*,*,*,*,*,*,*,*,*,*,*,*,*,*,*,*,*,*,*,*,*,*,*,*,*,*,*,2,2,*,*,*,*,*,*,*,*,*,*,*,*,*,*,*
372502881,1,,372502883;372502884,102,50,52,17,10,7,99,48,51,59,31,28,97,46,51,96,46,50,40,17,23,22,7,15,9,3,6,0,0,0,1,0,1,42,42,10,16,12,4,2,2,0,36,30,6,5,26,0,6,7
372502882,0,,,21,11,10,6,3,3,15,8,7,10,6,4,14,7,7,14,7,7,5,2,3,2,0,2,1,0,1,0,0,0,0,0,0,7,7,2,1,1,2,0,1,0,5,3,2,1,3,0,1,0
372502883,2,372502881,,5,3,2,*,*,*,*,*,*,*,*,*,*,*,*,*,*,*,*,*,*,*,*,*,*,*,*,*,*,*,*,*,*,2,2,*,*,*,*,*,*,*,*,*,*,*,*,*,*,*
372502884,2,372502881,,9,5,4,*,*,*,*,*,*,*,*,*,*,*,*,*,*,*,*,*,*,*,*,*,*,*,*,*,*,*,*,*,*,2,2,*,*,*,*,*,*,*,*,*,*,*,*,*,*,*
372502894,2,372502992,,1,0,1,*,*,*,*,*,*,*,*,*,*,*,*,*,*,*,*,*,*,*,*,*,*,*,*,*,*,*,*,*,*,1,1,*,*,*,*,*,*,*,*,*,*,*,*,*,*,*
372502902,2,372502911,,2,2,0,*,*,*,*,*,*,*,*,*,*,*,*,*,*,*,*,*,*,*,*,*,*,*,*,*,*,*,*,*,*,2,2,*,*,*,*,*,*,*,*,*,*,*,*,*,*,*
372502911,1,,372502902,50,24,26,3,2,1,49,24,25,40,19,21,48,23,25,46,22,24,9,5,4,4,2,2,1,0,1,0,0,0,0,0,0,33,33,24,7,3,0,1,0,0,11,11,0,0,6,10,0,2
372502912,0,,,108,56,52,15,10,5,93,46,47,57,29,28,92,46,46,90,44,46,36,17,19,12,4,8,5,2,3,0,0,0,0,0,0,46,46,11,20,7,5,2,1,0,35,29,6,5,24,0,6,9
372502913,0,,,173,81,92,11,6,5,162,75,87,68,31,37,158,73,85,156,71,85,94,44,50,51,25,26,26,12,14,4,1,3,3,0,3,90,90,31,39,16,4,0,0,0,59,52,7,4,61,4,17,22
372502914,0,,,217,105,112,35,20,15,182,85,97,110,54,56,173,79,94,172,78,94,72,31,41,40,16,24,19,8,11,1,1,0,4,1,3,100,100,38,35,10,10,5,1,1,61,58,3,10,54,1,26,15
372502921,0,,,112,50,62,21,7,14,91,43,48,51,27,24,90,42,48,89,41,48,40,16,24,16,4,12,8,1,7,0,0,0,5,1,4,47,47,12,18,10,3,2,2,0,34,30,4,5,29,0,8,7
372502922,0,,,69,32,37,8,2,6,61,30,31,54,27,27,61,30,31,61,30,31,7,3,4,4,1,3,0,0,0,0,0,0,2,1,1,35,35,13,16,4,0,1,0,1,19,17,2,4,5,1,1,3
372502923,0,,,433,204,229,90,44,46,343,160,183,232,115,117,328,153,175,324,151,173,111,45,66,57,23,34,23,3,20,5,1,4,2,1,1,175,174,45,68,24,20,11,6,0,128,120,8,19,70,3,25,23
372502924,1,,372502931,239,113,126,74,39,35,168,75,93,141,62,79,156,70,86,153,70,83,27,13,14,10,5,5,2,2,0,0,0,0,0,0,0,80,80,19,22,10,9,14,6,1,61,56,5,18,19,0,9,7
372502931,2,372502924,,3,1,2,*,*,*,*,*,*,*,*,*,*,*,*,*,*,*,*,*,*,*,*,*,*,*,*,*,*,*,*,*,*,1,1,*,*,*,*,*,*,*,*,*,*,*,*,*,*,*
372502942,0,,,17,7,10,1,0,1,16,7,9,10,5,5,14,6,8,14,6,8,6,2,4,3,0,3,2,0,2,1,0,1,0,0,0,8,8,3,3,1,0,1,0,0,5,2,3,1,4,0,1,0
372502944,0,,,26,12,14,6,2,4,20,10,10,8,4,4,20,10,10,20,10,10,12,6,6,3,1,2,1,0,1,0,0,0,0,0,0,12,12,4,6,0,1,0,1,0,7,7,0,1,8,0,3,3
372502951,2,372502954,,3,2,1,*,*,*,*,*,*,*,*,*,*,*,*,*,*,*,*,*,*,*,*,*,*,*,*,*,*,*,*,*,*,2,2,*,*,*,*,*,*,*,*,*,*,*,*,*,*,*
372502953,0,,,12,7,5,0,0,0,12,7,5,3,2,1,12,7,5,12,7,5,9,5,4,1,1,0,0,0,0,0,0,0,0,0,0,7,7,3,3,1,0,0,0,0,4,4,0,0,6,0,2,3
372502954,1,,372502951,50,22,28,12,1,11,41,23,18,29,17,12,36,18,18,35,18,17,12,6,6,7,3,4,1,0,1,0,0,0,1,0,1,18,18,3,10,1,3,3,0,0,16,16,0,0,8,0,3,5
372502961,0,,,200,92,108,54,29,25,145,62,83,95,41,54,134,58,76,130,57,73,50,21,29,29,13,16,5,3,2,0,0,0,1,0,1,75,75,13,36,7,9,4,4,2,62,60,2,11,31,0,8,18
372502962,0,,,235,123,112,62,31,31,169,88,81,120,67,53,162,83,79,161,82,79,49,21,28,24,11,13,8,3,5,3,0,3,0,0,0,101,101,41,24,15,9,8,3,1,59,55,4,14,33,0,13,11
372502963,2,372502964,,6,2,4,*,*,*,*,*,*,*,*,*,*,*,*,*,*,*,*,*,*,*,*,*,*,*,*,*,*,*,*,*,*,5,5,*,*,*,*,*,*,*,*,*,*,*,*,*,*,*
372502964,1,,372502963,31,17,14,5,2,3,32,17,15,22,13,9,32,17,15,32,17,15,10,4,6,3,1,2,2,1,1,0,0,0,0,0,0,14,14,10,3,4,1,1,0,0,9,8,1,1,8,1,4,0
372502972,0,,,148,74,74,28,14,14,120,60,60,79,38,41,112,56,56,110,55,55,41,22,19,16,11,5,6,3,3,1,0,1,1,1,0,61,61,16,22,10,8,4,1,0,45,43,2,5,28,0,11,10
372502973,0,,,36,20,16,8,5,3,28,15,13,20,12,8,28,15,13,27,14,13,8,3,5,4,2,2,3,1,2,1,0,1,0,0,0,12,12,1,4,4,1,1,1,0,11,10,1,1,5,0,1,0
372502974,0,,,29,16,13,2,1,1,27,15,12,17,8,9,24,14,10,24,14,10,10,7,3,7,4,3,4,2,2,1,0,1,0,0,0,14,14,7,4,0,2,0,1,0,6,3,3,0,8,0,5,0
372502983,0,,,17,10,7,0,0,0,17,10,7,13,8,5,17,10,7,17,10,7,4,2,2,4,2,2,3,2,1,0,0,0,0,0,0,7,7,1,4,0,2,0,0,0,6,5,1,0,3,0,1,1
372502991,0,,,19,9,10,3,1,2,16,8,8,11,5,6,16,8,8,16,8,8,5,3,2,1,0,1,1,0,1,0,0,0,0,0,0,6,6,0,3,2,0,0,0,1,6,4,2,1,4,0,0,1
372502992,1,,372502894,24,15,9,2,2,0,23,13,10,12,7,5,23,13,10,23,13,10,11,6,5,7,3,4,4,2,2,0,0,0,0,0,0,11,11,4,4,3,1,0,0,0,8,8,0,1,7,0,2,3
372502993,0,,,19,10,9,0,0,0,19,10,9,9,6,3,19,10,9,19,10,9,10,4,6,7,3,4,2,1,1,1,1,0,0,0,0,11,11,6,3,1,1,0,0,0,5,4,1,0,8,0,3,1
372502994,0,,,50,31,19,6,5,1,44,26,18,22,11,11,44,26,18,44,26,18,22,15,7,16,11,5,8,7,1,1,1,0,0,0,0,21,21,4,11,3,0,3,0,0,16,13,3,1,16,0,4,4
372503723,2,372503724,,6,3,3,*,*,*,*,*,*,*,*,*,*,*,*,*,*,*,*,*,*,*,*,*,*,*,*,*,*,*,*,*,*,5,5,*,*,*,*,*,*,*,*,*,*,*,*,*,*,*
372503724,1,,372503723,14,7,7,2,1,1,18,9,9,7,4,3,17,9,8,16,8,8,11,5,6,9,3,6,3,0,3,0,0,0,0,0,0,6,6,6,4,0,0,0,1,0,5,5,0,0,8,0,4,2
372503734,0,,,111,56,55,8,3,5,103,53,50,53,25,28,101,52,49,101,52,49,50,28,22,23,10,13,14,5,9,1,0,1,3,1,2,58,58,26,20,8,1,1,2,0,32,28,4,4,39,0,20,4
372503743,1,,372503744,89,53,36,7,6,1,83,48,35,29,18,11,83,48,35,83,48,35,54,30,24,32,15,17,14,6,8,1,0,1,1,0,1,45,45,16,22,5,1,1,1,0,27,24,3,1,34,0,11,11
372503744,2,372503743,,1,1,0,*,*,*,*,*,*,*,*,*,*,*,*,*,*,*,*,*,*,*,*,*,*,*,*,*,*,*,*,*,*,1,1,*,*,*,*,*,*,*,*,*,*,*,*,*,*,*
372503801,0,,,49,22,27,4,3,1,45,19,26,14,8,6,45,19,26,45,19,26,31,11,20,21,8,13,8,4,4,0,0,0,0,0,0,27,27,13,9,4,0,0,1,0,13,13,0,1,22,0,11,4
372503802,0,,,31,14,17,6,4,2,25,10,15,13,5,8,25,10,15,25,10,15,12,5,7,8,3,5,3,1,2,0,0,0,0,0,0,15,15,3,10,1,0,1,0,0,11,11,0,2,8,0,2,4
372503803,0,,,9,5,4,0,0,0,9,5,4,2,2,0,9,5,4,9,5,4,7,3,4,4,2,2,1,0,1,0,0,0,0,0,0,5,5,2,2,1,0,0,0,0,3,3,0,0,5,0,2,1
372503804,0,,,84,48,36,8,5,3,76,43,33,42,24,18,70,41,29,68,39,29,34,19,15,19,12,7,4,1,3,1,1,0,1,1,0,34,34,9,14,4,3,1,3,0,25,24,1,1,22,0,7,8
372503813,0,,,33,17,16,2,1,1,31,16,15,13,8,5,30,16,14,30,16,14,18,8,10,11,4,7,3,0,3,0,0,0,0,0,0,17,17,9,3,4,0,0,1,0,8,7,1,1,14,0,8,2
372503814,0,,,50,33,17,8,8,0,42,25,17,28,19,9,42,25,17,42,25,17,14,6,8,6,3,3,2,1,1,0,0,0,1,0,1,27,27,14,7,3,2,1,0,0,13,11,2,3,12,0,7,1
372503821,2,372503823,,10,8,2,*,*,*,*,*,*,*,*,*,*,*,*,*,*,*,*,*,*,*,*,*,*,*,*,*,*,*,*,*,*,6,6,*,*,*,*,*,*,*,*,*,*,*,*,*,*,*
372503822,0,,,22,14,8,0,0,0,22,14,8,6,6,0,22,14,8,22,14,8,16,8,8,13,6,7,8,3,5,0,0,0,0,0,0,12,12,6,2,4,0,0,0,0,6,6,0,0,11,0,5,1
372503823,1,,372503821,22,12,10,2,1,1,30,19,11,20,15,5,30,19,11,29,18,11,10,4,6,6,2,4,2,1,1,0,0,0,0,0,0,12,12,9,5,3,1,0,0,0,9,9,0,2,8,1,3,1
372503824,0,,,40,24,16,8,4,4,32,20,12,15,9,6,32,20,12,32,20,12,17,11,6,8,4,4,6,3,3,0,0,0,2,2,0,22,22,12,7,1,0,1,1,0,10,9,1,1,15,0,9,3
372503832,0,,,40,20,20,3,2,1,37,18,19,17,8,9,37,18,19,37,18,19,20,10,10,11,4,7,8,3,5,0,0,0,0,0,0,24,24,14,6,2,2,0,0,0,10,9,1,1,16,0,10,2
372503833,0,,,10,5,5,0,0,0,10,5,5,5,3,2,10,5,5,10,5,5,5,2,3,3,1,2,1,0,1,1,0,1,0,0,0,5,5,1,3,1,0,0,0,0,3,3,0,0,4,0,1,1
372503841,1,,372503843,21,13,8,2,2,0,20,12,8,11,7,4,20,12,8,20,12,8,9,5,4,3,2,1,1,0,1,0,0,0,0,0,0,14,14,12,0,2,1,0,0,0,3,2,1,0,6,0,4,0
372503843,2,372503841,,1,1,0,*,*,*,*,*,*,*,*,*,*,*,*,*,*,*,*,*,*,*,*,*,*,*,*,*,*,*,*,*,*,1,1,*,*,*,*,*,*,*,*,*,*,*,*,*,*,*
372503901,0,,,30,17,13,2,0,2,28,17,11,14,11,3,28,17,11,28,17,11,14,6,8,7,3,4,2,2,0,0,0,0,0,0,0,14,14,6,3,4,0,0,1,0,8,5,3,1,11,0,6,1
372503902,0,,,48,25,23,3,2,1,45,23,22,14,8,6,45,23,22,45,23,22,31,15,16,19,9,10,5,3,2,0,0,0,0,0,0,23,23,7,9,5,2,0,0,0,16,13,3,0,19,0,5,8
372503903,0,,,26,13,13,6,4,2,20,9,11,11,5,6,18,9,9,18,9,9,9,4,5,7,3,4,1,0,1,0,0,0,0,0,0,11,11,4,5,0,0,0,2,0,7,7,0,0,6,0,1,4
372503904,0,,,27,15,12,6,3,3,21,12,9,17,10,7,19,11,8,19,11,8,4,2,2,4,2,2,0,0,0,0,0,0,0,0,0,9,9,1,4,0,3,0,1,0,8,8,0,1,2,0,0,1
372503911,2,372503912,,6,4,2,*,*,*,*,*,*,*,*,*,*,*,*,*,*,*,*,*,*,*,*,*,*,*,*,*,*,*,*,*,*,5,5,*,*,*,*,*,*,*,*,*,*,*,*,*,*,*
372503912,1,,372503911,33,20,13,3,2,1,36,22,14,18,13,5,36,22,14,36,22,14,18,9,9,12,5,7,4,2,2,0,0,0,0,0,0,22,22,17,9,0,1,0,0,0,10,9,1,0,15,0,10,3
372503913,0,,,58,31,27,2,2,0,56,29,27,26,13,13,55,29,26,55,29,26,30,16,14,8,2,6,2,0,2,1,0,1,0,0,0,28,28,5,18,4,0,1,0,0,23,21,2,1,19,0,2,10
372503914,0,,,62,34,28,2,0,2,60,34,26,36,21,15,60,34,26,60,34,26,24,13,11,9,5,4,4,3,1,0,0,0,0,0,0,34,34,17,8,7,2,0,0,0,16,13,3,1,20,0,9,2
372503922,0,,,13,6,7,0,0,0,13,6,7,5,4,1,13,6,7,13,6,7,8,2,6,6,1,5,3,0,3,0,0,0,0,0,0,6,6,1,3,2,0,0,0,0,5,4,1,0,6,0,1,1
372503924,0,,,10,5,5,0,0,0,10,5,5,5,2,3,10,5,5,10,5,5,5,3,2,4,2,2,2,1,1,0,0,0,1,0,1,5,5,0,5,0,0,0,0,0,3,3,0,0,3,0,0,2
372503931,0,,,54,30,24,4,4,0,50,26,24,26,13,13,48,24,24,47,23,24,24,13,11,6,4,2,1,1,0,0,0,0,2,2,0,28,28,12,10,3,2,1,0,0,16,16,0,1,19,0,11,5
372503933,0,,,114,66,48,7,2,5,106,63,43,45,33,12,106,63,43,106,63,43,61,30,31,38,15,23,21,9,12,2,1,1,5,2,3,64,64,29,24,7,4,0,0,0,35,31,4,3,43,0,18,11
372503941,0,,,30,16,14,0,0,0,30,16,14,8,5,3,30,16,14,30,16,14,22,11,11,14,5,9,9,4,5,0,0,0,0,0,0,18,18,9,6,3,0,0,0,0,9,8,1,0,18,0,9,4
372503942,1,,372503943;372503944,78,43,35,3,2,1,83,46,37,36,21,15,82,45,37,80,44,36,47,25,22,23,12,11,9,3,6,3,1,2,1,0,1,43,43,25,16,5,2,0,1,0,24,19,5,0,34,1,15,9
372503943,2,372503942,,4,2,2,*,*,*,*,*,*,*,*,*,*,*,*,*,*,*,*,*,*,*,*,*,*,*,*,*,*,*,*,*,*,3,3,*,*,*,*,*,*,*,*,*,*,*,*,*,*,*
372503944,2,372503942,,4,3,1,*,*,*,*,*,*,*,*,*,*,*,*,*,*,*,*,*,*,*,*,*,*,*,*,*,*,*,*,*,*,3,3,*,*,*,*,*,*,*,*,*,*,*,*,*,*,*
372511654,2,372511743,,2,1,1,*,*,*,*,*,*,*,*,*,*,*,*,*,*,*,*,*,*,*,*,*,*,*,*,*,*,*,*,*,*,1,1,*,*,*,*,*,*,*,*,*,*,*,*,*,*,*
372511734,0,,,23,14,9,8,6,2,15,8,7,10,5,5,13,6,7,13,6,7,5,3,2,0,0,0,0,0,0,0,0,0,0,0,0,7,7,1,2,1,1,1,1,0,6,6,0,0,3,0,0,2
372511742,2,372511743,,2,1,1,*,*,*,*,*,*,*,*,*,*,*,*,*,*,*,*,*,*,*,*,*,*,*,*,*,*,*,*,*,*,1,1,*,*,*,*,*,*,*,*,*,*,*,*,*,*,*
372511743,1,,372511654;372511742;372511751,83,45,38,10,5,5,81,44,37,50,29,21,80,44,36,79,44,35,31,15,16,13,5,8,4,2,2,1,1,0,1,1,0,33,33,9,13,9,3,2,0,1,26,23,3,3,23,0,8,5
372511751,2,372511743,,4,2,2,*,*,*,*,*,*,*,*,*,*,*,*,*,*,*,*,*,*,*,*,*,*,*,*,*,*,*,*,*,*,2,2,*,*,*,*,*,*,*,*,*,*,*,*,*,*,*
372511824,0,,,20,10,10,6,3,3,14,7,7,11,5,6,13,7,6,13,7,6,3,2,1,0,0,0,0,0,0,0,0,0,0,0,0,7,7,2,1,1,2,1,0,0,5,5,0,2,2,0,1,1
372511832,0,,,231,116,115,37,19,18,194,97,97,127,65,62,185,93,92,183,91,92,67,32,35,39,18,21,12,6,6,0,0,0,0,0,0,97,97,24,42,14,7,7,3,0,71,63,8,8,45,0,12,14
372511833,0,,,73,42,31,13,10,3,59,31,28,56,30,26,55,29,26,54,28,26,3,1,2,1,0,1,1,0,1,0,0,0,3,2,1,37,37,21,4,7,2,3,0,0,16,15,1,6,3,6,1,0
372511834,0,,,42,20,22,4,2,2,38,18,20,21,9,12,36,18,18,35,18,17,17,9,8,4,1,3,3,1,2,0,0,0,0,0,0,16,16,3,7,3,1,1,0,1,13,9,4,0,12,0,3,2
372511841,0,,,314,169,145,23,16,7,290,152,138,156,89,67,287,150,137,281,146,135,134,63,71,79,31,48,31,11,20,4,1,3,1,1,0,143,143,48,58,20,9,1,2,5,93,77,16,6,92,1,33,23
372511843,0,,,47,25,22,1,1,0,46,24,22,24,13,11,46,24,22,45,23,22,22,11,11,11,5,6,5,2,3,0,0,0,0,0,0,22,22,8,8,3,1,2,0,0,14,12,2,1,13,0,4,4
372511924,2,372511931,,2,1,1,*,*,*,*,*,*,*,*,*,*,*,*,*,*,*,*,*,*,*,*,*,*,*,*,*,*,*,*,*,*,1,1,*,*,*,*,*,*,*,*,*,*,*,*,*,*,*
372511931,1,,372511924,214,103,111,40,20,20,176,84,92,110,55,55,166,77,89,161,73,88,66,29,37,25,8,17,9,2,7,0,0,0,0,0,0,90,90,29,31,17,4,4,4,2,60,53,7,8,45,0,16,14
372511932,1,,372511934,199,100,99,16,8,8,186,93,93,111,57,54,179,89,90,176,87,89,75,36,39,31,16,15,13,4,9,3,1,2,0,0,0,100,100,40,38,15,6,1,1,1,60,55,5,2,49,1,18,21
372511933,0,,,18,9,9,0,0,0,18,9,9,10,5,5,18,9,9,18,9,9,8,4,4,3,1,2,2,1,1,0,0,0,0,0,0,10,10,2,8,0,0,0,0,0,8,8,0,0,5,0,1,4
372511934,2,372511932,,4,1,3,*,*,*,*,*,*,*,*,*,*,*,*,*,*,*,*,*,*,*,*,*,*,*,*,*,*,*,*,*,*,2,2,*,*,*,*,*,*,*,*,*,*,*,*,*,*,*
372511944,1,,372511951;372511953,30,5,25,0,0,0,36,8,28,4,3,1,36,8,28,36,8,28,32,5,27,31,5,26,29,4,25,8,0,8,0,0,0,1,0,2,2,0,0,0,0,0,2,2,0,0,2,0,1,0
372511951,2,372511944,,4,2,2,*,*,*,*,*,*,*,*,*,*,*,*,*,*,*,*,*,*,*,*,*,*,*,*,*,*,*,*,*,*,2,2,*,*,*,*,*,*,*,*,*,*,*,*,*,*,*
372511953,2,372511944,,2,1,1,*,*,*,*,*,*,*,*,*,*,*,*,*,*,*,*,*,*,*,*,*,*,*,*,*,*,*,*,*,*,2,2,*,*,*,*,*,*,*,*,*,*,*,*,*,*,*
372512011,0,,,27,13,14,2,0,2,25,13,12,10,5,5,25,13,12,24,12,12,15,8,7,10,5,5,4,2,2,0,0,0,0,0,0,16,16,9,4,2,1,0,0,0,7,6,1,1,11,0,7,2
372512012,0,,,35,19,16,4,4,0,31,15,16,12,6,6,31,15,16,31,15,16,19,9,10,11,4,7,5,2,3,1,1,0,0,0,0,15,15,2,8,3,2,0,0,0,13,13,0,0,12,0,2,4
372512022,0,,,29,13,16,4,1,3,25,12,13,19,8,11,24,11,13,24,11,13,6,4,2,4,2,2,0,0,0,0,0,0,0,0,0,13,13,4,5,2,1,1,0,0,8,6,2,0,5,0,3,0
372512024,0,,,57,31,26,11,8,3,46,23,23,36,17,19,43,22,21,43,22,21,10,6,4,2,2,0,0,0,0,0,0,0,1,0,1,22,22,4,7,6,4,1,0,0,18,16,2,0,7,0,2,2
372512041,1,,372512042;372512043,32,15,17,3,3,0,41,19,22,26,13,13,37,18,19,37,18,19,15,6,9,6,1,5,0,0,0,0,0,0,0,0,0,14,14,11,5,2,3,1,0,0,11,9,2,1,12,0,8,3
372512042,2,372512041,,6,3,3,*,*,*,*,*,*,*,*,*,*,*,*,*,*,*,*,*,*,*,*,*,*,*,*,*,*,*,*,*,*,3,3,*,*,*,*,*,*,*,*,*,*,*,*,*,*,*
372512043,2,372512041,,6,4,2,*,*,*,*,*,*,*,*,*,*,*,*,*,*,*,*,*,*,*,*,*,*,*,*,*,*,*,*,*,*,5,5,*,*,*,*,*,*,*,*,*,*,*,*,*,*,*
372512044,0,,,31,16,15,0,0,0,31,16,15,24,14,10,30,15,15,28,13,15,7,2,5,3,0,3,2,0,2,0,0,0,0,0,0,14,14,2,9,1,2,0,0,0,12,12,0,0,6,0,2,0
372512051,0,,,117,68,49,27,17,10,88,50,38,70,41,29,85,47,38,84,46,38,18,9,9,5,2,3,1,0,1,1,0,1,0,0,0,48,48,16,11,10,7,3,1,0,32,31,1,9,13,1,5,1
372512052,0,,,41,23,18,0,0,0,35,20,15,32,19,13,35,20,15,35,20,15,3,1,2,1,0,1,1,0,1,0,0,0,0,0,0,38,38,36,1,1,0,0,0,0,2,1,1,0,3,14,2,0
372512053,0,,,517,274,243,217,109,108,300,165,135,300,165,135,299,164,135,299,164,135,0,0,0,0,0,0,0,0,0,0,0,0,0,0,0,167,167,36,19,37,48,24,1,2,131,130,1,93,0,11,0,0
372512062,1,,372512063;372512064,20,11,9,4,3,1,26,15,11,13,7,6,26,15,11,26,15,11,13,8,5,5,3,2,3,2,1,1,1,0,0,0,0,10,10,8,3,1,2,1,0,0,7,6,1,0,10,0,6,1
372512063,2,372512062,,5,4,1,*,*,*,*,*,*,*,*,*,*,*,*,*,*,*,*,*,*,*,*,*,*,*,*,*,*,*,*,*,*,4,4,*,*,*,*,*,*,*,*,*,*,*,*,*,*,*
372512064,2,372512062,,5,3,2,*,*,*,*,*,*,*,*,*,*,*,*,*,*,*,*,*,*,*,*,*,*,*,*,*,*,*,*,*,*,1,1,*,*,*,*,*,*,*,*,*,*,*,*,*,*,*
372512071,0,,,55,25,30,9,4,5,46,21,25,27,11,16,45,20,25,44,19,25,19,10,9,7,2,5,1,0,1,0,0,0,0,0,0,23,23,6,9,6,0,1,0,1,17,14,3,2,13,0,3,5
372512072,0,,,21,12,9,5,4,1,16,8,8,9,4,5,16,8,8,16,8,8,7,4,3,3,2,1,2,1,1,0,0,0,0,0,0,9,9,2,4,2,0,1,0,0,6,5,1,3,5,0,2,2
372512073,0,,,10,5,5,0,0,0,10,5,5,3,1,2,10,5,5,10,5,5,7,4,3,3,1,2,3,1,2,0,0,0,0,0,0,5,5,1,3,1,0,0,0,0,4,4,0,0,5,0,1,1
372512074,0,,,55,25,30,3,3,0,52,22,30,35,14,21,50,21,29,48,20,28,17,8,9,9,4,5,6,3,3,0,0,0,1,0,1,25,25,7,8,8,2,0,0,0,17,15,2,2,12,0,2,5
372512081,1,,372512083,52,26,26,5,2,3,54,26,28,26,13,13,53,26,27,53,26,27,28,13,15,17,7,10,9,4,5,0,0,0,2,0,2,24,24,7,12,4,2,0,0,1,19,15,4,2,20,0,6,5
372512082,0,,,9,5,4,0,0,0,9,5,4,3,2,1,9,5,4,9,5,4,6,3,3,3,1,2,0,0,0,0,0,0,0,0,0,5,5,1,4,0,0,0,0,0,3,3,0,0,4,0,1,1
372512083,2,372512081,,7,2,5,*,*,*,*,*,*,*,*,*,*,*,*,*,*,*,*,*,*,*,*,*,*,*,*,*,*,*,*,*,*,2,2,*,*,*,*,*,*,*,*,*,*,*,*,*,*,*
372512084,0,,,31,17,14,2,1,1,29,16,13,15,9,6,29,16,13,28,15,13,14,7,7,6,3,3,5,3,2,0,0,0,0,0,0,16,16,6,7,2,0,1,0,0,10,7,3,1,11,0,3,2
372512091,2,372512093,,7,6,1,*,*,*,*,*,*,*,*,*,*,*,*,*,*,*,*,*,*,*,*,*,*,*,*,*,*,*,*,*,*,3,3,*,*,*,*,*,*,*,*,*,*,*,*,*,*,*
372512092,0,,,43,23,20,1,1,0,42,22,20,27,14,13,39,19,20,37,18,19,15,8,7,6,4,2,1,1,0,0,0,0,0,0,0,17,17,3,7,3,3,1,0,0,14,13,1,0,10,0,2,5
372512093,1,,372512091,50,30,20,9,7,2,48,29,19,27,17,10,48,29,19,47,28,19,21,12,9,14,8,6,10,5,5,3,2,1,1,0,1,21,21,8,8,3,2,2,1,0,16,12,4,2,14,0,4,4
372512122,1,,372512131,170,82,88,18,8,10,153,74,79,76,42,34,152,74,78,152,74,78,77,32,45,40,14,26,14,4,10,0,0,0,0,0,0,83,83,32,34,10,2,5,0,1,49,45,4,4,54,1,22,15
372512124,0,,,255,120,135,60,33,27,195,87,108,126,58,68,187,81,106,183,79,104,69,29,40,40,14,26,18,4,14,0,0,0,3,0,3,91,90,24,34,11,10,7,4,0,66,60,6,19,28,1,9,11
372512131,2,372512122,,1,0,1,*,*,*,*,*,*,*,*,*,*,*,*,*,*,*,*,*,*,*,*,*,*,*,*,*,*,*,*,*,*,1,1,*,*,*,*,*,*,*,*,*,*,*,*,*,*,*
372512141,2,372512142,,7,4,3,*,*,*,*,*,*,*,*,*,*,*,*,*,*,*,*,*,*,*,*,*,*,*,*,*,*,*,*,*,*,4,4,*,*,*,*,*,*,*,*,*,*,*,*,*,*,*
372512142,1,,372512141;372512143;372512144,29,14,15,4,2,2,80,30,50,19,10,9,80,30,50,80,30,50,61,20,41,48,12,36,37,9,28,8,2,6,1,1,0,19,19,14,12,0,1,1,0,0,14,13,1,0,19,0,10,5
372512143,2,372512142,,9,4,5,*,*,*,*,*,*,*,*,*,*,*,*,*,*,*,*,*,*,*,*,*,*,*,*,*,*,*,*,*,*,3,3,*,*,*,*,*,*,*,*,*,*,*,*,*,*,*
372512144,2,372512142,,39,10,29,*,*,*,*,*,*,*,*,*,*,*,*,*,*,*,*,*,*,*,*,*,*,*,*,*,*,*,*,*,*,3,2,*,*,*,*,*,*,*,*,*,*,*,*,*,*,*
372512151,1,,372512153,331,311,20,1,1,0,330,310,20,320,305,15,330,310,20,320,301,19,10,5,5,6,3,3,2,1,1,0,0,0,0,0,0,21,11,2,8,2,0,0,0,0,10,10,0,0,6,0,1,4
372512152,0,,,149,69,80,13,5,8,133,63,70,84,44,40,132,62,70,132,62,70,49,19,30,27,7,20,9,2,7,1,0,1,0,0,0,73,73,23,34,9,4,3,0,0,50,41,9,5,36,0,11,7
372512153,2,372512151,,1,1,0,*,*,*,*,*,*,*,*,*,*,*,*,*,*,*,*,*,*,*,*,*,*,*,*,*,*,*,*,*,*,1,1,*,*,*,*,*,*,*,*,*,*,*,*,*,*,*
372512161,2,372512162,,5,3,2,*,*,*,*,*,*,*,*,*,*,*,*,*,*,*,*,*,*,*,*,*,*,*,*,*,*,*,*,*,*,2,2,*,*,*,*,*,*,*,*,*,*,*,*,*,*,*
372512162,1,,372512161;372512163;372512164,23,12,11,6,4,2,27,15,12,16,10,6,27,15,12,27,15,12,11,5,6,4,1,3,4,1,3,0,0,0,0,0,0,8,8,4,5,3,0,2,0,0,10,9,1,1,8,0,2,2
372512163,2,372512162,,3,3,0,*,*,*,*,*,*,*,*,*,*,*,*,*,*,*,*,*,*,*,*,*,*,*,*,*,*,*,*,*,*,3,3,*,*,*,*,*,*,*,*,*,*,*,*,*,*,*
372512164,2,372512162,,2,1,1,*,*,*,*,*,*,*,*,*,*,*,*,*,*,*,*,*,*,*,*,*,*,*,*,*,*,*,*,*,*,1,1,*,*,*,*,*,*,*,*,*,*,*,*,*,*,*
372512171,0,,,25,12,13,1,1,0,24,11,13,10,5,5,24,11,13,24,11,13,14,6,8,7,2,5,2,0,2,0,0,0,0,0,0,11,11,2,6,1,2,0,0,0,9,6,3,1,9,0,1,3
372512172,0,,,52,28,24,1,0,1,51,28,23,17,11,6,51,28,23,51,28,23,34,17,17,19,8,11,13,6,7,0,0,0,0,0,0,26,26,7,13,5,1,0,0,0,19,16,3,1,20,0,5,9
372512173,0,,,40,24,16,0,0,0,40,24,16,16,10,6,40,24,16,40,24,16,24,14,10,14,8,6,9,5,4,0,0,0,0,0,0,22,22,11,7,2,1,1,0,0,9,7,2,0,15,0,8,3
372512174,0,,,12,6,6,1,1,0,11,5,6,7,3,4,11,5,6,11,5,6,4,2,2,3,1,2,1,0,1,0,0,0,0,0,0,7,7,3,3,1,0,0,0,0,4,4,0,1,4,0,3,0
372512181,2,372512182,,8,6,2,*,*,*,*,*,*,*,*,*,*,*,*,*,*,*,*,*,*,*,*,*,*,*,*,*,*,*,*,*,*,4,4,*,*,*,*,*,*,*,*,*,*,*,*,*,*,*
372512182,1,,372512181,59,30,29,9,5,4,58,31,27,32,21,11,57,31,26,57,31,26,26,10,16,13,6,7,3,1,2,0,0,0,3,2,1,30,29,14,10,5,3,1,0,0,18,18,0,3,20,0,9,3
372512183,0,,,26,13,13,0,0,0,26,13,13,14,9,5,26,13,13,26,13,13,12,4,8,8,3,5,2,0,2,0,0,0,0,0,0,10,10,1,3,5,1,0,0,0,9,6,3,0,8,0,1,3
372512184,0,,,69,34,35,10,7,3,58,26,32,32,17,15,54,23,31,54,23,31,26,9,17,14,3,11,8,2,6,1,0,1,2,1,1,29,29,10,10,4,2,1,1,1,19,17,2,3,18,0,6,3
372512191,0,,,146,67,79,28,12,16,118,55,63,88,41,47,113,53,60,110,52,58,30,14,16,10,4,6,5,1,4,1,1,0,0,0,0,64,64,19,26,8,6,3,2,0,44,43,1,8,24,0,10,8
372512192,2,372512193,,5,2,3,*,*,*,*,*,*,*,*,*,*,*,*,*,*,*,*,*,*,*,*,*,*,*,*,*,*,*,*,*,*,3,3,*,*,*,*,*,*,*,*,*,*,*,*,*,*,*
372512193,1,,372512192,109,59,50,31,19,12,83,42,41,52,27,25,79,40,39,77,38,39,31,15,16,14,5,9,4,3,1,0,0,0,0,0,0,40,40,8,20,4,5,3,2,1,35,33,2,8,21,1,5,9
372512194,0,,,56,36,20,11,11,0,45,25,20,29,17,12,43,23,20,40,21,19,16,8,8,8,3,5,4,1,3,0,0,0,0,0,0,21,21,6,6,2,4,2,1,0,15,13,2,2,9,0,3,4
372512232,1,,372512234,32,18,14,8,5,3,27,15,12,11,8,3,26,14,12,26,14,12,16,7,9,11,5,6,3,1,2,0,0,0,0,0,0,12,12,4,6,1,1,1,0,1,10,9,1,1,10,0,3,5
372512234,2,372512232,,3,2,1,*,*,*,*,*,*,*,*,*,*,*,*,*,*,*,*,*,*,*,*,*,*,*,*,*,*,*,*,*,*,2,2,*,*,*,*,*,*,*,*,*,*,*,*,*,*,*
372512241,0,,,32,18,14,4,2,2,28,16,12,18,11,7,28,16,12,28,16,12,10,5,5,5,2,3,1,0,1,0,0,0,0,0,0,17,17,6,7,4,0,0,0,0,11,10,1,3,7,1,3,2
372512242,0,,,21,11,10,0,0,0,21,11,10,9,6,3,21,11,10,21,11,10,12,5,7,6,2,4,4,2,2,0,0,0,0,0,0,11,11,3,6,2,0,0,0,0,7,7,0,0,9,0,3,3
372512243,2,372512244,,9,4,5,*,*,*,*,*,*,*,*,*,*,*,*,*,*,*,*,*,*,*,*,*,*,*,*,*,*,*,*,*,*,4,4,*,*,*,*,*,*,*,*,*,*,*,*,*,*,*
372512244,1,,372512243,170,72,98,9,4,5,169,72,97,52,27,25,168,72,96,168,72,96,117,45,72,88,30,58,67,21,46,11,2,9,0,0,0,13,11,4,5,2,4,0,0,0,11,11,0,4,2,1,0,2
372512251,0,,,171,89,82,28,13,15,140,75,65,93,50,43,137,72,65,136,71,65,47,25,22,15,9,6,10,5,5,1,0,1,1,0,1,76,76,23,34,4,8,6,1,0,52,44,8,6,33,2,10,10
372512252,0,,,43,36,7,0,0,0,43,36,7,43,36,7,43,36,7,39,34,5,0,0,0,0,0,0,0,0,0,0,0,0,0,0,0,1,0,0,0,0,0,0,0,0,0,0,0,0,0,0,0,0
372512253,0,,,21,11,10,0,0,0,15,8,7,12,7,5,15,8,7,15,8,7,3,1,2,2,1,1,1,0,1,0,0,0,0,0,0,18,18,15,3,0,0,0,0,0,2,2,0,0,2,1,1,0
372512254,0,,,16,6,10,2,0,2,14,6,8,14,6,8,14,6,8,14,6,8,0,0,0,0,0,0,0,0,0,0,0,0,0,0,0,12,12,10,1,0,1,0,0,0,1,1,0,1,0,5,0,0
372512263,0,,,50,24,26,3,2,1,47,22,25,20,11,9,46,21,25,45,20,25,27,11,16,6,1,5,5,1,4,1,0,1,1,0,1,22,22,4,9,8,1,0,0,0,17,13,4,1,15,1,1,6
372512271,0,,,204,97,107,0,0,0,204,97,107,28,22,6,204,97,107,204,97,107,176,75,101,139,48,91,98,27,71,22,3,19,0,0,0,7,5,2,3,0,0,0,0,0,3,3,0,0,4,0,2,2
372512272,0,,,71,29,42,23,6,17,48,23,25,38,16,22,44,22,22,43,22,21,10,7,3,5,3,2,0,0,0,0,0,0,0,0,0,23,23,3,7,7,3,2,0,1,20,19,1,5,7,0,2,2
372512273,0,,,75,29,46,1,1,0,74,28,46,5,4,1,74,28,46,74,28,46,69,24,45,62,20,42,47,14,33,11,2,9,0,0,0,9,8,3,3,1,1,0,0,0,5,4,1,0,7,0,2,1
372512274,0,,,29,13,16,4,1,3,25,12,13,16,7,9,23,11,12,22,11,11,9,5,4,4,2,2,2,1,1,0,0,0,0,0,0,11,11,1,5,2,3,0,0,0,10,10,0,2,5,0,1,2
372512281,0,,,65,38,27,7,5,2,58,33,25,39,25,14,56,31,25,56,31,25,19,8,11,10,3,7,4,1,3,1,0,1,1,1,0,26,26,6,8,5,7,0,0,0,19,16,3,2,13,0,2,5
372512282,1,,372512284,8,4,4,0,0,0,13,7,6,5,4,1,13,7,6,13,7,6,8,3,5,4,1,3,4,1,3,0,0,0,0,0,0,4,4,3,5,0,0,0,0,0,5,5,0,0,5,0,1,2
372512284,2,372512282,,5,3,2,*,*,*,*,*,*,*,*,*,*,*,*,*,*,*,*,*,*,*,*,*,*,*,*,*,*,*,*,*,*,4,4,*,*,*,*,*,*,*,*,*,*,*,*,*,*,*
372512291,0,,,85,46,39,11,9,2,74,37,37,35,19,16,73,37,36,73,37,36,39,18,21,23,10,13,8,4,4,0,0,0,1,1,0,44,44,19,17,3,2,3,0,0,24,21,3,4,31,0,15,5
372512292,0,,,13,7,6,2,1,1,11,6,5,10,6,4,11,6,5,11,6,5,1,0,1,0,0,0,0,0,0,0,0,0,0,0,0,7,7,3,3,0,1,0,0,0,4,4,0,1,1,0,1,0
372512293,0,,,21,12,9,0,0,0,21,12,9,6,5,1,21,12,9,21,12,9,15,7,8,9,2,7,4,0,4,2,0,2,0,0,0,11,11,4,5,1,1,0,0,0,7,6,1,0,10,0,3,3
372512304,2,372512402,,8,6,2,*,*,*,*,*,*,*,*,*,*,*,*,*,*,*,*,*,*,*,*,*,*,*,*,*,*,*,*,*,*,6,6,*,*,*,*,*,*,*,*,*,*,*,*,*,*,*
372512314,2,372512411,,1,1,0,*,*,*,*,*,*,*,*,*,*,*,*,*,*,*,*,*,*,*,*,*,*,*,*,*,*,*,*,*,*,1,1,*,*,*,*,*,*,*,*,*,*,*,*,*,*,*
372512321,2,372512323,,1,0,1,*,*,*,*,*,*,*,*,*,*,*,*,*,*,*,*,*,*,*,*,*,*,*,*,*,*,*,*,*,*,1,1,*,*,*,*,*,*,*,*,*,*,*,*,*,*,*
372512323,1,,372512321;372512324,53,28,25,11,4,7,41,22,19,32,16,16,41,22,19,41,22,19,9,6,3,1,1,0,1,1,0,0,0,0,0,0,0,28,28,19,8,1,1,1,0,1,11,11,0,2,7,1,3,2
372512324,2,372512323,,2,0,2,*,*,*,*,*,*,*,*,*,*,*,*,*,*,*,*,*,*,*,*,*,*,*,*,*,*,*,*,*,*,2,2,*,*,*,*,*,*,*,*,*,*,*,*,*,*,*
372512332,0,,,28,15,13,1,0,1,27,15,12,21,13,8,26,14,12,24,12,12,6,2,4,2,0,2,0,0,0,0,0,0,0,0,0,17,17,10,4,2,1,0,0,0,7,6,1,0,5,2,1,1
372512333,0,,,52,31,21,11,6,5,39,24,15,36,22,14,37,24,13,36,23,13,3,2,1,1,1,0,1,1,0,0,0,0,2,2,0,25,25,11,5,7,1,0,1,0,14,14,0,5,2,3,1,0
372512341,0,,,102,51,51,15,7,8,79,40,39,52,27,25,79,40,39,79,40,39,27,13,14,10,5,5,3,1,2,0,0,0,1,0,1,53,53,23,20,5,2,2,1,0,26,21,5,4,19,3,5,8
372512342,0,,,53,24,29,3,1,2,49,23,26,28,12,16,46,22,24,46,22,24,21,11,10,7,4,3,3,2,1,2,1,1,0,0,0,24,24,5,13,4,1,0,1,0,19,17,2,0,15,0,3,7
372512343,0,,,96,52,44,16,8,8,80,44,36,69,39,30,75,41,34,73,39,34,11,5,6,6,3,3,4,2,2,0,0,0,0,0,0,38,38,12,8,9,5,3,1,0,26,23,3,3,9,4,6,1
372512344,0,,,485,243,242,114,56,58,362,183,179,296,150,146,345,174,171,341,172,169,66,33,33,26,10,16,13,3,10,0,0,0,1,1,0,192,191,57,54,35,24,18,1,2,129,126,3,28,42,6,10,14
372512351,0,,,22,11,11,1,0,1,21,11,10,14,7,7,20,11,9,20,11,9,7,4,3,3,2,1,1,1,0,0,0,0,0,0,0,14,14,10,1,2,1,0,0,0,4,4,0,0,4,1,1,1
372512352,0,,,11,6,5,0,0,0,11,6,5,4,2,2,10,6,4,10,6,4,7,4,3,3,1,2,2,1,1,0,0,0,0,0,0,6,6,2,3,1,0,0,0,0,4,4,0,0,4,0,1,2
372512353,0,,,31,14,17,6,3,3,25,11,14,20,8,12,25,11,14,25,11,14,5,3,2,4,2,2,0,0,0,0,0,0,0,0,0,11,11,1,5,3,0,1,1,0,10,9,1,2,3,0,0,2
372512354,0,,,58,30,28,3,2,1,55,28,27,37,18,19,52,27,25,52,27,25,18,10,8,5,3,2,2,2,0,0,0,0,0,0,0,28,28,10,10,5,2,1,0,0,18,16,2,0,13,0,4,4
372512361,0,,,38,20,18,8,4,4,30,16,14,21,11,10,30,16,14,30,16,14,9,5,4,4,3,1,2,1,1,0,0,0,0,0,0,14,14,2,6,2,3,0,1,0,12,11,1,1,5,0,0,3
372512363,0,,,49,22,27,7,2,5,42,20,22,22,9,13,42,20,22,42,20,22,20,11,9,16,7,9,12,5,7,1,0,1,0,0,0,24,24,11,6,4,2,0,1,0,13,8,5,1,17,0,6,3
372512364,0,,,27,14,13,4,2,2,23,12,11,12,6,6,23,12,11,23,12,11,11,6,5,6,2,4,5,2,3,0,0,0,1,0,1,11,11,3,4,2,1,0,1,0,8,6,2,1,7,0,2,3
372512371,0,,,38,20,18,3,1,2,35,19,16,18,9,9,34,19,15,34,19,15,17,10,7,6,2,4,4,2,2,0,0,0,0,0,0,21,21,8,10,2,1,0,0,0,13,12,1,0,13,0,6,3
372512372,0,,,14,7,7,0,0,0,14,7,7,3,1,2,14,7,7,14,7,7,11,6,5,7,3,4,3,2,1,0,0,0,0,0,0,8,8,4,2,2,0,0,0,0,4,3,1,0,8,0,4,1
372512373,0,,,17,11,6,1,1,0,16,10,6,5,3,2,16,10,6,16,10,6,11,7,4,5,3,2,2,1,1,0,0,0,0,0,0,7,7,3,1,1,1,1,0,0,4,2,2,1,7,0,3,1
372512382,0,,,13,6,7,0,0,0,13,6,7,6,3,3,13,6,7,13,6,7,7,3,4,4,2,2,0,0,0,0,0,0,0,0,0,6,6,1,4,0,1,0,0,0,5,5,0,0,4,0,1,2
372512383,0,,,17,7,10,5,2,3,12,5,7,5,2,3,12,5,7,12,5,7,7,3,4,4,1,3,1,0,1,0,0,0,0,0,0,7,7,3,2,1,0,0,0,1,4,3,1,2,6,0,3,1
372512384,0,,,19,11,8,1,1,0,18,10,8,9,5,4,18,10,8,18,10,8,9,5,4,7,4,3,4,2,2,0,0,0,0,0,0,11,11,6,2,3,0,0,0,0,5,5,0,0,8,0,5,0
372512393,1,,372512394,83,47,36,9,5,4,80,45,35,38,26,12,77,42,35,77,42,35,42,19,23,24,10,14,15,6,9,1,0,1,1,0,1,34,34,9,14,9,2,2,0,1,28,23,5,1,27,0,4,8
372512394,2,372512393,,6,3,3,*,*,*,*,*,*,*,*,*,*,*,*,*,*,*,*,*,*,*,*,*,*,*,*,*,*,*,*,*,*,3,3,*,*,*,*,*,*,*,*,*,*,*,*,*,*,*
372512402,1,,372512304,80,44,36,2,0,2,81,48,33,58,34,24,77,46,31,77,46,31,23,14,9,13,5,8,11,4,7,1,1,0,0,0,0,52,52,40,9,6,3,0,0,0,18,13,5,1,16,7,5,3
372512411,1,,372512314;372512412,461,250,211,47,28,19,396,212,184,244,141,103,387,207,180,385,205,180,152,71,81,77,31,46,48,16,32,7,1,6,3,1,2,258,258,132,82,24,17,2,3,0,125,109,16,12,107,16,32,26
372512412,2,372512411,,2,1,1,*,*,*,*,*,*,*,*,*,*,*,*,*,*,*,*,*,*,*,*,*,*,*,*,*,*,*,*,*,*,1,1,*,*,*,*,*,*,*,*,*,*,*,*,*,*,*
372512413,0,,,632,332,300,107,51,56,511,275,236,401,217,184,493,267,226,485,261,224,110,58,52,41,20,21,22,9,13,1,0,1,6,6,0,311,311,151,71,41,30,14,2,2,156,148,8,32,77,28,27,19
372512414,0,,,157,74,83,35,22,13,116,50,66,106,45,61,108,48,60,104,46,58,10,5,5,5,2,3,3,1,2,0,0,0,0,0,0,68,68,30,12,8,12,5,1,0,37,33,4,8,7,5,1,3
372512421,0,,,98,53,45,25,11,14,62,34,28,52,28,24,62,34,28,60,32,28,10,6,4,1,0,1,0,0,0,0,0,0,0,0,0,47,47,23,10,5,5,4,0,0,20,20,0,9,8,1,5,3
372512422,0,,,242,119,123,73,41,32,162,76,86,146,69,77,156,75,81,155,74,81,16,7,9,9,4,5,1,0,1,0,0,0,2,0,2,95,95,30,23,15,16,9,2,0,65,64,1,22,12,2,6,3
372512423,0,,,662,319,343,121,58,63,520,251,269,376,190,186,500,242,258,495,241,254,144,61,83,88,37,51,41,14,27,6,2,4,2,2,0,317,316,166,62,38,30,16,2,2,148,138,10,38,92,18,61,18
372512424,0,,,1079,533,546,241,123,118,811,397,414,673,328,345,782,380,402,767,371,396,138,69,69,50,23,27,7,4,3,0,0,0,2,1,1,451,451,149,128,70,66,30,6,2,295,278,17,69,97,15,28,34
372512431,0,,,454,238,216,76,38,38,365,191,174,292,157,135,352,182,170,348,179,169,73,34,39,19,9,10,3,2,1,0,0,0,2,2,0,211,209,89,65,25,16,8,6,0,115,110,5,25,53,8,23,13
372512433,0,,,774,385,389,135,74,61,617,302,315,457,227,230,594,288,306,586,286,300,160,75,85,42,22,20,9,6,3,0,0,0,5,3,2,343,343,118,109,54,38,20,4,0,223,213,10,33,104,15,24,46
372512434,0,,,55,30,25,9,6,3,45,24,21,39,20,19,40,21,19,38,20,18,6,4,2,0,0,0,0,0,0,0,0,0,0,0,0,22,22,7,5,5,3,1,1,0,15,14,1,3,4,0,2,1
372512442,0,,,820,409,411,202,104,98,601,299,302,532,264,268,569,282,287,554,274,280,69,35,34,11,7,4,3,3,0,0,0,0,4,2,2,362,362,162,74,51,43,18,9,5,191,185,6,53,51,35,14,15
372512443,0,,,72,39,33,6,2,4,61,34,27,46,29,17,60,33,27,60,33,27,15,5,10,4,0,4,1,0,1,0,0,0,2,0,2,40,40,27,4,3,4,1,0,1,13,8,5,2,11,6,3,2
372512444,0,,,37,21,16,7,6,1,30,15,15,24,13,11,28,15,13,28,15,13,6,2,4,2,1,1,1,0,1,0,0,0,0,0,0,15,15,5,4,3,2,0,0,1,10,9,1,1,5,0,1,2
372512451,0,,,46,22,24,4,1,3,40,20,20,22,12,10,40,20,20,40,20,20,18,8,10,12,4,8,4,1,3,1,0,1,1,0,1,24,24,10,11,1,0,1,1,0,13,11,2,1,12,1,5,3
372512452,0,,,27,13,14,1,0,1,26,13,13,20,10,10,26,13,13,26,13,13,6,3,3,1,1,0,0,0,0,0,0,0,0,0,0,11,11,2,4,3,2,0,0,0,9,7,2,0,4,1,0,1
372512453,0,,,88,51,37,12,6,6,75,44,31,50,28,22,73,43,30,72,42,30,25,16,9,13,8,5,6,3,3,1,1,0,0,0,0,39,39,11,16,5,5,2,0,0,27,26,1,4,17,0,2,8
372512454,0,,,24,13,11,0,0,0,24,13,11,13,8,5,24,13,11,24,13,11,11,5,6,10,4,6,5,3,2,0,0,0,1,0,1,14,14,6,7,0,1,0,0,0,8,7,1,0,8,0,3,3
372512461,0,,,11,7,4,0,0,0,11,7,4,4,3,1,11,7,4,11,7,4,7,4,3,3,2,1,2,1,1,0,0,0,0,0,0,5,5,1,2,2,0,0,0,0,4,3,1,0,4,0,1,0
372512462,1,,372512464,86,43,43,18,8,10,71,36,35,45,26,19,67,34,33,67,34,33,26,10,16,9,1,8,6,0,6,3,0,3,4,1,3,31,31,8,14,5,1,1,1,3,25,21,4,4,18,0,5,3
372512464,2,372512462,,3,1,2,*,*,*,*,*,*,*,*,*,*,*,*,*,*,*,*,*,*,*,*,*,*,*,*,*,*,*,*,*,*,2,2,*,*,*,*,*,*,*,*,*,*,*,*,*,*,*
372512471,1,,372512472;372512473,49,24,25,4,3,1,53,25,28,23,9,14,53,25,28,52,25,27,30,16,14,17,6,11,6,2,4,0,0,0,0,0,0,18,18,5,11,4,3,0,1,0,19,19,0,0,20,0,4,7
372512472,2,372512471,,3,2,1,*,*,*,*,*,*,*,*,*,*,*,*,*,*,*,*,*,*,*,*,*,*,*,*,*,*,*,*,*,*,2,2,*,*,*,*,*,*,*,*,*,*,*,*,*,*,*
372512473,2,372512471,,5,2,3,*,*,*,*,*,*,*,*,*,*,*,*,*,*,*,*,*,*,*,*,*,*,*,*,*,*,*,*,*,*,4,4,*,*,*,*,*,*,*,*,*,*,*,*,*,*,*
372512474,0,,,53,23,30,0,0,0,53,23,30,20,11,9,53,23,30,53,23,30,33,12,21,22,7,15,11,4,7,0,0,0,0,0,0,28,28,9,15,3,0,1,0,0,19,17,2,0,23,0,6,8
372512481,0,,,27,18,9,0,0,0,27,18,9,15,12,3,25,16,9,24,15,9,12,6,6,5,1,4,2,0,2,0,0,0,0,0,0,14,14,7,3,2,2,0,0,0,7,6,1,0,9,0,5,0
372512492,0,,,21,12,9,0,0,0,21,12,9,4,4,0,21,12,9,21,12,9,17,8,9,8,4,4,1,0,1,0,0,0,0,0,0,13,13,6,6,1,0,0,0,0,7,7,0,0,11,0,4,5
372512511,0,,,99,56,43,23,14,9,71,37,34,71,37,34,68,35,33,67,34,33,0,0,0,0,0,0,0,0,0,0,0,0,4,3,1,45,45,19,10,6,8,2,0,0,21,21,0,9,0,4,0,0
372512512,0,,,1090,516,574,267,124,143,782,372,410,692,330,362,753,364,389,745,360,385,90,42,48,24,11,13,3,1,2,0,0,0,6,5,1,487,487,208,112,73,50,30,9,5,265,257,8,83,65,43,17,25
372512513,0,,,63,34,29,10,6,4,46,24,22,38,19,19,46,24,22,46,24,22,8,5,3,4,2,2,3,1,2,0,0,0,2,0,2,33,33,14,12,4,2,1,0,0,18,18,0,3,5,0,1,3
372512514,0,,,448,220,228,74,34,40,346,172,174,284,141,143,334,166,168,331,165,166,62,31,31,25,11,14,4,2,2,0,0,0,3,1,2,247,247,138,53,25,26,5,0,0,104,99,5,23,43,26,11,16
372512521,0,,,1726,874,852,361,204,157,1332,657,675,1038,532,506,1272,629,643,1247,616,631,294,125,169,117,45,72,31,13,18,0,0,0,6,1,5,782,782,330,199,100,86,53,11,3,444,427,17,97,212,40,71,63
372512522,0,,,1176,570,606,206,106,100,936,449,487,706,343,363,901,428,473,888,423,465,230,106,124,77,38,39,15,5,10,1,0,1,6,3,3,524,524,186,171,79,48,27,8,5,328,313,15,56,157,26,43,65
372512523,0,,,883,441,442,147,77,70,706,350,356,485,252,233,685,338,347,676,332,344,221,98,123,111,48,63,19,8,11,2,0,2,4,0,4,444,443,221,110,56,39,12,4,1,218,205,13,43,146,19,56,44
372512524,0,,,1219,566,653,194,97,97,1006,458,548,668,313,355,965,443,522,936,435,501,338,145,193,177,79,98,57,24,33,1,0,1,10,2,8,559,558,214,176,73,59,28,4,4,335,300,35,60,227,11,82,72
372512531,0,,,1368,700,668,236,115,121,1091,566,525,857,454,403,1054,544,510,1041,538,503,234,112,122,81,38,43,23,9,14,2,1,1,16,11,5,649,648,286,162,101,61,29,6,3,353,334,19,78,161,29,44,48
372512532,0,,,859,405,454,198,91,107,640,304,336,526,252,274,615,294,321,595,287,308,114,52,62,34,15,19,6,1,5,0,0,0,3,0,3,353,352,121,102,49,43,25,10,2,229,213,16,63,69,9,12,27
372512533,0,,,1239,603,636,302,149,153,913,441,472,726,352,374,868,423,445,857,417,440,187,89,98,64,33,31,20,7,13,2,0,2,6,5,1,515,514,189,132,78,58,37,14,6,318,299,19,84,118,30,27,47
372512534,0,,,1138,561,577,237,121,116,881,426,455,720,356,364,845,404,441,833,398,435,161,70,91,51,20,31,13,5,8,2,0,2,6,2,4,503,502,194,144,69,52,32,7,4,303,294,9,71,114,22,42,38
372512541,2,372512543,,4,1,3,*,*,*,*,*,*,*,*,*,*,*,*,*,*,*,*,*,*,*,*,*,*,*,*,*,*,*,*,*,*,2,2,*,*,*,*,*,*,*,*,*,*,*,*,*,*,*
372512542,2,372512544,,2,1,1,*,*,*,*,*,*,*,*,*,*,*,*,*,*,*,*,*,*,*,*,*,*,*,*,*,*,*,*,*,*,1,1,*,*,*,*,*,*,*,*,*,*,*,*,*,*,*
372512543,1,,372512541,49,23,26,10,4,6,43,20,23,42,20,22,39,17,22,38,17,21,1,0,1,1,0,1,0,0,0,0,0,0,0,0,0,21,21,6,9,5,1,2,0,0,17,17,0,3,1,0,1,0
372512544,1,,372512542;372512551;372512553;372512554,12,6,6,0,0,0,25,15,10,18,10,8,25,15,10,25,15,10,7,5,2,3,1,2,1,1,0,0,0,0,6,6,0,8,8,10,6,1,0,0,0,0,7,6,1,0,6,3,2,2
372512551,2,372512544,,3,3,0,*,*,*,*,*,*,*,*,*,*,*,*,*,*,*,*,*,*,*,*,*,*,*,*,*,*,*,*,*,*,3,3,*,*,*,*,*,*,*,*,*,*,*,*,*,*,*
372512553,2,372512544,,5,4,1,*,*,*,*,*,*,*,*,*,*,*,*,*,*,*,*,*,*,*,*,*,*,*,*,*,*,*,*,*,*,4,4,*,*,*,*,*,*,*,*,*,*,*,*,*,*,*
372512554,2,372512544,,3,1,2,*,*,*,*,*,*,*,*,*,*,*,*,*,*,*,*,*,*,*,*,*,*,*,*,*,*,*,*,*,*,1,1,*,*,*,*,*,*,*,*,*,*,*,*,*,*,*
372512561,1,,372512562;372512563,13,4,9,5,0,5,18,8,10,11,5,6,18,8,10,17,7,10,7,3,4,4,2,2,2,1,1,0,0,0,0,0,0,4,4,2,6,0,1,1,0,0,8,7,1,2,4,0,1,2
372512562,2,372512561,,2,1,1,*,*,*,*,*,*,*,*,*,*,*,*,*,*,*,*,*,*,*,*,*,*,*,*,*,*,*,*,*,*,1,1,*,*,*,*,*,*,*,*,*,*,*,*,*,*,*
372512563,2,372512561,,8,3,5,*,*,*,*,*,*,*,*,*,*,*,*,*,*,*,*,*,*,*,*,*,*,*,*,*,*,*,*,*,*,5,5,*,*,*,*,*,*,*,*,*,*,*,*,*,*,*
372512564,0,,,11,5,6,0,0,0,11,5,6,6,3,3,11,5,6,11,5,6,5,2,3,0,0,0,0,0,0,0,0,0,0,0,0,7,7,3,4,0,0,0,0,0,3,3,0,0,3,0,1,2
372512611,0,,,12,8,4,0,0,0,12,8,4,12,8,4,12,8,4,12,8,4,0,0,0,0,0,0,0,0,0,0,0,0,0,0,0,9,9,7,1,1,0,0,0,0,1,1,0,0,0,2,0,0
372512612,0,,,1050,497,553,220,105,115,808,379,429,651,318,333,749,352,397,732,341,391,157,61,96,50,16,34,17,3,14,2,0,2,10,6,4,505,504,255,103,62,50,16,15,3,244,226,18,47,111,30,49,23
372512614,0,,,37,19,18,3,2,1,32,16,16,23,13,10,30,15,15,30,15,15,9,3,6,5,1,4,1,0,1,0,0,0,0,0,0,26,26,21,2,1,1,1,0,0,4,4,0,0,8,3,7,0
372512621,0,,,1305,592,713,155,86,69,1081,469,612,683,332,351,1054,459,595,1048,455,593,398,137,261,230,77,153,84,26,58,10,1,9,23,11,12,725,724,395,195,59,44,21,9,1,315,279,36,38,299,23,130,63
372512622,0,,,1572,762,810,202,104,98,1330,641,689,898,465,433,1285,614,671,1270,606,664,432,176,256,224,87,137,91,29,62,13,4,9,18,6,12,796,794,372,242,92,48,27,9,4,408,380,28,57,300,34,121,73
372512623,0,,,763,368,395,69,36,33,666,316,350,400,211,189,655,310,345,650,308,342,266,105,161,146,59,87,60,22,38,4,2,2,6,2,4,451,450,258,119,42,20,9,2,0,188,172,16,24,196,32,84,42
372512624,0,,,1795,873,922,259,126,133,1462,711,751,1009,519,490,1420,691,729,1404,679,725,453,192,261,250,96,154,106,39,67,14,4,10,5,2,3,917,914,458,231,117,71,26,3,8,440,403,37,91,307,44,128,82
372512631,0,,,1095,565,530,186,104,82,876,445,431,611,329,282,857,434,423,844,429,415,265,116,149,120,54,66,19,7,12,2,1,1,5,2,3,527,527,217,168,68,48,16,7,3,305,282,23,72,182,31,50,67
372512632,0,,,985,475,510,183,89,94,790,379,411,610,294,316,755,367,388,742,358,384,180,85,95,48,20,28,11,2,9,1,0,1,5,3,2,409,407,118,141,65,52,19,10,2,288,269,19,62,119,15,22,51
372512633,0,,,1192,581,611,246,123,123,928,451,477,699,342,357,886,433,453,871,423,448,229,109,120,69,32,37,14,6,8,0,0,0,18,5,13,492,492,148,153,88,59,30,11,3,341,323,18,65,149,22,28,63
372512634,0,,,766,386,380,177,88,89,576,289,287,520,259,261,553,281,272,541,277,264,56,30,26,8,4,4,2,1,1,0,0,0,23,5,18,353,353,169,68,47,37,24,5,3,179,172,7,53,39,59,10,14
372512641,0,,,41,30,11,13,10,3,28,20,8,20,14,6,28,20,8,28,20,8,8,6,2,0,0,0,0,0,0,0,0,0,0,0,0,9,8,0,1,0,6,1,0,0,8,8,0,4,2,0,0,1
372512642,2,372512643,,4,2,2,*,*,*,*,*,*,*,*,*,*,*,*,*,*,*,*,*,*,*,*,*,*,*,*,*,*,*,*,*,*,2,2,*,*,*,*,*,*,*,*,*,*,*,*,*,*,*
372512643,1,,372512642,59,29,30,6,2,4,57,29,28,37,20,17,57,29,28,57,29,28,20,9,11,11,4,7,5,1,4,1,0,1,0,0,0,22,22,2,13,3,5,0,1,0,22,20,2,2,15,0,2,3
372512644,0,,,39,23,16,3,3,0,36,20,16,22,13,9,36,20,16,36,20,16,14,7,7,9,3,6,1,0,1,0,0,0,0,0,0,13,13,0,5,4,3,1,0,0,13,10,3,1,10,0,0,4
372512661,1,,372512662,78,38,40,6,5,1,78,38,40,33,18,15,77,38,39,77,38,39,45,20,25,24,12,12,9,3,6,0,0,0,1,0,1,35,35,16,13,7,3,1,1,0,24,19,5,2,30,0,11,4
372512662,2,372512661,,8,7,1,*,*,*,*,*,*,*,*,*,*,*,*,*,*,*,*,*,*,*,*,*,*,*,*,*,*,*,*,*,*,6,6,*,*,*,*,*,*,*,*,*,*,*,*,*,*,*
372512721,0,,,140,67,73,12,4,8,127,63,64,73,38,35,126,62,64,125,62,63,54,25,29,35,17,18,7,3,4,0,0,0,2,0,2,75,75,38,20,9,5,3,0,0,37,34,3,3,41,1,16,12
372512722,0,,,1218,635,583,197,107,90,998,518,480,688,359,329,969,504,465,955,496,459,310,159,151,139,63,76,46,14,32,1,0,1,7,5,2,603,603,283,162,73,46,30,5,4,313,274,39,58,222,34,80,62
372512724,0,,,279,142,137,38,20,18,238,121,117,182,96,86,232,120,112,230,120,110,56,25,31,24,8,16,9,4,5,0,0,0,4,0,4,140,140,61,41,25,7,4,1,1,78,75,3,9,43,7,15,5
372512731,0,,,627,308,319,121,64,57,499,241,258,382,182,200,472,225,247,465,220,245,117,59,58,21,10,11,3,1,2,0,0,0,7,5,2,280,280,95,101,42,25,8,3,6,183,173,10,27,83,17,14,33
372512732,0,,,580,292,288,138,78,60,439,213,226,383,187,196,415,203,212,403,198,205,56,26,30,20,7,13,12,5,7,4,1,3,11,6,5,219,218,51,72,40,36,9,7,3,163,162,1,43,29,12,6,13
372512733,0,,,227,113,114,32,16,16,191,96,95,145,75,70,175,89,86,174,89,85,46,21,25,17,11,6,2,2,0,0,0,0,3,1,2,103,103,35,39,9,15,4,0,1,67,62,5,7,29,9,6,12
372512734,0,,,104,37,67,6,2,4,98,35,63,11,6,5,97,35,62,96,34,62,87,29,58,78,24,54,57,12,45,16,2,14,0,0,0,5,4,0,1,0,2,0,1,0,4,2,2,1,0,0,0,0
372512741,0,,,181,93,88,18,10,8,163,83,80,124,66,58,156,79,77,155,79,76,39,17,22,15,4,11,11,1,10,1,0,1,0,0,0,74,74,17,29,13,10,4,0,1,56,50,6,2,29,0,9,7
372512743,0,,,72,39,33,1,0,1,71,39,32,48,27,21,71,39,32,70,39,31,23,12,11,8,5,3,4,2,2,0,0,0,0,0,0,21,20,6,9,3,1,1,0,0,14,12,2,0,12,0,4,4
372512752,1,,372512753,17,7,10,5,2,3,15,7,8,4,2,2,15,7,8,15,7,8,11,5,6,9,3,6,8,3,5,0,0,0,1,0,1,6,6,2,4,0,1,0,1,0,6,5,1,0,7,0,2,3
372512753,2,372512752,,3,2,1,*,*,*,*,*,*,*,*,*,*,*,*,*,*,*,*,*,*,*,*,*,*,*,*,*,*,*,*,*,*,2,2,*,*,*,*,*,*,*,*,*,*,*,*,*,*,*
372512822,0,,,89,48,41,4,2,2,84,45,39,58,31,27,84,45,39,82,45,37,26,14,12,11,6,5,4,2,2,1,0,1,0,0,0,46,46,18,16,9,3,0,0,0,28,25,3,2,17,3,3,8
372512823,2,372512824,,5,3,2,*,*,*,*,*,*,*,*,*,*,*,*,*,*,*,*,*,*,*,*,*,*,*,*,*,*,*,*,*,*,2,2,*,*,*,*,*,*,*,*,*,*,*,*,*,*,*
372512824,1,,372512823,108,53,55,26,12,14,82,43,39,77,39,38,81,43,38,81,43,38,5,4,1,2,1,1,0,0,0,0,0,0,0,0,0,65,65,45,10,5,3,3,1,0,22,22,0,5,4,9,3,1
372512831,0,,,349,163,186,62,38,24,285,123,162,201,95,106,269,113,156,265,111,154,84,28,56,56,16,40,40,8,32,5,1,4,8,5,3,117,113,49,35,14,6,5,3,1,64,63,1,11,26,7,12,5
372512832,0,,,56,30,26,3,2,1,53,28,25,32,18,14,52,27,25,52,27,25,21,10,11,7,4,3,3,0,3,1,0,1,1,1,0,24,24,4,10,8,2,0,0,0,20,15,5,2,13,0,1,3
372512833,0,,,18,11,7,3,3,0,15,8,7,11,6,5,15,8,7,14,7,7,4,2,2,1,0,1,0,0,0,0,0,0,1,0,1,9,9,5,2,1,0,0,1,0,4,3,1,1,3,0,2,1
372512834,0,,,9,4,5,1,0,1,8,4,4,4,2,2,8,4,4,8,4,4,4,2,2,3,1,2,1,0,1,0,0,0,0,0,0,5,5,2,2,1,0,0,0,0,3,3,0,1,3,0,2,1
372512851,0,,,52,31,21,2,2,0,50,29,21,22,15,7,50,29,21,50,29,21,28,14,14,15,6,9,8,2,6,0,0,0,0,0,0,26,26,13,5,4,3,1,0,0,13,9,4,1,22,0,11,1
372512853,1,,372512953,36,23,13,0,0,0,43,26,17,15,9,6,43,26,17,43,26,17,28,17,11,20,10,10,13,7,6,1,0,1,6,6,0,18,17,11,8,1,1,0,0,0,9,9,0,0,13,5,4,4
372512922,0,,,133,74,59,12,8,4,121,66,55,104,58,46,119,65,54,118,64,54,17,8,9,8,5,3,2,1,1,0,0,0,1,1,0,76,76,37,25,10,4,0,0,0,38,38,0,9,11,11,4,3
372512923,0,,,60,31,29,3,1,2,57,30,27,24,13,11,55,29,26,55,29,26,33,17,16,11,4,7,3,0,3,1,0,1,0,0,0,26,26,4,15,4,1,2,0,0,22,20,2,1,22,0,3,8
372512924,0,,,56,31,25,6,4,2,50,27,23,34,19,15,49,26,23,49,26,23,16,8,8,5,3,2,1,0,1,0,0,0,0,0,0,28,28,12,9,4,2,0,1,0,16,15,1,2,12,0,5,3
372512931,2,372512932,,8,4,4,*,*,*,*,*,*,*,*,*,*,*,*,*,*,*,*,*,*,*,*,*,*,*,*,*,*,*,*,*,*,2,2,*,*,*,*,*,*,*,*,*,*,*,*,*,*,*
372512932,1,,372512931;372512941,119,58,61,11,6,5,120,58,62,76,37,39,118,56,62,117,55,62,44,21,23,25,13,12,5,2,3,0,0,0,0,0,0,51,51,12,23,8,7,3,1,0,41,37,4,3,29,0,6,11
372512933,0,,,61,33,28,5,3,2,56,30,26,21,12,9,55,30,25,55,30,25,35,18,17,22,10,12,7,3,4,0,0,0,0,0,0,33,33,12,16,4,0,1,0,0,21,20,1,1,25,0,11,9
372512934,0,,,408,212,196,40,23,17,368,189,179,195,109,86,356,179,177,355,178,177,173,80,93,87,37,50,34,11,23,3,0,3,2,1,1,204,204,88,66,28,13,3,5,1,114,99,15,11,125,1,57,35
372512941,2,372512932,,4,2,2,*,*,*,*,*,*,*,*,*,*,*,*,*,*,*,*,*,*,*,*,*,*,*,*,*,*,*,*,*,*,1,1,*,*,*,*,*,*,*,*,*,*,*,*,*,*,*
372512953,2,372512853,,7,3,4,*,*,*,*,*,*,*,*,*,*,*,*,*,*,*,*,*,*,*,*,*,*,*,*,*,*,*,*,*,*,4,4,*,*,*,*,*,*,*,*,*,*,*,*,*,*,*
372513002,0,,,35,19,16,2,1,1,33,18,15,14,9,5,33,18,15,33,18,15,19,9,10,14,6,8,9,4,5,1,0,1,0,0,0,21,21,11,6,4,0,0,0,0,10,9,1,0,15,0,7,2
372513003,0,,,31,15,16,3,2,1,28,13,15,17,10,7,23,9,14,23,9,14,11,3,8,4,0,4,1,0,1,1,0,1,1,1,0,10,10,0,3,4,2,1,0,0,10,5,5,0,7,0,0,1
372513004,0,,,109,50,59,14,8,6,95,42,53,80,32,48,87,39,48,86,39,47,15,10,5,5,3,2,3,2,1,1,1,0,0,0,0,45,45,11,18,9,2,3,2,0,34,34,0,2,12,0,6,4
372513011,0,,,220,103,117,34,16,18,186,87,99,100,50,50,179,85,94,178,85,93,86,37,49,46,15,31,24,7,17,2,0,2,2,0,2,97,97,34,34,14,6,6,1,2,63,56,7,8,65,0,26,14
372513012,0,,,35,17,18,8,4,4,27,13,14,19,10,9,26,12,14,25,12,13,8,3,5,3,1,2,2,0,2,0,0,0,2,1,1,14,14,5,3,3,1,1,1,0,9,9,0,2,6,0,3,2
372513013,0,,,139,74,65,37,24,13,102,50,52,75,34,41,98,48,50,93,47,46,27,16,11,9,6,3,4,3,1,0,0,0,0,0,0,51,51,12,14,13,5,3,3,1,39,36,3,7,17,1,2,6
372513014,0,,,63,32,31,7,5,2,56,27,29,36,18,18,50,25,25,49,24,25,20,9,11,12,4,8,3,0,3,0,0,0,2,1,1,29,29,6,18,3,1,0,0,1,22,19,3,1,15,1,3,7
372513023,2,372513112,,8,5,3,*,*,*,*,*,*,*,*,*,*,*,*,*,*,*,*,*,*,*,*,*,*,*,*,*,*,*,*,*,*,4,4,*,*,*,*,*,*,*,*,*,*,*,*,*,*,*
372513031,1,,372513132,84,47,37,5,2,3,80,45,35,43,26,17,76,43,33,76,43,33,37,19,18,24,11,13,13,7,6,1,0,1,1,1,0,42,42,17,15,7,3,1,0,0,25,23,2,1,27,0,9,4
372513101,0,,,91,43,48,5,1,4,85,42,43,46,24,22,84,41,43,84,41,43,39,18,21,16,6,10,7,3,4,0,0,0,1,0,1,50,50,18,26,4,1,1,0,0,32,30,2,0,28,0,11,8
372513102,0,,,60,32,28,7,2,5,53,30,23,26,15,11,51,29,22,51,29,22,27,15,12,7,3,4,2,0,2,1,0,1,0,0,0,32,32,18,6,5,2,0,0,1,14,11,3,1,20,0,12,3
372513103,0,,,27,14,13,2,2,0,25,12,13,22,10,12,21,12,9,21,12,9,3,2,1,2,1,1,2,1,1,0,0,0,0,0,0,12,12,4,3,4,0,1,0,0,8,8,0,0,3,0,2,1
372513112,1,,372513023,56,28,28,6,4,2,58,29,29,27,15,12,58,29,29,58,29,29,31,14,17,21,8,13,11,5,6,0,0,0,1,0,1,24,24,6,13,5,3,1,0,0,22,18,4,1,19,0,4,6
372513114,0,,,18,8,10,2,1,1,16,7,9,7,4,3,15,6,9,15,6,9,9,3,6,8,3,5,6,2,4,0,0,0,0,0,0,8,8,3,3,0,1,1,0,0,5,4,1,0,6,0,2,2
372513132,2,372513031,,1,0,1,*,*,*,*,*,*,*,*,*,*,*,*,*,*,*,*,*,*,*,*,*,*,*,*,*,*,*,*,*,*,1,1,*,*,*,*,*,*,*,*,*,*,*,*,*,*,*
372513201,0,,,127,72,55,8,3,5,119,69,50,58,36,22,113,66,47,112,65,47,61,33,28,35,15,20,20,8,12,1,0,1,0,0,0,61,61,22,24,9,2,2,2,0,38,35,3,1,41,0,12,11
372513203,0,,,24,15,9,0,0,0,24,15,9,10,8,2,24,15,9,24,15,9,14,7,7,11,5,6,5,3,2,0,0,0,0,0,0,14,14,7,5,1,1,0,0,0,7,7,0,0,10,0,4,2
372521022,0,,,56,24,32,10,5,5,46,19,27,34,15,19,46,19,27,46,19,27,12,4,8,5,2,3,1,1,0,0,0,0,0,0,0,24,24,6,11,4,1,0,2,0,18,15,3,5,9,0,3,3
372521024,0,,,137,66,71,26,15,11,111,51,60,59,28,31,107,47,60,105,47,58,52,23,29,34,12,22,18,5,13,3,0,3,0,0,0,51,50,7,25,5,8,4,1,0,41,36,5,7,30,0,6,14
372521031,0,,,188,89,99,10,4,6,178,85,93,87,46,41,171,82,89,170,82,88,91,39,52,46,17,29,22,7,15,1,0,1,0,0,0,98,98,39,40,11,6,1,0,1,59,54,5,1,63,0,27,20
372521032,1,,372521043,18,5,13,0,0,0,21,6,15,3,1,2,21,6,15,21,6,15,18,5,13,12,3,9,7,1,6,2,0,2,0,0,0,5,4,3,1,1,0,0,0,0,1,1,0,0,4,0,2,1
372521033,0,,,454,236,218,48,27,21,406,209,197,218,115,103,396,206,190,394,205,189,188,94,94,101,48,53,51,25,26,4,1,3,1,0,1,215,215,70,92,29,13,6,4,1,144,126,18,11,133,0,43,38
372521043,2,372521032,,3,1,2,*,*,*,*,*,*,*,*,*,*,*,*,*,*,*,*,*,*,*,*,*,*,*,*,*,*,*,*,*,*,1,1,*,*,*,*,*,*,*,*,*,*,*,*,*,*,*
372521054,2,372521063,,3,1,2,*,*,*,*,*,*,*,*,*,*,*,*,*,*,*,*,*,*,*,*,*,*,*,*,*,*,*,*,*,*,2,2,*,*,*,*,*,*,*,*,*,*,*,*,*,*,*
372521061,0,,,52,27,25,5,3,2,47,24,23,24,13,11,47,24,23,47,24,23,23,11,12,5,2,3,2,1,1,0,0,0,0,0,0,23,23,4,13,3,2,1,0,0,19,19,0,0,14,0,4,8
372521062,0,,,264,126,138,76,43,33,188,83,105,145,66,79,180,79,101,178,77,101,43,17,26,16,5,11,5,0,5,0,0,0,0,0,0,93,93,21,26,22,4,13,5,2,71,60,11,17,30,0,9,7
372521063,1,,372521054,170,81,89,20,10,10,152,71,81,101,51,50,146,67,79,145,66,79,51,20,31,22,10,12,11,3,8,0,0,0,0,0,0,70,70,16,35,11,5,1,1,3,55,43,12,4,37,0,10,11
372521064,1,,372521073,935,476,459,63,34,29,874,442,432,367,209,158,861,435,426,851,428,423,507,233,274,247,106,141,108,32,76,7,2,5,0,0,0,438,437,147,185,61,24,13,1,7,279,219,60,12,326,1,100,103
372521073,2,372521064,,3,1,2,*,*,*,*,*,*,*,*,*,*,*,*,*,*,*,*,*,*,*,*,*,*,*,*,*,*,*,*,*,*,1,1,*,*,*,*,*,*,*,*,*,*,*,*,*,*,*
372521122,2,372521131,,2,1,1,*,*,*,*,*,*,*,*,*,*,*,*,*,*,*,*,*,*,*,*,*,*,*,*,*,*,*,*,*,*,1,1,*,*,*,*,*,*,*,*,*,*,*,*,*,*,*
372521131,1,,372521122;372521322,35,17,18,3,1,2,36,18,18,18,12,6,36,18,18,36,18,18,18,6,12,13,4,9,7,1,6,0,0,0,0,0,0,17,17,4,12,2,0,1,0,0,15,12,3,1,12,0,4,5
372521161,0,,,107,56,51,11,3,8,96,53,43,50,32,18,94,51,43,92,51,41,46,21,25,20,7,13,9,4,5,0,0,0,0,0,0,46,46,17,13,9,1,4,1,1,29,20,9,2,31,0,8,4
372521162,1,,372521164,760,380,380,57,31,26,707,352,355,333,173,160,693,345,348,684,338,346,374,179,195,173,73,100,71,22,49,3,0,3,0,0,0,353,353,128,120,58,32,11,3,3,224,174,50,16,254,2,77,63
372521163,0,,,75,31,44,15,6,9,60,25,35,47,18,29,57,23,34,56,22,34,13,7,6,4,2,2,0,0,0,0,0,0,0,0,0,32,32,13,7,5,2,5,0,0,18,17,1,3,12,0,5,1
372521164,2,372521162,,4,3,1,*,*,*,*,*,*,*,*,*,*,*,*,*,*,*,*,*,*,*,*,*,*,*,*,*,*,*,*,*,*,2,2,*,*,*,*,*,*,*,*,*,*,*,*,*,*,*
372521322,2,372521131,,2,1,1,*,*,*,*,*,*,*,*,*,*,*,*,*,*,*,*,*,*,*,*,*,*,*,*,*,*,*,*,*,*,1,1,*,*,*,*,*,*,*,*,*,*,*,*,*,*,*
372522021,1,,372522022,20,13,7,2,1,1,20,12,8,12,8,4,20,12,8,20,12,8,8,4,4,4,2,2,1,1,0,0,0,0,0,0,0,15,15,12,3,2,0,0,0,0,5,5,0,1,5,2,1,3
372522022,2,372522021,,4,1,3,*,*,*,*,*,*,*,*,*,*,*,*,*,*,*,*,*,*,*,*,*,*,*,*,*,*,*,*,*,*,2,2,*,*,*,*,*,*,*,*,*,*,*,*,*,*,*
372522031,1,,372522034,60,28,32,7,4,3,54,25,29,34,18,16,54,25,29,54,25,29,20,7,13,10,3,7,3,1,2,0,0,0,2,2,0,31,31,15,10,4,2,0,1,0,15,12,3,2,13,7,3,5
372522032,1,,372522041,22,12,10,7,3,4,17,10,7,12,7,5,17,10,7,17,10,7,5,3,2,1,0,1,0,0,0,0,0,0,0,0,0,9,9,3,4,1,0,2,0,0,7,6,1,1,4,0,3,1
372522034,2,372522031,,1,1,0,*,*,*,*,*,*,*,*,*,*,*,*,*,*,*,*,*,*,*,*,*,*,*,*,*,*,*,*,*,*,1,1,*,*,*,*,*,*,*,*,*,*,*,*,*,*,*
372522041,2,372522032,,2,1,1,*,*,*,*,*,*,*,*,*,*,*,*,*,*,*,*,*,*,*,*,*,*,*,*,*,*,*,*,*,*,1,1,*,*,*,*,*,*,*,*,*,*,*,*,*,*,*
372522132,2,372522143,,16,5,11,*,*,*,*,*,*,*,*,*,*,*,*,*,*,*,*,*,*,*,*,*,*,*,*,*,*,*,*,*,*,1,0,*,*,*,*,*,*,*,*,*,*,*,*,*,*,*
372522134,2,372522143,,1,1,0,*,*,*,*,*,*,*,*,*,*,*,*,*,*,*,*,*,*,*,*,*,*,*,*,*,*,*,*,*,*,1,1,*,*,*,*,*,*,*,*,*,*,*,*,*,*,*
372522141,0,,,77,41,36,9,4,5,68,37,31,35,20,15,66,36,30,66,36,30,33,17,16,18,8,10,12,4,8,2,0,2,0,0,0,42,42,21,16,2,2,0,0,1,20,17,3,2,27,0,13,3
372522143,1,,372522132;372522134,35,20,15,0,0,0,52,26,26,18,10,8,51,25,26,51,25,26,34,16,18,25,8,17,17,5,12,0,0,0,0,0,0,21,21,13,5,3,1,0,0,0,9,9,0,0,15,0,10,0
372522243,0,,,40,21,19,1,1,0,39,20,19,8,6,2,39,20,19,39,20,19,31,14,17,30,14,16,22,11,11,2,0,2,0,0,0,29,29,19,9,1,0,0,0,0,10,10,0,1,23,0,15,8
372522331,2,372522333,,2,1,1,*,*,*,*,*,*,*,*,*,*,*,*,*,*,*,*,*,*,*,*,*,*,*,*,*,*,*,*,*,*,1,1,*,*,*,*,*,*,*,*,*,*,*,*,*,*,*
372522332,0,,,38,24,14,12,9,3,24,14,10,24,14,10,16,11,5,13,9,4,0,0,0,0,0,0,0,0,0,0,0,0,0,0,0,12,11,7,1,0,3,0,0,0,4,4,0,1,0,0,0,0
372522333,1,,372522331,18,9,9,1,1,0,17,8,9,12,5,7,16,8,8,16,8,8,5,3,2,4,2,2,0,0,0,0,0,0,1,0,1,10,10,4,6,0,1,0,0,0,5,5,0,0,3,0,1,2
372522341,0,,,30,19,11,0,0,0,30,19,11,9,6,3,30,19,11,30,19,11,21,13,8,21,13,8,15,9,6,6,0,6,0,0,0,29,29,28,1,0,0,0,0,0,1,1,0,0,21,0,21,0
372522433,0,,,13,7,6,0,0,0,13,7,6,6,3,3,13,7,6,13,7,6,7,4,3,3,1,2,0,0,0,0,0,0,0,0,0,8,8,3,5,0,0,0,0,0,5,5,0,0,5,0,1,3
372522434,0,,,102,51,51,2,2,0,100,49,51,52,28,24,98,48,50,94,46,48,48,21,27,18,7,11,9,3,6,0,0,0,0,0,0,46,46,9,27,3,6,0,1,0,37,31,6,1,33,0,7,13
372522521,0,,,13,4,9,0,0,0,13,4,9,0,0,0,13,4,9,13,4,9,13,4,9,11,3,8,9,2,7,1,0,1,0,0,0,1,0,0,0,0,0,0,0,0,0,0,0,0,0,0,0,0
372522531,2,372522532,,2,1,1,*,*,*,*,*,*,*,*,*,*,*,*,*,*,*,*,*,*,*,*,*,*,*,*,*,*,*,*,*,*,1,1,*,*,*,*,*,*,*,*,*,*,*,*,*,*,*
372522532,1,,372522531,130,62,68,12,6,6,120,57,63,56,26,30,118,56,62,117,56,61,64,31,33,40,17,23,14,5,9,2,0,2,0,0,0,64,64,23,25,12,3,1,1,0,42,40,2,4,43,0,12,13
372522614,2,372522721,,2,2,0,*,*,*,*,*,*,*,*,*,*,*,*,*,*,*,*,*,*,*,*,*,*,*,*,*,*,*,*,*,*,2,2,*,*,*,*,*,*,*,*,*,*,*,*,*,*,*
372522712,0,,,142,74,68,18,13,5,123,60,63,76,37,39,120,58,62,119,58,61,47,23,24,27,12,15,5,0,5,0,0,0,0,0,0,62,62,23,20,8,5,2,3,1,38,30,8,5,34,1,11,9
372522714,1,,372522811;372522812,64,33,31,4,3,1,66,34,32,41,23,18,63,33,30,63,33,30,25,11,14,14,4,10,5,0,5,0,0,0,1,0,1,37,37,19,14,5,2,0,0,0,21,20,1,0,23,0,9,2
372522721,1,,372522614,184,94,90,30,18,12,155,77,78,112,56,56,149,74,75,145,72,73,43,21,22,22,8,14,8,2,6,0,0,0,0,0,0,81,80,31,21,16,10,3,1,0,51,50,1,9,33,1,15,5
372522723,0,,,74,40,34,6,2,4,67,38,29,28,18,10,67,38,29,67,38,29,39,20,19,27,11,16,10,5,5,1,0,1,0,0,0,36,35,16,11,3,2,3,0,0,19,17,2,2,25,1,9,4
372522811,2,372522714,,5,3,2,*,*,*,*,*,*,*,*,*,*,*,*,*,*,*,*,*,*,*,*,*,*,*,*,*,*,*,*,*,*,2,2,*,*,*,*,*,*,*,*,*,*,*,*,*,*,*
372522812,2,372522714,,1,1,0,*,*,*,*,*,*,*,*,*,*,*,*,*,*,*,*,*,*,*,*,*,*,*,*,*,*,*,*,*,*,1,1,*,*,*,*,*,*,*,*,*,*,*,*,*,*,*
372522944,0,,,23,14,9,0,0,0,23,14,9,8,7,1,23,14,9,23,14,9,15,7,8,12,5,7,10,5,5,2,1,1,0,0,0,16,16,9,7,0,0,0,0,0,7,7,0,0,11,0,4,4
372531093,0,,,159,89,70,21,9,12,138,80,58,58,36,22,136,79,57,136,79,57,80,44,36,46,22,24,25,10,15,3,1,2,1,0,1,88,88,43,32,6,3,2,2,0,42,38,4,3,61,0,33,12
372531094,0,,,230,130,100,18,9,9,212,121,91,93,57,36,210,120,90,206,118,88,119,64,55,64,29,35,26,10,16,1,0,1,0,0,0,130,130,68,41,10,8,1,1,1,61,45,16,6,90,0,42,16
372531191,0,,,64,30,34,1,0,1,63,30,33,22,11,11,63,30,33,63,30,33,41,19,22,23,9,14,11,4,7,0,0,0,0,0,0,39,39,23,10,4,1,1,0,0,15,12,3,1,30,0,15,3
372531192,0,,,46,23,23,1,1,0,45,22,23,19,11,8,43,21,22,43,21,22,26,11,15,10,4,6,5,2,3,0,0,0,0,0,0,26,26,10,13,2,1,0,0,0,14,11,3,0,18,0,7,7
372532003,0,,,12,7,5,1,1,0,11,6,5,8,5,3,10,5,5,10,5,5,3,1,2,1,0,1,0,0,0,0,0,0,0,0,0,5,5,1,2,1,1,0,0,0,4,4,0,0,3,0,0,0
