KEY_CODE,HTKSYORI,HTKSAKI,GASSAN,T001141001,T001141002,T001141003,T001141004,T001141005,T001141006,T001141007,T001141008,T001141009,T001141010,T001141011,T001141012,T001141013,T001141014,T001141015,T001141016,T001141017,T001141018,T001141019,T001141020,T001141021,T001141022,T001141023,T001141024,T001141025,T001141026,T001141027,T001141028,T001141029,T001141030,T001141031,T001141032,T001141033,T001141034,T001141035,T001141036,T001141037,T001141038,T001141039,T001141040,T001141041,T001141042,T001141043,T001141044,T001141045,T001141046,T001141047,T001141048,T001141049,T001141050
,,,,Å@êlå˚ÅiëçêîÅj,Å@êlå˚ÅiëçêîÅjÅ@íj,Å@êlå˚ÅiëçêîÅjÅ@èó,Å@ÇOÅ`ÇPÇSçŒêlå˚Å@ëçêî,Å@ÇOÅ`ÇPÇSçŒêlå˚Å@íj,Å@ÇOÅ`ÇPÇSçŒêlå˚Å@èó,Å@ÇPÇTçŒà»è„êlå˚Å@ëçêî,Å@ÇPÇTçŒà»è„êlå˚Å@íj,Å@ÇPÇTçŒà»è„êlå˚Å@èó,Å@ÇPÇTÅ`ÇUÇSçŒêlå˚Å@ëçêî,Å@ÇPÇTÅ`ÇUÇSçŒêlå˚Å@íj,Å@ÇPÇTÅ`ÇUÇSçŒêlå˚Å@èó,Å@ÇPÇWçŒà»è„êlå˚Å@ëçêî,Å@ÇPÇWçŒà»è„êlå˚Å@íj,Å@ÇPÇWçŒà»è„êlå˚Å@èó,Å@ÇQÇOçŒà»è„êlå˚Å@ëçêî,Å@ÇQÇOçŒà»è„êlå˚Å@íj,Å@ÇQÇOçŒà»è„êlå˚Å@èó,Å@ÇUÇTçŒà»è„êlå˚Å@ëçêî,Å@ÇUÇTçŒà»è„êlå˚Å@íj,Å@ÇUÇTçŒà»è„êlå˚Å@èó,Å@ÇVÇTçŒà»è„êlå˚Å@ëçêî,Å@ÇVÇTçŒà»è„êlå˚Å@íj,Å@ÇVÇTçŒà»è„êlå˚Å@èó,Å@ÇWÇTçŒà»è„êlå˚Å@ëçêî,Å@ÇWÇTçŒà»è„êlå˚Å@íj,Å@ÇWÇTçŒà»è„êlå˚Å@èó,Å@ÇXÇTçŒà»è„êlå˚Å@ëçêî,Å@ÇXÇTçŒà»è„êlå˚Å@íj,Å@ÇXÇTçŒà»è„êlå˚Å@èó,Å@äOçëêlêlå˚Å@ëçêî,Å@äOçëêlêlå˚Å@íj,Å@äOçëêlêlå˚Å@èó,Å@ê¢ë—ëçêî,Å@àÍî ê¢ë—êî,Å@ÇPêlê¢ë—êîÅ@àÍî ê¢ë—êî,Å@ÇQêlê¢ë—êîÅ@àÍî ê¢ë—êî,Å@ÇRêlê¢ë—êîÅ@àÍî ê¢ë—êî,Å@ÇSêlê¢ë—êîÅ@àÍî ê¢ë—êî,Å@ÇTêlê¢ë—êîÅ@àÍî ê¢ë—êî,Å@ÇUêlê¢ë—êîÅ@àÍî ê¢ë—êî,Å@ÇVêlà»è„ê¢ë—êîÅ@àÍî ê¢ë—êî,Å@êeë∞ÇÃÇ›ÇÃê¢ë—êîÅ@àÍî ê¢ë—êî,Å@äjâ∆ë∞ê¢ë—êîÅ@àÍî ê¢ë—êî,Å@äjâ∆ë∞à»äOÇÃê¢ë—êîÅ@àÍî ê¢ë—êî,Å@ÇUçŒñ¢ñûê¢ë—àıÇÃÇ¢ÇÈê¢ë—êîÅ@àÍî ê¢ë—êî,Å@ÇUÇTçŒà»è„ê¢ë—àıÇÃÇ¢ÇÈê¢ë—êîÅ@àÍî ê¢ë—êî,Å@ê¢ë—éÂÇÃîNóÓÇ™ÇQÇOÅ`ÇQÇXçŒÇÃÇPêlê¢ë—êîÅ@àÍî ê¢ë—êî,Å@çÇóÓíPêgê¢ë—êîÅ@àÍî ê¢ë—êî,Å@çÇóÓïvïwê¢ë—êîÅ@àÍî ê¢ë—êî
543300023,0,,,16,10,6,0,0,0,16,10,6,2,2,0,16,10,6,16,10,6,14,8,6,5,4,1,1,1,0,0,0,0,0,0,0,10,10,5,4,1,0,0,0,0,5,5,0,0,9,0,4,4
543300024,0,,,96,47,49,13,4,9,83,43,40,40,22,18,83,43,40,83,43,40,43,21,22,21,8,13,11,5,6,0,0,0,0,0,0,53,53,30,13,5,3,0,1,1,23,20,3,6,30,3,15,11
543300034,0,,,40,23,17,4,3,1,36,20,16,14,8,6,35,19,16,35,19,16,22,12,10,11,5,6,2,1,1,0,0,0,0,0,0,27,27,19,5,1,2,0,0,0,8,7,1,1,17,2,12,4
543300041,2,543300043,,1,1,0,*,*,*,*,*,*,*,*,*,*,*,*,*,*,*,*,*,*,*,*,*,*,*,*,*,*,*,*,*,*,1,1,*,*,*,*,*,*,*,*,*,*,*,*,*,*,*
543300042,0,,,11,5,6,2,1,1,9,4,5,6,3,3,9,4,5,9,4,5,3,1,2,2,1,1,0,0,0,0,0,0,1,1,0,5,5,1,2,2,0,0,0,0,4,4,0,1,2,0,1,1
543300043,1,,543300041,35,15,20,5,2,3,31,14,17,17,8,9,31,14,17,30,14,16,14,6,8,12,6,6,5,2,3,0,0,0,0,0,0,16,16,5,8,2,1,1,0,0,12,12,0,2,10,0,3,3
543300044,0,,,35,21,14,1,1,0,34,20,14,11,9,2,33,19,14,32,18,14,23,11,12,14,6,8,6,2,4,0,0,0,0,0,0,22,22,14,5,1,2,0,0,0,8,6,2,0,17,0,10,4
543300121,1,,543300122,16,12,4,0,0,0,20,14,6,13,9,4,20,14,6,19,13,6,7,5,2,3,1,2,1,0,1,0,0,0,0,0,0,13,13,14,3,0,0,0,0,0,3,3,0,0,6,2,5,1
543300122,2,543300121,,4,2,2,*,*,*,*,*,*,*,*,*,*,*,*,*,*,*,*,*,*,*,*,*,*,*,*,*,*,*,*,*,*,4,4,*,*,*,*,*,*,*,*,*,*,*,*,*,*,*
543300131,0,,,48,21,27,2,0,2,46,21,25,31,15,16,42,20,22,42,20,22,15,6,9,6,2,4,3,0,3,0,0,0,0,0,0,31,31,20,6,4,1,0,0,0,10,10,0,1,12,4,8,3
543300132,0,,,32,15,17,4,2,2,28,13,15,10,6,4,28,13,15,28,13,15,18,7,11,10,4,6,3,1,2,1,0,1,0,0,0,17,17,8,5,3,0,1,0,0,9,8,1,2,12,0,5,5
543300133,1,,543300134,133,67,66,17,7,10,133,67,66,59,32,27,131,67,64,129,67,62,74,35,39,39,16,23,16,4,12,2,0,2,1,0,1,67,66,28,29,5,4,3,0,0,40,39,1,4,42,2,13,19
543300134,2,543300133,,17,7,10,*,*,*,*,*,*,*,*,*,*,*,*,*,*,*,*,*,*,*,*,*,*,*,*,*,*,*,*,*,*,4,3,*,*,*,*,*,*,*,*,*,*,*,*,*,*,*
543300222,0,,,31,14,17,5,4,1,26,10,16,10,4,6,25,10,15,25,10,15,16,6,10,9,3,6,1,0,1,0,0,0,1,1,0,13,13,4,4,3,0,2,0,0,9,8,1,1,10,0,3,3
543300231,0,,,43,20,23,6,1,5,37,19,18,25,14,11,36,19,17,36,19,17,12,5,7,7,4,3,3,1,2,0,0,0,0,0,0,23,19,9,5,1,3,1,0,0,10,8,2,3,8,3,3,3
543300233,1,,543300331,36,20,16,7,1,6,30,19,11,27,16,11,29,18,11,28,18,10,3,3,0,1,1,0,1,1,0,1,1,0,0,0,0,19,15,8,3,2,2,1,0,0,8,8,0,3,3,1,2,1
543300312,0,,,21,14,7,3,2,1,18,12,6,13,8,5,17,12,5,17,12,5,5,4,1,2,2,0,0,0,0,0,0,0,0,0,0,12,12,8,1,1,2,0,0,0,4,3,1,2,4,3,3,0
543300314,0,,,9,4,5,0,0,0,9,4,5,0,0,0,9,4,5,9,4,5,9,4,5,5,2,3,2,0,2,0,0,0,0,0,0,7,7,5,2,0,0,0,0,0,2,2,0,0,7,0,5,1
543300323,0,,,9,5,4,0,0,0,9,5,4,3,2,1,9,5,4,9,5,4,6,3,3,4,2,2,1,0,1,0,0,0,0,0,0,5,5,2,2,1,0,0,0,0,3,2,1,0,4,0,1,2
543300331,2,543300233,,1,0,1,*,*,*,*,*,*,*,*,*,*,*,*,*,*,*,*,*,*,*,*,*,*,*,*,*,*,*,*,*,*,1,1,*,*,*,*,*,*,*,*,*,*,*,*,*,*,*
543300561,2,543300564,,4,2,2,*,*,*,*,*,*,*,*,*,*,*,*,*,*,*,*,*,*,*,*,*,*,*,*,*,*,*,*,*,*,2,2,*,*,*,*,*,*,*,*,*,*,*,*,*,*,*
543300563,2,543300564,,3,0,3,*,*,*,*,*,*,*,*,*,*,*,*,*,*,*,*,*,*,*,*,*,*,*,*,*,*,*,*,*,*,1,1,*,*,*,*,*,*,*,*,*,*,*,*,*,*,*
543300564,1,,543300561;543300563,76,35,41,5,2,3,78,35,43,44,19,25,77,35,42,75,33,42,34,16,18,19,6,13,12,2,10,1,0,1,0,0,0,43,43,23,13,6,4,0,0,0,23,20,3,1,25,7,9,7
543300662,0,,,61,34,27,6,3,3,55,31,24,26,17,9,55,31,24,54,31,23,29,14,15,16,5,11,11,3,8,0,0,0,0,0,0,33,33,18,8,4,1,1,1,0,15,12,3,0,19,4,8,3
543300673,2,543300674,,1,0,1,*,*,*,*,*,*,*,*,*,*,*,*,*,*,*,*,*,*,*,*,*,*,*,*,*,*,*,*,*,*,1,1,*,*,*,*,*,*,*,*,*,*,*,*,*,*,*
543300674,1,,543300673,14,8,6,0,0,0,15,8,7,5,4,1,15,8,7,15,8,7,10,4,6,3,1,2,1,0,1,0,0,0,0,0,0,8,8,4,4,1,0,0,0,0,5,5,0,0,7,0,3,1
543300813,1,,543300904,79,41,38,11,5,6,85,49,36,49,31,18,83,47,36,81,46,35,36,18,18,23,10,13,5,2,3,1,0,1,4,4,0,38,38,25,13,5,5,2,0,0,24,24,0,2,26,0,11,8
543300861,1,,543300954,20,8,12,1,0,1,20,9,11,9,3,6,20,9,11,20,9,11,11,6,5,1,1,0,0,0,0,0,0,0,0,0,0,7,7,1,3,3,0,1,0,0,6,6,0,0,6,0,1,3
543300872,0,,,23,14,9,2,2,0,21,12,9,10,6,4,21,12,9,21,12,9,11,6,5,4,2,2,2,1,1,1,1,0,0,0,0,11,11,4,3,3,1,0,0,0,7,6,1,0,6,0,2,2
543300873,2,543300874,,2,1,1,*,*,*,*,*,*,*,*,*,*,*,*,*,*,*,*,*,*,*,*,*,*,*,*,*,*,*,*,*,*,1,1,*,*,*,*,*,*,*,*,*,*,*,*,*,*,*
543300874,1,,543300873,65,31,34,1,0,1,66,32,34,34,19,15,65,32,33,64,31,33,32,13,19,18,6,12,8,3,5,0,0,0,3,3,0,41,41,25,12,3,1,1,0,0,17,16,1,0,22,3,8,10
543300883,0,,,44,19,25,2,1,1,42,18,24,19,8,11,41,17,24,41,17,24,23,10,13,15,7,8,6,4,2,0,0,0,0,0,0,26,26,12,12,1,0,1,0,0,14,14,0,1,15,4,5,7
543300904,2,543300813,,17,13,4,*,*,*,*,*,*,*,*,*,*,*,*,*,*,*,*,*,*,*,*,*,*,*,*,*,*,*,*,*,*,12,12,*,*,*,*,*,*,*,*,*,*,*,*,*,*,*
543300911,0,,,5,5,0,0,0,0,5,5,0,4,4,0,5,5,0,5,5,0,1,1,0,0,0,0,0,0,0,0,0,0,3,3,0,5,5,5,0,0,0,0,0,0,0,0,0,0,1,0,1,0
543300954,2,543300861,,1,1,0,*,*,*,*,*,*,*,*,*,*,*,*,*,*,*,*,*,*,*,*,*,*,*,*,*,*,*,*,*,*,1,1,*,*,*,*,*,*,*,*,*,*,*,*,*,*,*
543300963,0,,,10,5,5,2,1,1,8,4,4,4,2,2,8,4,4,8,4,4,4,2,2,3,1,2,2,1,1,0,0,0,0,0,0,5,5,2,2,0,1,0,0,0,3,3,0,1,3,0,1,2
543300982,0,,,23,13,10,0,0,0,23,13,10,14,9,5,23,13,10,23,13,10,9,4,5,4,1,3,2,1,1,0,0,0,0,0,0,17,17,11,6,0,0,0,0,0,6,6,0,0,7,2,5,2
543300991,0,,,35,17,18,6,2,4,29,15,14,11,6,5,29,15,14,29,15,14,18,9,9,10,4,6,4,2,2,0,0,0,0,0,0,17,17,6,8,1,1,0,1,0,11,10,1,2,12,0,4,5
543300993,0,,,24,11,13,1,1,0,23,10,13,8,4,4,23,10,13,23,10,13,15,6,9,6,1,5,5,0,5,0,0,0,0,0,0,10,10,2,5,1,1,1,0,0,8,5,3,0,9,0,2,2
543310061,0,,,32,18,14,3,2,1,29,16,13,8,6,2,29,16,13,29,16,13,21,10,11,13,7,6,2,1,1,0,0,0,0,0,0,14,14,3,7,2,1,1,0,0,11,10,1,0,13,0,3,5
543310062,1,,543310064,20,9,11,3,1,2,24,11,13,14,7,7,23,10,13,23,10,13,10,4,6,6,2,4,2,0,2,0,0,0,1,1,0,11,11,5,4,2,2,0,0,0,8,7,1,0,6,0,1,3
543310063,0,,,82,40,42,11,6,5,71,34,37,44,22,22,68,32,36,67,32,35,27,12,15,16,6,10,8,4,4,0,0,0,0,0,0,35,35,10,12,6,6,0,1,0,25,21,4,4,19,0,6,6
543310064,2,543310062,,7,3,4,*,*,*,*,*,*,*,*,*,*,*,*,*,*,*,*,*,*,*,*,*,*,*,*,*,*,*,*,*,*,2,2,*,*,*,*,*,*,*,*,*,*,*,*,*,*,*
543310071,0,,,28,15,13,4,3,1,24,12,12,8,5,3,24,12,12,23,12,11,16,7,9,4,2,2,1,1,0,0,0,0,0,0,0,9,9,1,4,1,1,0,2,0,8,5,3,1,9,0,1,4
543310073,0,,,22,8,14,2,0,2,20,8,12,9,2,7,20,8,12,20,8,12,11,6,5,5,3,2,2,2,0,0,0,0,0,0,0,10,10,2,5,2,1,0,0,0,8,7,1,0,7,1,1,4
543310074,0,,,14,8,6,1,1,0,13,7,6,13,7,6,13,7,6,13,7,6,0,0,0,0,0,0,0,0,0,0,0,0,0,0,0,10,10,7,2,1,0,0,0,0,3,3,0,0,0,1,0,0
543310091,1,,543310092,37,20,17,3,2,1,36,19,17,24,14,10,36,19,17,35,18,17,12,5,7,5,1,4,3,0,3,1,0,1,0,0,0,17,17,8,6,1,1,0,2,0,9,6,3,1,8,0,3,1
543310092,2,543310091,,2,1,1,*,*,*,*,*,*,*,*,*,*,*,*,*,*,*,*,*,*,*,*,*,*,*,*,*,*,*,*,*,*,1,1,*,*,*,*,*,*,*,*,*,*,*,*,*,*,*
543310101,0,,,30,21,9,5,4,1,25,17,8,17,12,5,25,17,8,25,17,8,8,5,3,1,1,0,0,0,0,0,0,0,1,1,0,17,17,9,5,1,2,0,0,0,8,8,0,1,5,3,1,2
543310102,0,,,15,7,8,0,0,0,15,7,8,8,4,4,15,7,8,14,6,8,7,3,4,3,0,3,2,0,2,0,0,0,0,0,0,8,8,4,1,3,0,0,0,0,4,3,1,0,5,0,3,1
543310111,0,,,49,29,20,5,5,0,44,24,20,22,11,11,41,21,20,40,20,20,22,13,9,5,4,1,1,1,0,0,0,0,1,0,1,25,25,11,9,3,0,1,1,0,13,13,0,0,16,1,7,6
543310113,0,,,170,84,86,11,3,8,159,81,78,90,47,43,155,80,75,152,78,74,69,34,35,32,15,17,6,2,4,2,0,2,1,1,0,93,93,44,30,12,5,2,0,0,48,43,5,5,47,13,17,14
543310131,2,543310132,,2,1,1,*,*,*,*,*,*,*,*,*,*,*,*,*,*,*,*,*,*,*,*,*,*,*,*,*,*,*,*,*,*,1,1,*,*,*,*,*,*,*,*,*,*,*,*,*,*,*
543310132,1,,543310131;543310134,34,18,16,2,1,1,36,19,17,14,9,5,36,19,17,36,19,17,22,10,12,11,4,7,2,1,1,0,0,0,3,3,0,18,18,8,8,2,2,0,0,0,12,11,1,1,14,3,5,7
543310133,0,,,51,31,20,7,6,1,44,25,19,24,15,9,43,25,18,43,25,18,20,10,10,11,6,5,4,2,2,0,0,0,0,0,0,24,24,12,3,5,3,0,1,0,12,11,1,1,14,0,7,3
543310134,2,543310132,,2,1,1,*,*,*,*,*,*,*,*,*,*,*,*,*,*,*,*,*,*,*,*,*,*,*,*,*,*,*,*,*,*,1,1,*,*,*,*,*,*,*,*,*,*,*,*,*,*,*
543310162,0,,,15,8,7,3,1,2,12,7,5,7,5,2,12,7,5,12,7,5,5,2,3,4,2,2,1,0,1,0,0,0,0,0,0,7,7,3,2,1,0,1,0,0,4,4,0,1,3,0,1,1
543310163,0,,,42,21,21,5,4,1,37,17,20,20,9,11,35,15,20,34,15,19,17,8,9,10,3,7,3,1,2,0,0,0,0,0,0,18,18,6,8,1,1,1,0,1,12,9,3,2,12,0,3,4
543310164,0,,,8,4,4,0,0,0,8,4,4,7,4,3,7,3,4,6,3,3,1,0,1,0,0,0,0,0,0,0,0,0,0,0,0,4,4,2,1,0,1,0,0,0,2,2,0,0,1,1,0,0
543310171,1,,543310173,67,33,34,5,3,2,68,33,35,42,23,19,67,32,35,65,30,35,26,10,16,12,5,7,3,2,1,1,1,0,1,0,1,38,38,21,15,3,2,1,0,0,21,20,1,2,17,1,6,8
543310172,0,,,116,61,55,14,7,7,102,54,48,52,25,27,102,54,48,102,54,48,50,29,21,17,9,8,2,1,1,0,0,0,1,0,1,53,53,17,23,5,4,3,0,1,35,30,5,4,34,1,9,15
543310173,2,543310171,,6,3,3,*,*,*,*,*,*,*,*,*,*,*,*,*,*,*,*,*,*,*,*,*,*,*,*,*,*,*,*,*,*,4,4,*,*,*,*,*,*,*,*,*,*,*,*,*,*,*
543310174,0,,,104,44,60,5,4,1,99,40,59,30,17,13,97,39,58,96,39,57,69,23,46,54,16,38,40,11,29,8,2,6,0,0,0,32,27,12,7,4,1,3,0,0,15,13,2,3,14,5,4,5
543310183,1,,543310184,12,7,5,0,0,0,17,10,7,8,5,3,17,10,7,17,10,7,9,5,4,8,4,4,5,3,2,0,0,0,0,0,0,6,6,1,5,2,0,0,0,0,7,7,0,0,6,0,0,3
543310184,2,543310183,,5,3,2,*,*,*,*,*,*,*,*,*,*,*,*,*,*,*,*,*,*,*,*,*,*,*,*,*,*,*,*,*,*,2,2,*,*,*,*,*,*,*,*,*,*,*,*,*,*,*
543310193,2,543310282,,4,2,2,*,*,*,*,*,*,*,*,*,*,*,*,*,*,*,*,*,*,*,*,*,*,*,*,*,*,*,*,*,*,2,2,*,*,*,*,*,*,*,*,*,*,*,*,*,*,*
543310201,0,,,12,6,6,0,0,0,12,6,6,7,3,4,12,6,6,12,6,6,5,3,2,0,0,0,0,0,0,0,0,0,0,0,0,5,5,1,1,3,0,0,0,0,4,4,0,0,4,0,1,1
543310202,0,,,154,61,93,10,7,3,144,54,90,41,19,22,143,54,89,143,54,89,103,35,68,80,23,57,50,9,41,11,1,10,0,0,0,49,48,12,25,6,2,2,1,0,36,33,3,3,34,1,7,19
543310203,0,,,146,82,64,15,9,6,131,73,58,79,46,33,129,72,57,126,71,55,52,27,25,17,7,10,10,4,6,1,0,1,1,1,0,78,78,35,27,8,7,1,0,0,42,37,5,4,37,2,12,14
543310204,0,,,171,85,86,18,10,8,153,75,78,60,30,30,153,75,78,152,74,78,93,45,48,49,22,27,18,8,10,4,2,2,0,0,0,90,90,36,41,6,2,4,0,1,53,51,2,4,64,0,24,28
543310211,0,,,34,14,20,4,2,2,30,12,18,26,11,15,29,12,17,27,11,16,4,1,3,1,1,0,0,0,0,0,0,0,3,1,2,21,21,14,3,2,2,0,0,0,7,7,0,1,3,6,2,1
543310224,0,,,22,11,11,4,3,1,18,8,10,9,3,6,17,8,9,17,8,9,9,5,4,6,2,4,3,1,2,0,0,0,0,0,0,12,12,7,3,0,1,1,0,0,5,5,0,1,7,0,4,2
543310233,0,,,102,50,52,17,7,10,85,43,42,50,27,23,84,43,41,83,42,41,35,16,19,17,7,10,4,1,3,0,0,0,0,0,0,42,41,12,14,6,5,4,0,0,29,26,3,9,20,0,5,9
543310252,2,543310261,,85,39,46,*,*,*,*,*,*,*,*,*,*,*,*,*,*,*,*,*,*,*,*,*,*,*,*,*,*,*,*,*,*,3,1,*,*,*,*,*,*,*,*,*,*,*,*,*,*,*
543310261,1,,543310252;543310263,246,123,123,11,5,6,322,159,163,226,119,107,252,128,124,238,121,117,96,40,56,45,15,30,15,2,13,2,0,2,1,0,1,147,147,86,38,18,7,1,0,0,63,56,7,2,65,19,23,18
543310262,1,,543310264,99,49,50,24,13,11,76,37,39,51,24,27,73,36,37,72,36,36,25,13,12,11,8,3,1,0,1,0,0,0,1,1,0,45,45,18,13,7,6,1,1,0,28,28,0,6,15,5,4,8
543310263,2,543310261,,2,2,0,*,*,*,*,*,*,*,*,*,*,*,*,*,*,*,*,*,*,*,*,*,*,*,*,*,*,*,*,*,*,2,2,*,*,*,*,*,*,*,*,*,*,*,*,*,*,*
543310264,2,543310262,,1,1,0,*,*,*,*,*,*,*,*,*,*,*,*,*,*,*,*,*,*,*,*,*,*,*,*,*,*,*,*,*,*,1,1,*,*,*,*,*,*,*,*,*,*,*,*,*,*,*
543310271,0,,,42,20,22,6,2,4,36,18,18,16,11,5,35,18,17,34,17,17,20,7,13,7,2,5,3,1,2,0,0,0,0,0,0,17,17,4,8,0,3,2,0,0,13,11,2,1,13,0,3,5
543310272,0,,,16,7,9,0,0,0,16,7,9,3,1,2,16,7,9,16,7,9,13,6,7,8,4,4,3,2,1,0,0,0,0,0,0,8,8,1,6,1,0,0,0,0,7,6,1,0,7,0,1,3
543310274,0,,,115,59,56,28,12,16,87,47,40,63,33,30,84,46,38,82,45,37,24,14,10,10,4,6,3,1,2,0,0,0,1,0,1,45,45,18,10,4,9,3,0,1,27,25,2,8,16,6,7,6
543310281,0,,,31,15,16,4,4,0,27,11,16,14,5,9,27,11,16,26,11,15,13,6,7,10,4,6,4,1,3,1,0,1,0,0,0,17,17,6,10,0,0,1,0,0,11,11,0,0,9,1,3,6
543310282,1,,543310193,116,60,56,24,12,12,96,50,46,58,32,26,94,49,45,94,49,45,38,18,20,24,11,13,9,1,8,0,0,0,0,0,0,59,59,32,13,5,8,3,0,0,29,25,4,7,24,9,9,9
543310283,1,,543310372,84,39,45,14,9,5,72,31,41,28,15,13,71,31,40,70,30,40,44,16,28,30,8,22,18,4,14,3,0,3,0,0,0,33,32,12,13,3,3,2,0,0,21,19,2,3,16,4,6,8
543310284,0,,,129,60,69,28,13,15,101,47,54,62,27,35,99,46,53,98,46,52,39,20,19,25,10,15,4,2,2,1,0,1,2,0,2,56,56,20,16,9,6,4,1,0,35,31,4,10,27,4,10,11
543310291,0,,,21,10,11,4,1,3,17,9,8,9,4,5,17,9,8,17,9,8,8,5,3,4,3,1,0,0,0,0,0,0,0,0,0,8,8,2,2,2,1,1,0,0,6,5,1,0,5,1,0,2
543310293,0,,,12,4,8,0,0,0,12,4,8,6,2,4,12,4,8,12,4,8,6,2,4,3,1,2,1,1,0,0,0,0,0,0,0,6,6,2,3,0,1,0,0,0,4,3,1,0,4,0,0,2
543310294,0,,,12,6,6,0,0,0,12,6,6,5,2,3,12,6,6,12,6,6,7,4,3,4,1,3,3,1,2,0,0,0,0,0,0,6,6,3,1,1,1,0,0,0,3,2,1,0,5,0,2,1
543310322,0,,,18,9,9,1,0,1,17,9,8,9,6,3,17,9,8,17,9,8,8,3,5,8,3,5,4,3,1,0,0,0,1,1,0,8,8,1,4,3,0,0,0,0,7,7,0,0,5,0,1,1
543310331,0,,,215,122,93,31,20,11,184,102,82,114,70,44,182,102,80,182,102,80,70,32,38,36,13,23,8,4,4,1,0,1,0,0,0,123,123,68,34,8,11,1,1,0,55,55,0,11,51,19,20,18
543310332,0,,,10,5,5,0,0,0,10,5,5,1,0,1,10,5,5,10,5,5,9,5,4,5,3,2,1,1,0,0,0,0,0,0,0,6,6,2,4,0,0,0,0,0,4,4,0,0,5,0,1,4
543310333,0,,,42,19,23,1,1,0,41,18,23,20,9,11,41,18,23,40,17,23,21,9,12,14,5,9,5,1,4,0,0,0,2,1,1,22,22,10,5,6,1,0,0,0,12,10,2,0,15,0,7,2
543310334,0,,,61,30,31,2,1,1,59,29,30,32,19,13,59,29,30,59,29,30,27,10,17,14,4,10,8,1,7,0,0,0,0,0,0,33,30,17,11,0,1,0,1,0,13,12,1,0,17,0,9,6
543310341,0,,,22,9,13,8,3,5,14,6,8,8,4,4,14,6,8,14,6,8,6,2,4,2,0,2,2,0,2,1,0,1,0,0,0,4,4,1,0,0,0,0,1,2,3,0,3,2,4,0,1,0
543310343,1,,543310344,64,36,28,8,4,4,59,32,27,23,11,12,58,32,26,58,32,26,36,21,15,13,7,6,8,4,4,0,0,0,0,0,0,29,29,13,12,3,1,2,0,1,19,17,2,2,24,1,9,8
543310344,2,543310343,,3,0,3,*,*,*,*,*,*,*,*,*,*,*,*,*,*,*,*,*,*,*,*,*,*,*,*,*,*,*,*,*,*,3,3,*,*,*,*,*,*,*,*,*,*,*,*,*,*,*
543310353,1,,543310354,69,21,48,2,1,1,70,20,50,9,5,4,70,20,50,70,20,50,61,15,46,51,10,41,40,7,33,8,1,7,3,0,3,14,13,12,2,2,0,0,0,0,4,4,0,0,9,3,7,1
543310354,2,543310353,,3,0,3,*,*,*,*,*,*,*,*,*,*,*,*,*,*,*,*,*,*,*,*,*,*,*,*,*,*,*,*,*,*,3,3,*,*,*,*,*,*,*,*,*,*,*,*,*,*,*
543310372,2,543310283,,2,1,1,*,*,*,*,*,*,*,*,*,*,*,*,*,*,*,*,*,*,*,*,*,*,*,*,*,*,*,*,*,*,1,1,*,*,*,*,*,*,*,*,*,*,*,*,*,*,*
543310381,0,,,56,26,30,6,1,5,50,25,25,25,10,15,48,24,24,44,24,20,25,15,10,14,10,4,4,4,0,1,1,0,0,0,0,22,22,5,10,2,2,1,2,0,17,13,4,1,16,0,4,8
543310382,0,,,62,30,32,7,4,3,55,26,29,34,17,17,53,26,27,51,26,25,21,9,12,16,8,8,3,1,2,1,0,1,0,0,0,30,30,8,16,2,4,0,0,0,22,22,0,1,13,2,2,8
543310383,2,543310384,,10,6,4,*,*,*,*,*,*,*,*,*,*,*,*,*,*,*,*,*,*,*,*,*,*,*,*,*,*,*,*,*,*,3,3,*,*,*,*,*,*,*,*,*,*,*,*,*,*,*
543310384,1,,543310383;543310482,21,11,10,1,0,1,33,19,14,19,12,7,33,19,14,32,18,14,14,7,7,8,3,5,3,1,2,1,0,1,1,1,0,13,13,9,7,1,2,0,0,0,9,7,2,1,11,2,5,1
543310452,2,543310461,,6,2,4,*,*,*,*,*,*,*,*,*,*,*,*,*,*,*,*,*,*,*,*,*,*,*,*,*,*,*,*,*,*,3,3,*,*,*,*,*,*,*,*,*,*,*,*,*,*,*
543310461,1,,543310452;543310463,36,19,17,0,0,0,45,23,22,20,11,9,44,23,21,44,23,21,25,12,13,11,4,7,5,1,4,1,0,1,0,0,0,18,18,6,10,5,1,0,0,0,16,15,1,0,17,1,4,5
543310463,2,543310461,,3,2,1,*,*,*,*,*,*,*,*,*,*,*,*,*,*,*,*,*,*,*,*,*,*,*,*,*,*,*,*,*,*,1,1,*,*,*,*,*,*,*,*,*,*,*,*,*,*,*
543310482,2,543310384,,3,2,1,*,*,*,*,*,*,*,*,*,*,*,*,*,*,*,*,*,*,*,*,*,*,*,*,*,*,*,*,*,*,3,3,*,*,*,*,*,*,*,*,*,*,*,*,*,*,*
543311201,2,543311203,,1,0,1,*,*,*,*,*,*,*,*,*,*,*,*,*,*,*,*,*,*,*,*,*,*,*,*,*,*,*,*,*,*,1,1,*,*,*,*,*,*,*,*,*,*,*,*,*,*,*
543311203,1,,543311201,45,21,24,1,0,1,45,21,24,21,14,7,45,21,24,45,21,24,24,7,17,14,4,10,8,2,6,1,0,1,0,0,0,27,27,14,10,4,0,0,0,0,14,13,1,1,17,2,7,3
543311301,0,,,27,15,12,1,1,0,26,14,12,8,5,3,26,14,12,26,14,12,18,9,9,7,3,4,1,1,0,0,0,0,0,0,0,16,16,9,4,2,1,0,0,0,7,6,1,0,13,0,7,4
543311992,0,,,87,36,51,15,8,7,72,28,44,32,15,17,69,27,42,69,27,42,40,13,27,18,4,14,7,1,6,0,0,0,0,0,0,32,32,9,10,6,1,2,2,2,23,14,9,4,27,0,6,5
543311994,0,,,38,17,21,5,3,2,33,14,19,17,8,9,31,13,18,31,13,18,16,6,10,9,2,7,4,0,4,0,0,0,0,0,0,12,12,1,2,5,2,2,0,0,11,8,3,1,9,0,1,1
543312901,2,543312903,,3,2,1,*,*,*,*,*,*,*,*,*,*,*,*,*,*,*,*,*,*,*,*,*,*,*,*,*,*,*,*,*,*,1,1,*,*,*,*,*,*,*,*,*,*,*,*,*,*,*
543312903,1,,543312901,44,23,21,4,1,3,43,24,19,20,13,7,40,21,19,40,21,19,23,11,12,15,10,5,3,2,1,0,0,0,0,0,0,18,18,4,9,2,2,1,1,0,15,14,1,0,13,0,2,7
543321091,0,,,144,72,72,15,8,7,129,64,65,68,37,31,127,62,65,126,61,65,61,27,34,37,14,23,18,6,12,1,1,0,0,0,0,59,59,21,16,7,7,7,0,1,38,28,10,4,43,0,17,10
543321192,0,,,32,21,11,4,4,0,28,17,11,19,13,6,26,16,10,26,16,10,9,4,5,5,4,1,0,0,0,0,0,0,0,0,0,13,12,5,3,1,1,2,0,0,7,7,0,0,5,0,1,2
543321194,0,,,76,42,34,13,10,3,63,32,31,54,28,26,57,30,27,56,29,27,9,4,5,4,3,1,0,0,0,0,0,0,0,0,0,30,29,9,8,6,3,1,2,0,20,18,2,5,6,2,1,2
543321284,0,,,42,23,19,0,0,0,42,23,19,18,14,4,41,22,19,41,22,19,24,9,15,17,6,11,5,0,5,0,0,0,0,0,0,18,17,4,6,6,1,0,0,0,13,9,4,0,14,0,3,2
543321292,0,,,26,12,14,4,2,2,22,10,12,16,8,8,21,9,12,21,9,12,6,2,4,2,0,2,0,0,0,0,0,0,1,0,1,11,11,4,2,3,1,1,0,0,7,7,0,2,5,0,3,2
543321294,0,,,11,5,6,0,0,0,11,5,6,6,3,3,11,5,6,11,5,6,5,2,3,4,1,3,1,1,0,0,0,0,0,0,0,7,7,3,4,0,0,0,0,0,4,4,0,0,4,0,2,1
543321374,2,543321381,,1,0,1,*,*,*,*,*,*,*,*,*,*,*,*,*,*,*,*,*,*,*,*,*,*,*,*,*,*,*,*,*,*,1,1,*,*,*,*,*,*,*,*,*,*,*,*,*,*,*
543321381,1,,543321374,43,19,24,0,0,0,44,19,25,17,8,9,43,18,25,42,17,25,27,11,16,10,3,7,7,2,5,1,0,1,0,0,0,18,18,4,8,4,3,0,0,0,15,12,3,0,16,1,3,5
543321382,0,,,91,46,45,7,5,2,84,41,43,42,22,20,80,39,41,78,38,40,42,19,23,16,6,10,6,2,4,1,0,1,0,0,0,40,39,12,17,5,1,2,2,0,26,21,5,1,27,0,9,8
543321383,0,,,125,62,63,14,8,6,111,54,57,88,44,44,104,49,55,102,49,53,23,10,13,6,3,3,0,0,0,0,0,0,0,0,0,37,35,16,8,5,3,3,0,0,19,18,1,4,8,1,6,2
543321384,0,,,127,47,80,17,9,8,110,38,72,37,17,20,107,37,70,107,37,70,73,21,52,58,12,46,36,6,30,12,1,11,0,0,0,44,41,18,12,6,2,3,0,0,23,22,1,2,25,1,12,7
543321391,0,,,67,34,33,6,4,2,61,30,31,27,14,13,60,30,30,60,30,30,34,16,18,17,7,10,8,2,6,2,1,1,0,0,0,31,31,10,9,9,3,0,0,0,21,14,7,2,25,0,9,6
543321481,0,,,55,25,30,6,2,4,49,23,26,20,11,9,49,23,26,49,23,26,29,12,17,14,4,10,8,1,7,0,0,0,0,0,0,25,25,9,8,5,1,1,1,0,16,13,3,1,20,0,7,4
543321482,1,,543321493,38,19,19,8,5,3,31,15,16,15,7,8,30,15,15,30,15,15,16,8,8,11,6,5,3,3,0,0,0,0,0,0,0,16,16,8,4,0,2,3,0,0,9,7,2,1,12,0,6,4
543321483,0,,,17,9,8,1,1,0,16,8,8,8,4,4,16,8,8,15,7,8,8,4,4,6,2,4,2,1,1,1,1,0,0,0,0,9,9,4,3,1,1,0,0,0,5,5,0,0,6,0,3,3
543321484,0,,,137,70,67,5,4,1,132,66,66,60,33,27,131,65,66,131,65,66,72,33,39,38,12,26,21,7,14,3,1,2,0,0,0,66,65,21,26,14,3,0,0,1,44,37,7,0,54,0,17,11
543321493,2,543321482,,1,1,0,*,*,*,*,*,*,*,*,*,*,*,*,*,*,*,*,*,*,*,*,*,*,*,*,*,*,*,*,*,*,1,1,*,*,*,*,*,*,*,*,*,*,*,*,*,*,*
543321554,0,,,93,40,53,10,3,7,83,37,46,37,22,15,83,37,46,83,37,46,46,15,31,25,5,20,8,2,6,1,0,1,0,0,0,45,45,20,15,4,2,2,1,1,25,17,8,3,34,1,15,7
543321562,0,,,8,4,4,0,0,0,8,4,4,1,1,0,8,4,4,8,4,4,7,3,4,5,1,4,2,0,2,0,0,0,0,0,0,6,6,4,2,0,0,0,0,0,2,2,0,0,6,0,4,1
543321661,0,,,10,5,5,0,0,0,10,5,5,5,3,2,10,5,5,10,5,5,5,2,3,2,1,1,1,1,0,0,0,0,0,0,0,5,5,2,2,0,1,0,0,0,3,3,0,0,3,0,1,1
543321662,0,,,34,17,17,3,1,2,31,16,15,12,7,5,30,15,15,29,14,15,19,9,10,13,5,8,5,2,3,0,0,0,0,0,0,17,17,8,4,2,3,0,0,0,9,7,2,1,14,0,8,2
543321663,2,543321664,,2,1,1,*,*,*,*,*,*,*,*,*,*,*,*,*,*,*,*,*,*,*,*,*,*,*,*,*,*,*,*,*,*,1,1,*,*,*,*,*,*,*,*,*,*,*,*,*,*,*
543321664,1,,543321663,42,17,25,4,1,3,40,17,23,25,9,16,38,17,21,36,16,20,15,8,7,8,3,5,4,1,3,2,0,2,1,0,1,17,17,6,6,2,0,4,0,0,12,11,1,1,11,0,4,3
543321854,2,543321951,,5,3,2,*,*,*,*,*,*,*,*,*,*,*,*,*,*,*,*,*,*,*,*,*,*,*,*,*,*,*,*,*,*,3,3,*,*,*,*,*,*,*,*,*,*,*,*,*,*,*
543321944,2,543321953,,6,3,3,*,*,*,*,*,*,*,*,*,*,*,*,*,*,*,*,*,*,*,*,*,*,*,*,*,*,*,*,*,*,2,2,*,*,*,*,*,*,*,*,*,*,*,*,*,*,*
543321951,1,,543321854,18,12,6,0,0,0,23,15,8,6,3,3,23,15,8,23,15,8,17,12,5,8,4,4,7,4,3,0,0,0,0,0,0,11,11,6,7,1,0,0,0,0,8,7,1,0,13,0,5,3
543321952,0,,,20,13,7,0,0,0,20,13,7,9,7,2,20,13,7,20,13,7,11,6,5,4,2,2,2,1,1,0,0,0,3,3,0,13,13,7,5,1,0,0,0,0,6,6,0,0,6,3,1,3
543321953,1,,543321944,16,8,8,1,0,1,21,11,10,13,8,5,20,10,10,20,10,10,8,3,5,5,1,4,3,0,3,0,0,0,0,0,0,5,5,0,2,2,3,0,0,0,7,4,3,0,5,0,0,1
543322012,0,,,11,5,6,1,0,1,10,5,5,4,2,2,10,5,5,10,5,5,6,3,3,1,0,1,1,0,1,0,0,0,0,0,0,5,5,1,2,2,0,0,0,0,4,3,1,1,3,0,0,2
543322054,0,,,15,8,7,4,2,2,11,6,5,9,5,4,11,6,5,11,6,5,2,1,1,2,1,1,2,1,1,0,0,0,0,0,0,6,6,1,3,0,2,0,0,0,5,5,0,1,1,0,0,1
543322063,0,,,10,6,4,0,0,0,10,6,4,7,4,3,10,6,4,10,6,4,3,2,1,0,0,0,0,0,0,0,0,0,0,0,0,4,4,2,0,0,2,0,0,0,2,1,1,0,2,0,1,0
543322123,0,,,26,16,10,5,3,2,21,13,8,10,7,3,21,13,8,21,13,8,11,6,5,4,3,1,0,0,0,0,0,0,0,0,0,11,11,3,3,4,0,1,0,0,8,8,0,2,8,0,2,3
543322133,0,,,66,33,33,4,3,1,62,30,32,29,15,14,62,30,32,60,29,31,33,15,18,15,7,8,9,4,5,2,1,1,1,0,1,30,30,8,15,3,1,3,0,0,22,18,4,1,23,0,8,4
543322141,0,,,28,15,13,0,0,0,28,15,13,10,6,4,27,15,12,26,15,11,18,9,9,11,5,6,1,1,0,1,1,0,0,0,0,14,14,4,7,2,1,0,0,0,10,10,0,0,12,0,3,5
543322142,0,,,95,52,43,7,3,4,88,49,39,46,29,17,87,48,39,86,48,38,42,20,22,22,8,14,11,2,9,0,0,0,0,0,0,42,42,12,19,3,5,2,1,0,30,25,5,2,27,0,5,10
543322144,0,,,100,43,57,11,3,8,89,40,49,47,24,23,85,37,48,84,37,47,42,16,26,20,5,15,10,2,8,1,0,1,0,0,0,38,38,10,13,7,3,1,2,2,28,19,9,2,29,0,8,3
543322151,0,,,17,7,10,0,0,0,17,7,10,15,6,9,14,6,8,13,5,8,2,1,1,1,1,0,0,0,0,0,0,0,1,0,1,7,7,0,4,3,0,0,0,0,7,7,0,0,1,0,0,1
543322152,2,543322153,,4,2,2,*,*,*,*,*,*,*,*,*,*,*,*,*,*,*,*,*,*,*,*,*,*,*,*,*,*,*,*,*,*,2,2,*,*,*,*,*,*,*,*,*,*,*,*,*,*,*
543322153,1,,543322152,25,13,12,4,2,2,25,13,12,18,9,9,23,12,11,23,12,11,7,4,3,3,2,1,2,2,0,0,0,0,1,0,1,12,12,6,3,3,2,0,0,0,7,6,1,1,7,1,5,0
543322161,1,,543322162,33,15,18,8,2,6,30,15,15,24,12,12,29,14,15,29,14,15,6,3,3,2,2,0,0,0,0,0,0,0,1,0,1,13,13,5,5,0,4,0,0,1,10,9,1,4,4,0,2,1
543322162,2,543322161,,5,2,3,*,*,*,*,*,*,*,*,*,*,*,*,*,*,*,*,*,*,*,*,*,*,*,*,*,*,*,*,*,*,2,2,*,*,*,*,*,*,*,*,*,*,*,*,*,*,*
543322221,0,,,93,42,51,8,3,5,85,39,46,45,22,23,83,37,46,83,37,46,40,17,23,25,8,17,11,4,7,0,0,0,2,0,2,42,42,16,11,9,3,2,1,0,26,19,7,2,26,3,7,3
543322222,0,,,49,20,29,12,5,7,37,15,22,23,11,12,37,15,22,37,15,22,14,4,10,8,2,6,4,1,3,0,0,0,0,0,0,18,18,5,5,3,1,3,1,0,13,10,3,3,10,0,3,4
543322223,1,,543322321,138,64,74,18,7,11,121,58,63,75,37,38,117,55,62,115,53,62,46,21,25,17,6,11,6,1,5,1,1,0,1,1,0,64,64,27,18,8,9,2,1,0,38,33,5,6,33,3,15,8
543322224,0,,,5,5,0,0,0,0,5,5,0,5,5,0,5,5,0,4,4,0,0,0,0,0,0,0,0,0,0,0,0,0,3,3,0,5,5,5,0,0,0,0,0,0,0,0,0,0,0,3,0,0
543322242,0,,,28,14,14,9,3,6,19,11,8,13,7,6,18,11,7,18,11,7,6,4,2,1,0,1,0,0,0,0,0,0,0,0,0,13,13,7,2,0,3,1,0,0,6,6,0,1,6,0,5,1
543322252,2,543322254,,3,1,2,*,*,*,*,*,*,*,*,*,*,*,*,*,*,*,*,*,*,*,*,*,*,*,*,*,*,*,*,*,*,1,1,*,*,*,*,*,*,*,*,*,*,*,*,*,*,*
543322254,1,,543322252,40,21,19,11,6,5,32,16,16,24,11,13,30,15,15,30,15,15,8,5,3,2,1,1,2,1,1,0,0,0,0,0,0,13,13,2,3,4,3,1,1,0,12,9,3,3,7,0,2,1
543322261,1,,543322262,29,15,14,3,1,2,33,18,15,24,14,10,31,16,15,31,16,15,9,4,5,5,2,3,1,0,1,0,0,0,0,0,0,9,9,2,3,4,1,0,2,0,10,5,5,1,7,0,1,1
543322262,2,543322261,,7,4,3,*,*,*,*,*,*,*,*,*,*,*,*,*,*,*,*,*,*,*,*,*,*,*,*,*,*,*,*,*,*,3,3,*,*,*,*,*,*,*,*,*,*,*,*,*,*,*
543322263,0,,,90,45,45,12,8,4,78,37,41,40,24,16,77,36,41,75,34,41,38,13,25,18,6,12,5,1,4,1,0,1,0,0,0,44,44,15,18,7,2,2,0,0,28,25,3,2,26,0,12,9
543322264,0,,,29,15,14,6,4,2,23,11,12,17,8,9,23,11,12,23,11,12,6,3,3,1,1,0,1,1,0,0,0,0,1,0,1,10,10,2,3,2,1,1,1,0,8,4,4,2,4,0,0,1
543322321,2,543322223,,1,1,0,*,*,*,*,*,*,*,*,*,*,*,*,*,*,*,*,*,*,*,*,*,*,*,*,*,*,*,*,*,*,1,1,*,*,*,*,*,*,*,*,*,*,*,*,*,*,*
543322343,1,,543322344,41,18,23,1,0,1,48,21,27,20,10,10,46,20,26,45,19,26,28,11,17,11,2,9,4,1,3,1,0,1,0,0,0,22,22,13,10,4,1,0,0,0,15,14,1,0,21,0,10,7
543322344,2,543322343,,8,3,5,*,*,*,*,*,*,*,*,*,*,*,*,*,*,*,*,*,*,*,*,*,*,*,*,*,*,*,*,*,*,6,6,*,*,*,*,*,*,*,*,*,*,*,*,*,*,*
543322352,2,543322361,,6,2,4,*,*,*,*,*,*,*,*,*,*,*,*,*,*,*,*,*,*,*,*,*,*,*,*,*,*,*,*,*,*,3,3,*,*,*,*,*,*,*,*,*,*,*,*,*,*,*
543322354,2,543322361,,4,1,3,*,*,*,*,*,*,*,*,*,*,*,*,*,*,*,*,*,*,*,*,*,*,*,*,*,*,*,*,*,*,2,2,*,*,*,*,*,*,*,*,*,*,*,*,*,*,*
543322361,1,,543322352;543322354,47,24,23,8,3,5,49,24,25,23,11,12,49,24,25,49,24,25,26,13,13,15,6,9,3,2,1,0,0,0,0,0,0,23,23,7,16,2,3,0,0,0,21,20,1,5,17,0,4,9
543322363,0,,,41,23,18,12,6,6,29,17,12,15,9,6,29,17,12,29,17,12,14,8,6,9,6,3,4,3,1,0,0,0,0,0,0,16,16,3,8,1,1,3,0,0,13,12,1,3,9,0,2,5
543322441,0,,,42,25,17,2,2,0,40,23,17,24,13,11,38,22,16,37,21,16,16,10,6,5,4,1,4,3,1,0,0,0,0,0,0,21,21,9,5,5,2,0,0,0,12,12,0,1,11,0,6,4
543322442,0,,,34,16,18,6,3,3,28,13,15,13,5,8,28,13,15,28,13,15,15,8,7,5,4,1,2,2,0,0,0,0,0,0,0,15,15,4,8,1,0,1,1,0,11,9,2,0,8,0,2,4
543322444,0,,,90,40,50,26,10,16,64,30,34,37,14,23,63,30,33,63,30,33,27,16,11,11,6,5,3,2,1,0,0,0,0,0,0,34,34,6,14,5,5,3,1,0,28,27,1,6,17,0,3,9
543322452,0,,,76,43,33,11,4,7,65,39,26,60,37,23,64,39,25,64,39,25,5,2,3,1,0,1,1,0,1,0,0,0,0,0,0,55,55,46,3,2,2,2,0,0,9,9,0,4,4,13,3,1
543322453,0,,,267,132,135,33,19,14,234,113,121,141,68,73,228,110,118,223,107,116,93,45,48,51,22,29,17,7,10,0,0,0,0,0,0,123,123,44,42,21,8,4,4,0,79,73,6,11,68,5,26,19
543322454,0,,,145,81,64,27,14,13,118,67,51,76,47,29,115,64,51,115,64,51,42,20,22,20,9,11,4,1,3,0,0,0,1,0,1,69,68,33,19,4,6,3,2,1,35,34,1,6,27,10,11,10
543322461,0,,,512,258,254,34,22,12,478,236,242,224,126,98,467,228,239,464,225,239,254,110,144,121,50,71,42,10,32,3,0,3,3,0,3,253,252,95,89,43,18,7,0,0,155,135,20,8,174,3,63,55
543322462,0,,,198,90,108,17,8,9,181,82,99,93,51,42,178,80,98,177,80,97,88,31,57,52,14,38,16,2,14,0,0,0,0,0,0,105,105,47,36,13,5,4,0,0,58,50,8,2,64,3,26,17
543322463,0,,,466,214,252,48,23,25,417,190,227,199,100,99,413,188,225,413,188,225,218,90,128,109,37,72,47,11,36,2,0,2,3,1,2,232,231,95,80,33,10,10,3,0,136,121,15,15,151,12,54,47
543322464,0,,,525,268,257,63,35,28,461,232,229,247,135,112,447,226,221,441,224,217,214,97,117,113,50,63,32,11,21,3,1,2,1,0,1,265,263,119,82,35,15,6,6,0,142,122,20,16,143,14,59,49
543322473,1,,543322483,40,19,21,4,4,0,38,16,22,17,9,8,38,16,22,38,16,22,21,7,14,8,2,6,3,1,2,0,0,0,1,0,1,21,21,9,8,3,2,0,0,0,13,11,2,2,15,0,7,4
543322483,2,543322473,,2,1,1,*,*,*,*,*,*,*,*,*,*,*,*,*,*,*,*,*,*,*,*,*,*,*,*,*,*,*,*,*,*,1,1,*,*,*,*,*,*,*,*,*,*,*,*,*,*,*
543322542,1,,543322544,20,11,9,1,1,0,23,13,10,11,6,5,22,12,10,22,12,10,12,7,5,5,4,1,0,0,0,0,0,0,0,0,0,9,9,4,3,3,0,1,0,0,7,6,1,1,9,0,4,3
543322543,0,,,44,22,22,2,2,0,42,20,22,20,11,9,41,20,21,40,20,20,22,9,13,14,6,8,4,2,2,1,0,1,0,0,0,25,25,12,9,3,0,1,0,0,13,13,0,1,15,1,5,6
543322544,2,543322542,,4,3,1,*,*,*,*,*,*,*,*,*,*,*,*,*,*,*,*,*,*,*,*,*,*,*,*,*,*,*,*,*,*,2,2,*,*,*,*,*,*,*,*,*,*,*,*,*,*,*
543322551,0,,,174,78,96,25,13,12,149,65,84,86,42,44,144,62,82,143,61,82,63,23,40,34,7,27,14,1,13,1,0,1,1,0,1,76,75,27,22,14,8,2,1,1,48,38,10,5,43,0,21,7
543322552,0,,,175,103,72,21,12,9,154,91,63,108,68,40,152,91,61,150,89,61,46,23,23,22,10,12,4,1,3,2,0,2,0,0,0,99,99,54,26,12,3,3,1,0,44,41,3,7,32,10,10,12
543322553,0,,,38,18,20,7,3,4,31,15,16,21,11,10,31,15,16,31,15,16,10,4,6,2,0,2,2,0,2,0,0,0,0,0,0,21,21,11,6,2,1,1,0,0,10,10,0,2,7,0,3,2
543322554,0,,,566,304,262,77,42,35,489,262,227,333,190,143,476,257,219,471,252,219,156,72,84,69,27,42,31,13,18,0,0,0,5,0,5,278,275,128,72,43,20,9,3,0,147,137,10,22,93,31,23,36
543322561,0,,,303,148,155,26,16,10,274,131,143,159,80,79,267,127,140,264,127,137,115,51,64,67,34,33,13,7,6,1,0,1,0,0,0,148,146,56,55,18,12,4,1,0,88,84,4,10,77,8,25,32
543322562,0,,,441,222,219,89,53,36,352,169,183,224,116,108,340,163,177,334,159,175,128,53,75,56,23,33,16,5,11,0,0,0,3,1,2,183,182,57,58,26,22,16,3,0,124,109,15,21,88,2,31,30
543322563,0,,,858,346,512,106,47,59,752,299,453,289,141,148,735,295,440,731,293,438,463,158,305,320,85,235,190,27,163,49,3,46,3,0,3,254,250,67,96,38,26,22,0,1,182,173,9,28,134,2,44,55
543322564,0,,,448,205,243,68,40,28,380,165,215,242,107,135,359,156,203,349,151,198,138,58,80,57,20,37,22,5,17,4,1,3,12,4,8,186,183,62,63,21,24,7,5,1,120,112,8,17,82,3,31,28
543322571,2,543322573,,2,1,1,*,*,*,*,*,*,*,*,*,*,*,*,*,*,*,*,*,*,*,*,*,*,*,*,*,*,*,*,*,*,1,1,*,*,*,*,*,*,*,*,*,*,*,*,*,*,*
543322572,2,543322573,,2,1,1,*,*,*,*,*,*,*,*,*,*,*,*,*,*,*,*,*,*,*,*,*,*,*,*,*,*,*,*,*,*,1,1,*,*,*,*,*,*,*,*,*,*,*,*,*,*,*
543322573,1,,543322571;543322572,40,17,23,4,2,2,40,17,23,19,7,12,40,17,23,39,17,22,21,10,11,12,6,6,1,1,0,0,0,0,0,0,0,14,14,2,7,3,1,3,0,0,14,11,3,1,12,0,2,5
543322581,1,,543322583,18,10,8,0,0,0,21,11,10,11,7,4,21,11,10,21,11,10,10,4,6,4,0,4,3,0,3,0,0,0,0,0,0,9,9,5,4,0,2,0,0,0,6,5,1,0,9,0,4,2
543322583,2,543322581,,3,1,2,*,*,*,*,*,*,*,*,*,*,*,*,*,*,*,*,*,*,*,*,*,*,*,*,*,*,*,*,*,*,2,2,*,*,*,*,*,*,*,*,*,*,*,*,*,*,*
543322593,2,543322691,,5,3,2,*,*,*,*,*,*,*,*,*,*,*,*,*,*,*,*,*,*,*,*,*,*,*,*,*,*,*,*,*,*,1,1,*,*,*,*,*,*,*,*,*,*,*,*,*,*,*
543322611,1,,543322612,35,12,23,2,1,1,35,12,23,16,4,12,35,12,23,35,12,23,19,8,11,6,1,5,4,0,4,0,0,0,0,0,0,16,16,4,8,3,2,0,0,0,13,11,2,0,12,0,3,3
543322612,2,543322611,,2,1,1,*,*,*,*,*,*,*,*,*,*,*,*,*,*,*,*,*,*,*,*,*,*,*,*,*,*,*,*,*,*,1,1,*,*,*,*,*,*,*,*,*,*,*,*,*,*,*
543322641,0,,,78,43,35,10,6,4,66,35,31,42,25,17,63,32,31,62,32,30,24,10,14,8,4,4,1,0,1,0,0,0,6,6,0,38,38,17,10,6,2,3,0,0,21,20,1,3,15,7,4,6
543322642,0,,,72,31,41,12,3,9,60,28,32,48,23,25,56,25,31,56,25,31,12,5,7,5,2,3,0,0,0,0,0,0,0,0,0,35,35,14,10,7,3,1,0,0,21,21,0,7,8,2,3,3
543322643,0,,,58,29,29,7,4,3,50,24,26,26,12,14,50,24,26,50,24,26,24,12,12,13,7,6,1,0,1,0,0,0,0,0,0,27,27,9,11,3,2,2,0,0,18,18,0,0,15,0,4,9
543322644,0,,,143,68,75,16,8,8,127,60,67,88,45,43,121,58,63,120,58,62,39,15,24,19,6,13,5,2,3,1,0,1,1,0,1,63,63,23,17,10,10,2,1,0,40,34,6,5,26,1,8,5
543322651,0,,,319,160,159,47,22,25,271,137,134,186,101,85,253,129,124,247,127,120,85,36,49,34,12,22,9,3,6,0,0,0,0,0,0,153,151,75,36,18,16,4,2,0,76,74,2,17,50,22,16,22
543322652,0,,,107,50,57,10,2,8,97,48,49,50,26,24,94,47,47,92,46,46,47,22,25,20,8,12,9,2,7,3,1,2,1,0,1,49,49,17,16,8,6,2,0,0,32,25,7,3,34,0,11,8
543322653,0,,,96,42,54,4,1,3,92,41,51,49,25,24,86,37,49,85,36,49,43,16,27,19,4,15,8,3,5,1,0,1,0,0,0,40,40,10,14,10,3,2,1,0,30,25,5,0,29,0,8,8
543322654,0,,,79,41,38,16,6,10,63,35,28,42,22,20,59,33,26,58,32,26,21,13,8,3,2,1,0,0,0,0,0,0,0,0,0,29,28,7,9,3,4,5,0,0,21,20,1,4,11,0,2,7
543322661,0,,,13,7,6,0,0,0,13,7,6,7,4,3,13,7,6,13,7,6,6,3,3,2,1,1,0,0,0,0,0,0,0,0,0,5,5,0,3,1,1,0,0,0,5,5,0,0,3,0,0,2
543322662,1,,543322664,103,53,50,17,9,8,91,47,44,61,33,28,86,43,43,86,43,43,30,14,16,12,4,8,5,3,2,2,1,1,2,0,2,45,45,13,21,8,3,2,0,1,35,33,2,9,20,3,5,10
543322664,2,543322662,,5,3,2,*,*,*,*,*,*,*,*,*,*,*,*,*,*,*,*,*,*,*,*,*,*,*,*,*,*,*,*,*,*,3,3,*,*,*,*,*,*,*,*,*,*,*,*,*,*,*
543322671,0,,,40,22,18,3,1,2,37,21,16,21,15,6,37,21,16,37,21,16,16,6,10,10,3,7,2,0,2,0,0,0,1,0,1,20,20,8,6,4,2,0,0,0,12,11,1,2,12,0,5,2
543322672,0,,,109,52,57,13,6,7,96,46,50,59,29,30,94,46,48,91,44,47,37,17,20,15,7,8,5,1,4,1,0,1,0,0,0,42,42,9,15,9,4,3,2,0,33,24,9,1,26,0,5,9
543322673,0,,,123,82,41,6,3,3,117,79,38,84,66,18,78,44,34,64,30,34,33,13,20,14,4,10,5,1,4,1,0,1,0,0,0,33,32,10,11,8,3,0,0,0,22,18,4,2,24,0,9,6
543322674,0,,,24,14,10,4,3,1,20,11,9,13,8,5,18,9,9,18,9,9,7,3,4,5,2,3,1,0,1,0,0,0,0,0,0,10,10,2,4,2,2,0,0,0,8,8,0,0,4,0,1,2
543322681,0,,,16,10,6,4,3,1,12,7,5,10,5,5,12,7,5,12,7,5,2,2,0,0,0,0,0,0,0,0,0,0,0,0,0,6,6,2,2,1,0,0,0,1,4,3,1,2,2,0,0,1
543322683,0,,,17,7,10,0,0,0,17,7,10,5,3,2,17,7,10,17,7,10,12,4,8,7,1,6,4,1,3,1,0,1,0,0,0,9,9,3,4,2,0,0,0,0,6,5,1,0,8,0,3,2
543322691,1,,543322593,76,40,36,9,4,5,72,39,33,36,23,13,72,39,33,71,38,33,36,16,20,20,7,13,8,2,6,2,1,1,0,0,0,28,28,7,9,5,3,3,1,1,22,12,10,2,24,0,6,4
543322692,0,,,33,18,15,2,2,0,31,16,15,13,6,7,29,15,14,29,15,14,18,10,8,12,6,6,7,3,4,0,0,0,0,0,0,15,15,4,6,3,2,0,0,0,11,10,1,0,11,0,2,3
543322724,0,,,23,10,13,2,1,1,21,9,12,5,3,2,21,9,12,21,9,12,16,6,10,5,1,4,4,0,4,0,0,0,0,0,0,10,10,3,3,2,2,0,0,0,7,5,2,1,9,0,3,3
543322732,0,,,50,24,26,10,5,5,40,19,21,24,11,13,40,19,21,40,19,21,16,8,8,8,3,5,1,0,1,0,0,0,0,0,0,23,23,8,9,2,3,0,1,0,15,15,0,3,11,0,5,5
543322733,0,,,59,25,34,7,2,5,52,23,29,25,12,13,51,23,28,51,23,28,27,11,16,11,4,7,4,2,2,0,0,0,0,0,0,29,29,8,15,3,3,0,0,0,21,20,1,1,18,1,4,8
543322734,0,,,241,117,124,37,19,18,204,98,106,105,55,50,195,92,103,194,91,103,99,43,56,45,17,28,14,5,9,4,1,3,0,0,0,103,103,33,34,19,10,3,2,2,70,60,10,8,66,0,23,20
543322741,1,,543322743,15,11,4,1,1,0,15,10,5,9,6,3,13,9,4,13,9,4,6,4,2,3,1,2,0,0,0,0,0,0,0,0,0,5,4,2,1,1,1,0,0,0,3,2,1,0,3,0,2,0
543322743,2,543322741,,1,0,1,*,*,*,*,*,*,*,*,*,*,*,*,*,*,*,*,*,*,*,*,*,*,*,*,*,*,*,*,*,*,1,1,*,*,*,*,*,*,*,*,*,*,*,*,*,*,*
543322751,1,,543322753,44,21,23,3,2,1,48,23,25,21,9,12,45,22,23,45,22,23,27,14,13,8,3,5,0,0,0,0,0,0,0,0,0,20,20,5,10,4,1,2,0,0,17,15,2,0,16,1,2,8
543322753,2,543322751,,7,4,3,*,*,*,*,*,*,*,*,*,*,*,*,*,*,*,*,*,*,*,*,*,*,*,*,*,*,*,*,*,*,2,2,*,*,*,*,*,*,*,*,*,*,*,*,*,*,*
543322771,1,,543322773,76,38,38,8,6,2,75,37,38,34,18,16,75,37,38,75,37,38,41,19,22,15,4,11,6,0,6,2,0,2,0,0,0,39,39,16,18,3,3,2,0,0,26,22,4,3,28,0,12,10
543322773,2,543322771,,7,5,2,*,*,*,*,*,*,*,*,*,*,*,*,*,*,*,*,*,*,*,*,*,*,*,*,*,*,*,*,*,*,3,3,*,*,*,*,*,*,*,*,*,*,*,*,*,*,*
543322781,0,,,24,12,12,3,1,2,21,11,10,9,5,4,21,11,10,21,11,10,12,6,6,4,2,2,2,1,1,0,0,0,0,0,0,10,10,2,4,2,2,0,0,0,8,8,0,1,7,0,2,3
543322794,0,,,11,5,6,0,0,0,11,5,6,3,2,1,11,5,6,11,5,6,8,3,5,7,3,4,1,0,1,0,0,0,0,0,0,6,6,2,3,1,0,0,0,0,4,4,0,0,5,0,1,2
543322811,0,,,8,4,4,0,0,0,8,4,4,1,1,0,8,4,4,8,4,4,7,3,4,2,2,0,0,0,0,0,0,0,0,0,0,5,5,2,3,0,0,0,0,0,3,3,0,0,5,0,2,2
543322812,2,543322814,,7,4,3,*,*,*,*,*,*,*,*,*,*,*,*,*,*,*,*,*,*,*,*,*,*,*,*,*,*,*,*,*,*,3,3,*,*,*,*,*,*,*,*,*,*,*,*,*,*,*
543322814,1,,543322812;543322823;543322824,36,19,17,3,2,1,47,24,23,24,15,9,46,23,23,44,22,22,23,9,14,14,6,8,3,0,3,1,0,1,0,0,0,18,18,6,13,3,1,1,0,0,18,15,3,1,16,0,5,6
543322823,2,543322814,,6,3,3,*,*,*,*,*,*,*,*,*,*,*,*,*,*,*,*,*,*,*,*,*,*,*,*,*,*,*,*,*,*,2,2,*,*,*,*,*,*,*,*,*,*,*,*,*,*,*
543322824,2,543322814,,1,0,1,*,*,*,*,*,*,*,*,*,*,*,*,*,*,*,*,*,*,*,*,*,*,*,*,*,*,*,*,*,*,1,1,*,*,*,*,*,*,*,*,*,*,*,*,*,*,*
543322831,0,,,57,26,31,7,5,2,50,21,29,28,12,16,48,20,28,47,19,28,22,9,13,15,6,9,5,0,5,1,0,1,0,0,0,28,28,11,10,4,2,0,1,0,17,15,2,1,18,0,9,5
543322832,0,,,69,31,38,14,3,11,55,28,27,29,18,11,51,24,27,51,24,27,26,10,16,13,5,8,1,0,1,0,0,0,0,0,0,25,25,6,7,4,6,0,1,1,19,16,3,3,17,0,6,6
543322833,0,,,25,11,14,0,0,0,25,11,14,15,9,6,25,11,14,25,11,14,10,2,8,8,1,7,4,0,4,0,0,0,0,0,0,12,12,4,4,3,1,0,0,0,8,6,2,0,8,0,3,0
543322841,1,,543322843,49,26,23,6,3,3,52,26,26,27,14,13,52,26,26,51,25,26,25,12,13,10,4,6,4,1,3,0,0,0,1,0,1,23,23,8,13,5,1,1,0,0,20,20,0,3,18,0,6,6
543322843,2,543322841,,9,3,6,*,*,*,*,*,*,*,*,*,*,*,*,*,*,*,*,*,*,*,*,*,*,*,*,*,*,*,*,*,*,5,5,*,*,*,*,*,*,*,*,*,*,*,*,*,*,*
543322892,1,,543322993;543322994,14,8,6,5,3,2,13,7,6,6,3,3,13,7,6,13,7,6,7,4,3,3,1,2,0,0,0,0,0,0,0,0,0,5,5,1,4,1,0,0,1,0,6,4,2,2,6,0,1,1
543322901,2,543322903,,6,3,3,*,*,*,*,*,*,*,*,*,*,*,*,*,*,*,*,*,*,*,*,*,*,*,*,*,*,*,*,*,*,4,4,*,*,*,*,*,*,*,*,*,*,*,*,*,*,*
543322903,1,,543322901,17,8,9,0,0,0,23,11,12,6,3,3,23,11,12,23,11,12,17,8,9,9,4,5,1,0,1,0,0,0,0,0,0,8,8,3,7,2,0,0,0,0,9,9,0,0,11,0,3,6
543322904,0,,,13,6,7,0,0,0,13,6,7,9,5,4,12,6,6,11,5,6,4,1,3,2,0,2,2,0,2,0,0,0,0,0,0,5,5,1,2,1,0,1,0,0,4,3,1,0,3,0,0,1
543322912,2,543322921,,6,4,2,*,*,*,*,*,*,*,*,*,*,*,*,*,*,*,*,*,*,*,*,*,*,*,*,*,*,*,*,*,*,3,3,*,*,*,*,*,*,*,*,*,*,*,*,*,*,*
543322921,1,,543322912,21,11,10,4,3,1,23,12,11,10,5,5,23,12,11,23,12,11,13,7,6,2,1,1,2,1,1,0,0,0,0,0,0,7,7,1,5,2,1,0,1,0,9,7,2,1,7,0,0,3
543322922,2,543322924,,6,4,2,*,*,*,*,*,*,*,*,*,*,*,*,*,*,*,*,*,*,*,*,*,*,*,*,*,*,*,*,*,*,4,4,*,*,*,*,*,*,*,*,*,*,*,*,*,*,*
543322923,0,,,36,16,20,5,3,2,31,13,18,11,5,6,31,13,18,31,13,18,20,8,12,11,3,8,5,2,3,0,0,0,0,0,0,17,17,7,7,0,1,1,1,0,10,8,2,1,15,0,7,5
543322924,1,,543322922,42,19,23,5,3,2,43,20,23,19,10,9,42,20,22,42,20,22,24,10,14,8,2,6,5,0,5,1,0,1,0,0,0,18,18,8,8,3,1,1,1,0,14,12,2,2,17,0,7,3
543322931,1,,543322933,17,7,10,0,0,0,18,8,10,9,4,5,18,8,10,18,8,10,9,4,5,5,2,3,1,0,1,0,0,0,0,0,0,8,8,2,5,2,0,0,0,0,7,5,2,0,5,0,0,2
543322933,2,543322931,,1,1,0,*,*,*,*,*,*,*,*,*,*,*,*,*,*,*,*,*,*,*,*,*,*,*,*,*,*,*,*,*,*,1,1,*,*,*,*,*,*,*,*,*,*,*,*,*,*,*
543322993,2,543322892,,2,1,1,*,*,*,*,*,*,*,*,*,*,*,*,*,*,*,*,*,*,*,*,*,*,*,*,*,*,*,*,*,*,1,1,*,*,*,*,*,*,*,*,*,*,*,*,*,*,*
543322994,2,543322892,,2,1,1,*,*,*,*,*,*,*,*,*,*,*,*,*,*,*,*,*,*,*,*,*,*,*,*,*,*,*,*,*,*,1,1,*,*,*,*,*,*,*,*,*,*,*,*,*,*,*
543331192,2,543331194,,10,3,7,*,*,*,*,*,*,*,*,*,*,*,*,*,*,*,*,*,*,*,*,*,*,*,*,*,*,*,*,*,*,3,3,*,*,*,*,*,*,*,*,*,*,*,*,*,*,*
543331194,1,,543331192,12,3,9,4,0,4,18,6,12,9,4,5,18,6,12,18,6,12,9,2,7,6,0,6,2,0,2,0,0,0,0,0,0,7,7,4,1,4,1,0,0,0,6,5,1,1,6,0,3,0
543331242,2,543331352,,7,4,3,*,*,*,*,*,*,*,*,*,*,*,*,*,*,*,*,*,*,*,*,*,*,*,*,*,*,*,*,*,*,5,5,*,*,*,*,*,*,*,*,*,*,*,*,*,*,*
543331291,2,543331292,,1,1,0,*,*,*,*,*,*,*,*,*,*,*,*,*,*,*,*,*,*,*,*,*,*,*,*,*,*,*,*,*,*,1,1,*,*,*,*,*,*,*,*,*,*,*,*,*,*,*
543331292,1,,543331291;543331294,46,23,23,6,2,4,48,26,22,28,19,9,47,25,22,47,25,22,20,7,13,9,4,5,5,1,4,0,0,0,1,0,1,21,21,8,10,6,2,0,0,0,18,17,1,2,15,1,4,2
543331294,2,543331292,,7,4,3,*,*,*,*,*,*,*,*,*,*,*,*,*,*,*,*,*,*,*,*,*,*,*,*,*,*,*,*,*,*,4,4,*,*,*,*,*,*,*,*,*,*,*,*,*,*,*
543331352,1,,543331242,13,6,7,0,0,0,20,10,10,10,5,5,19,10,9,19,10,9,10,5,5,6,2,4,5,1,4,1,0,1,0,0,0,6,6,5,4,1,1,0,0,0,6,5,1,0,9,0,4,1
543331354,0,,,17,10,7,0,0,0,17,10,7,10,7,3,17,10,7,16,9,7,7,3,4,5,2,3,0,0,0,0,0,0,0,0,0,8,8,5,1,0,1,0,1,0,3,2,1,0,5,0,3,0
543331361,2,543331363,,2,1,1,*,*,*,*,*,*,*,*,*,*,*,*,*,*,*,*,*,*,*,*,*,*,*,*,*,*,*,*,*,*,1,1,*,*,*,*,*,*,*,*,*,*,*,*,*,*,*
543331363,1,,543331361,15,8,7,3,2,1,14,7,7,4,1,3,14,7,7,14,7,7,10,6,4,2,1,1,2,1,1,0,0,0,0,0,0,5,5,0,5,0,0,0,0,1,5,4,1,1,6,0,0,2
543331382,0,,,45,23,22,8,6,2,37,17,20,23,11,12,36,16,20,36,16,20,14,6,8,8,2,6,4,0,4,0,0,0,0,0,0,16,16,4,5,4,0,1,1,1,12,8,4,1,11,0,3,4
543331383,0,,,11,4,7,0,0,0,11,4,7,7,3,4,11,4,7,11,4,7,4,1,3,4,1,3,0,0,0,0,0,0,0,0,0,9,9,7,2,0,0,0,0,0,2,2,0,0,4,0,3,0
543331384,0,,,34,14,20,4,3,1,30,11,19,13,5,8,30,11,19,30,11,19,17,6,11,9,4,5,1,0,1,1,0,1,0,0,0,16,16,7,3,4,1,1,0,0,9,7,2,1,12,0,5,3
543331392,0,,,50,24,26,7,5,2,43,19,24,22,9,13,41,18,23,41,18,23,21,10,11,9,4,5,3,1,2,0,0,0,1,0,1,18,18,3,8,4,2,0,0,1,15,12,3,1,14,0,2,5
543331393,0,,,12,6,6,1,0,1,11,6,5,7,4,3,10,6,4,10,6,4,4,2,2,2,0,2,1,0,1,0,0,0,0,0,0,6,6,2,2,2,0,0,0,0,4,4,0,0,3,0,1,0
543331394,0,,,126,65,61,17,11,6,109,54,55,62,34,28,104,52,52,104,52,52,47,20,27,28,12,16,9,3,6,0,0,0,0,0,0,57,57,18,20,11,6,1,1,0,39,37,2,4,32,0,13,8
543331472,0,,,51,25,26,11,6,5,40,19,21,21,10,11,37,18,19,37,18,19,19,9,10,7,3,4,3,1,2,0,0,0,1,0,1,19,19,4,7,3,1,4,0,0,15,15,0,3,13,0,4,3
543331473,0,,,44,21,23,11,6,5,33,15,18,21,10,11,30,14,16,30,14,16,12,5,7,5,1,4,1,0,1,0,0,0,0,0,0,17,17,7,4,1,2,1,1,1,10,8,2,1,9,0,6,2
543331474,0,,,14,7,7,3,1,2,11,6,5,7,4,3,11,6,5,11,6,5,4,2,2,0,0,0,0,0,0,0,0,0,0,0,0,4,4,0,2,1,0,0,0,1,4,3,1,1,2,0,0,0
543331481,0,,,53,27,26,3,1,2,50,26,24,24,13,11,49,25,24,48,24,24,26,13,13,12,6,6,3,1,2,1,0,1,1,0,1,21,21,4,8,6,1,1,1,0,17,13,4,0,15,0,3,4
543331482,0,,,55,29,26,6,3,3,49,26,23,27,14,13,48,25,23,48,25,23,22,12,10,12,4,8,4,1,3,1,1,0,0,0,0,29,29,15,7,4,2,0,1,0,14,13,1,1,18,1,9,4
543331483,0,,,194,93,101,25,11,14,169,82,87,91,48,43,166,79,87,166,79,87,78,34,44,34,12,22,23,5,18,3,0,3,0,0,0,86,86,24,36,15,4,6,0,1,62,52,10,8,52,0,13,17
543331491,0,,,64,32,32,16,9,7,48,23,25,41,20,21,45,21,24,42,20,22,7,3,4,3,2,1,1,0,1,0,0,0,0,0,0,25,25,5,9,6,2,3,0,0,20,20,0,4,5,1,0,3
543331492,0,,,136,41,95,13,3,10,123,38,85,23,11,12,122,37,85,122,37,85,100,27,73,80,18,62,61,11,50,16,0,16,0,0,0,27,23,8,6,4,3,1,1,0,15,11,4,4,14,0,5,4
543331572,0,,,45,22,23,4,0,4,41,22,19,22,14,8,41,22,19,41,22,19,19,8,11,10,6,4,1,0,1,0,0,0,2,2,0,20,20,4,9,5,2,0,0,0,16,15,1,0,14,2,2,2
543331581,0,,,12,7,5,2,1,1,10,6,4,7,4,3,8,5,3,8,5,3,3,2,1,1,0,1,0,0,0,0,0,0,0,0,0,6,6,4,0,1,0,1,0,0,2,2,0,0,3,0,3,0
543331671,0,,,16,7,9,2,0,2,14,7,7,10,5,5,14,7,7,14,7,7,4,2,2,4,2,2,2,1,1,0,0,0,0,0,0,5,5,0,3,0,0,2,0,0,5,3,2,2,3,0,0,1
543331672,1,,543331674,55,30,25,5,4,1,52,27,25,23,11,12,52,27,25,51,27,24,29,16,13,21,9,12,8,5,3,0,0,0,0,0,0,22,22,9,9,0,3,1,1,1,14,10,4,1,20,0,8,6
543331674,2,543331672,,2,1,1,*,*,*,*,*,*,*,*,*,*,*,*,*,*,*,*,*,*,*,*,*,*,*,*,*,*,*,*,*,*,2,2,*,*,*,*,*,*,*,*,*,*,*,*,*,*,*
543331881,0,,,12,6,6,0,0,0,12,6,6,3,1,2,12,6,6,12,6,6,9,5,4,5,2,3,1,0,1,0,0,0,0,0,0,8,8,5,2,1,0,0,0,0,3,2,1,0,8,0,5,2
543331882,0,,,62,31,31,3,2,1,59,29,30,20,12,8,58,28,30,58,28,30,39,17,22,25,7,18,13,4,9,3,0,3,0,0,0,29,29,10,11,5,1,1,1,0,19,14,5,1,27,0,9,5
543331883,2,543331884,,6,4,2,*,*,*,*,*,*,*,*,*,*,*,*,*,*,*,*,*,*,*,*,*,*,*,*,*,*,*,*,*,*,4,4,*,*,*,*,*,*,*,*,*,*,*,*,*,*,*
543331884,1,,543331883,19,11,8,2,1,1,23,14,9,9,8,1,23,14,9,22,13,9,14,6,8,10,3,7,4,1,3,1,0,1,0,0,0,9,9,5,6,1,0,1,0,0,8,8,0,0,10,0,3,4
543332011,2,543332103,,1,1,0,*,*,*,*,*,*,*,*,*,*,*,*,*,*,*,*,*,*,*,*,*,*,*,*,*,*,*,*,*,*,1,1,*,*,*,*,*,*,*,*,*,*,*,*,*,*,*
543332091,0,,,14,5,9,0,0,0,14,5,9,1,0,1,14,5,9,14,5,9,13,5,8,4,2,2,2,1,1,0,0,0,0,0,0,9,9,6,1,2,0,0,0,0,3,2,1,0,9,0,6,1
543332092,0,,,138,62,76,7,3,4,131,59,72,56,30,26,130,59,71,128,58,70,75,29,46,45,15,30,23,6,17,0,0,0,0,0,0,66,66,25,22,10,7,1,1,0,41,31,10,2,50,0,19,13
543332094,0,,,28,14,14,1,1,0,27,13,14,7,4,3,26,12,14,26,12,14,20,9,11,13,5,8,8,4,4,2,2,0,0,0,0,12,12,2,7,1,1,1,0,0,10,8,2,0,12,0,2,5
543332103,1,,543332011,17,9,8,0,0,0,18,10,8,9,5,4,18,10,8,18,10,8,9,5,4,2,1,1,2,1,1,0,0,0,0,0,0,8,8,3,5,0,0,1,0,0,6,5,1,0,6,0,2,3
543332201,0,,,10,5,5,0,0,0,10,5,5,5,4,1,10,5,5,10,5,5,5,1,4,1,0,1,1,0,1,0,0,0,0,0,0,5,5,1,3,1,0,0,0,0,4,3,1,0,4,0,1,1
543332203,0,,,41,18,23,3,2,1,38,16,22,15,7,8,37,15,22,35,15,20,23,9,14,10,4,6,4,1,3,0,0,0,0,0,0,19,19,8,7,0,2,1,1,0,10,7,3,0,17,0,8,4
543332301,0,,,15,5,10,2,0,2,13,5,8,10,5,5,13,5,8,13,5,8,3,0,3,3,0,3,1,0,1,0,0,0,1,0,1,5,5,1,0,2,2,0,0,0,4,2,2,0,3,0,1,0
543332303,0,,,93,47,46,11,7,4,82,40,42,47,22,25,81,40,41,81,40,41,35,18,17,13,5,8,5,1,4,0,0,0,0,0,0,43,43,12,19,7,3,2,0,0,31,31,0,4,24,0,6,9
543332382,1,,543332384,19,10,9,0,0,0,23,11,12,10,6,4,22,10,12,22,10,12,13,5,8,8,2,6,6,2,4,0,0,0,0,0,0,10,10,6,6,0,0,1,0,0,7,7,0,0,11,0,6,1
543332384,2,543332382,,4,1,3,*,*,*,*,*,*,*,*,*,*,*,*,*,*,*,*,*,*,*,*,*,*,*,*,*,*,*,*,*,*,3,3,*,*,*,*,*,*,*,*,*,*,*,*,*,*,*
543332391,0,,,34,16,18,1,0,1,33,16,17,21,11,10,33,16,17,32,15,17,12,5,7,9,4,5,3,1,2,0,0,0,1,0,1,13,13,3,3,3,4,0,0,0,10,7,3,0,9,0,3,1
543332401,0,,,95,44,51,6,3,3,89,41,48,35,20,15,86,41,45,86,41,45,54,21,33,36,9,27,23,5,18,5,0,5,0,0,0,36,33,14,10,2,4,2,1,0,19,13,6,1,21,0,8,6
543332403,0,,,33,18,15,6,3,3,27,15,12,12,8,4,27,15,12,27,15,12,15,7,8,9,4,5,3,0,3,0,0,0,0,0,0,15,15,5,6,2,0,2,0,0,10,8,2,2,10,0,2,2
543332404,0,,,10,4,6,0,0,0,10,4,6,5,2,3,10,4,6,10,4,6,5,2,3,3,1,2,0,0,0,0,0,0,0,0,0,6,6,4,1,0,1,0,0,0,2,2,0,0,4,0,2,1
543332474,2,543332581,,5,3,2,*,*,*,*,*,*,*,*,*,*,*,*,*,*,*,*,*,*,*,*,*,*,*,*,*,*,*,*,*,*,4,4,*,*,*,*,*,*,*,*,*,*,*,*,*,*,*
543332483,2,543332581,,1,0,1,*,*,*,*,*,*,*,*,*,*,*,*,*,*,*,*,*,*,*,*,*,*,*,*,*,*,*,*,*,*,1,1,*,*,*,*,*,*,*,*,*,*,*,*,*,*,*
543332501,0,,,16,7,9,0,0,0,16,7,9,4,1,3,16,7,9,16,7,9,12,6,6,7,4,3,3,3,0,0,0,0,0,0,0,6,6,0,3,2,1,0,0,0,6,5,1,0,6,0,0,2
543332502,0,,,13,8,5,0,0,0,13,8,5,6,4,2,13,8,5,13,8,5,7,4,3,3,1,2,3,1,2,0,0,0,0,0,0,8,8,4,3,1,0,0,0,0,4,4,0,0,6,0,4,1
543332581,1,,543332474;543332483,143,67,76,3,2,1,146,68,78,58,31,27,138,64,74,138,64,74,88,37,51,55,20,35,25,8,17,2,0,2,0,0,0,73,72,37,26,10,3,1,0,0,40,36,4,0,53,0,25,14
543332582,1,,543332584,57,32,25,6,5,1,53,28,25,26,14,12,52,27,25,51,26,25,27,14,13,11,5,6,5,1,4,0,0,0,0,0,0,26,26,9,7,9,1,1,0,0,18,16,2,1,19,0,8,4
543332584,2,543332582,,2,1,1,*,*,*,*,*,*,*,*,*,*,*,*,*,*,*,*,*,*,*,*,*,*,*,*,*,*,*,*,*,*,1,1,*,*,*,*,*,*,*,*,*,*,*,*,*,*,*
543332604,2,543332702,,3,2,1,*,*,*,*,*,*,*,*,*,*,*,*,*,*,*,*,*,*,*,*,*,*,*,*,*,*,*,*,*,*,1,1,*,*,*,*,*,*,*,*,*,*,*,*,*,*,*
543332613,2,543332702,,1,1,0,*,*,*,*,*,*,*,*,*,*,*,*,*,*,*,*,*,*,*,*,*,*,*,*,*,*,*,*,*,*,1,1,*,*,*,*,*,*,*,*,*,*,*,*,*,*,*
543332643,2,543332741,,3,2,1,*,*,*,*,*,*,*,*,*,*,*,*,*,*,*,*,*,*,*,*,*,*,*,*,*,*,*,*,*,*,2,2,*,*,*,*,*,*,*,*,*,*,*,*,*,*,*
543332651,2,543332653,,3,0,3,*,*,*,*,*,*,*,*,*,*,*,*,*,*,*,*,*,*,*,*,*,*,*,*,*,*,*,*,*,*,2,2,*,*,*,*,*,*,*,*,*,*,*,*,*,*,*
543332653,1,,543332651;543332751,28,16,12,1,1,0,36,18,18,13,8,5,36,18,18,36,18,18,23,10,13,11,3,8,5,1,4,0,0,0,0,0,0,18,18,10,12,1,0,0,0,0,13,11,2,0,17,0,7,5
543332662,2,543332664,,1,1,0,*,*,*,*,*,*,*,*,*,*,*,*,*,*,*,*,*,*,*,*,*,*,*,*,*,*,*,*,*,*,1,1,*,*,*,*,*,*,*,*,*,*,*,*,*,*,*
543332664,1,,543332662,42,22,20,3,2,1,40,21,19,15,11,4,39,20,19,39,20,19,25,10,15,18,7,11,5,3,2,0,0,0,0,0,0,23,23,12,9,1,1,0,1,0,12,11,1,1,17,0,7,6
543332702,1,,543332604;543332613;543332711,8,4,4,0,0,0,13,8,5,6,3,3,13,8,5,13,8,5,7,5,2,2,2,0,1,1,0,1,1,0,0,0,0,3,3,2,1,3,0,0,0,0,4,2,2,0,5,0,2,0
543332711,2,543332702,,1,1,0,*,*,*,*,*,*,*,*,*,*,*,*,*,*,*,*,*,*,*,*,*,*,*,*,*,*,*,*,*,*,1,1,*,*,*,*,*,*,*,*,*,*,*,*,*,*,*
543332741,1,,543332643;543332742,20,9,11,3,2,1,22,11,11,8,3,5,21,11,10,21,11,10,14,8,6,8,4,4,6,3,3,1,0,1,0,0,0,7,7,4,3,3,0,0,1,0,7,7,0,0,9,0,3,3
543332742,2,543332741,,2,2,0,*,*,*,*,*,*,*,*,*,*,*,*,*,*,*,*,*,*,*,*,*,*,*,*,*,*,*,*,*,*,2,2,*,*,*,*,*,*,*,*,*,*,*,*,*,*,*
543332743,0,,,64,30,34,5,1,4,59,29,30,23,12,11,58,28,30,58,28,30,36,17,19,15,5,10,10,1,9,2,0,2,0,0,0,28,28,8,11,6,0,2,1,0,20,18,2,2,23,0,8,9
543332751,2,543332653,,6,3,3,*,*,*,*,*,*,*,*,*,*,*,*,*,*,*,*,*,*,*,*,*,*,*,*,*,*,*,*,*,*,3,3,*,*,*,*,*,*,*,*,*,*,*,*,*,*,*
543332833,2,543332834,,7,3,4,*,*,*,*,*,*,*,*,*,*,*,*,*,*,*,*,*,*,*,*,*,*,*,*,*,*,*,*,*,*,4,4,*,*,*,*,*,*,*,*,*,*,*,*,*,*,*
543332834,1,,543332833,9,5,4,1,1,0,15,7,8,3,1,2,15,7,8,15,7,8,12,6,6,10,5,5,4,2,2,1,1,0,0,0,0,3,3,2,3,1,0,1,0,0,5,4,1,1,7,0,2,3
543332841,0,,,139,64,75,14,7,7,125,57,68,60,26,34,121,53,68,121,53,68,65,31,34,30,11,19,12,6,6,0,0,0,0,0,0,63,62,17,28,9,4,3,0,1,45,41,4,6,43,0,11,17
543332842,0,,,140,68,72,8,2,6,132,66,66,64,35,29,131,66,65,131,66,65,68,31,37,40,14,26,22,7,15,3,0,3,1,0,1,66,66,20,26,13,6,1,0,0,46,35,11,1,44,1,11,14
543332843,0,,,63,27,36,3,1,2,60,26,34,24,13,11,59,26,33,58,26,32,36,13,23,24,6,18,13,2,11,2,0,2,0,0,0,28,27,8,12,6,1,0,0,0,19,17,2,0,17,0,4,7
543332912,0,,,51,27,24,4,3,1,47,24,23,21,12,9,46,23,23,45,22,23,26,12,14,14,3,11,10,3,7,1,0,1,1,0,1,19,19,2,9,4,3,0,0,1,17,11,6,0,16,0,2,4
543332921,0,,,14,5,9,1,0,1,13,5,8,5,2,3,13,5,8,13,5,8,8,3,5,5,1,4,4,0,4,0,0,0,1,0,1,8,8,4,3,0,1,0,0,0,4,3,1,1,8,0,4,2
543332931,0,,,91,44,47,5,1,4,86,43,43,29,15,14,84,43,41,84,43,41,57,28,29,26,11,15,6,4,2,0,0,0,1,0,1,44,44,14,19,7,2,2,0,0,30,27,3,2,38,0,13,13
543332932,0,,,53,29,24,3,3,0,50,26,24,20,12,8,49,25,24,48,25,23,30,14,16,14,6,8,6,3,3,0,0,0,0,0,0,29,29,14,10,3,1,0,1,0,15,14,1,1,21,1,10,7
