KEY_CODE,HTKSYORI,HTKSAKI,GASSAN,T001141001,T001141002,T001141003,T001141004,T001141005,T001141006,T001141007,T001141008,T001141009,T001141010,T001141011,T001141012,T001141013,T001141014,T001141015,T001141016,T001141017,T001141018,T001141019,T001141020,T001141021,T001141022,T001141023,T001141024,T001141025,T001141026,T001141027,T001141028,T001141029,T001141030,T001141031,T001141032,T001141033,T001141034,T001141035,T001141036,T001141037,T001141038,T001141039,T001141040,T001141041,T001141042,T001141043,T001141044,T001141045,T001141046,T001141047,T001141048,T001141049,T001141050
,,,,Å@êlå˚ÅiëçêîÅj,Å@êlå˚ÅiëçêîÅjÅ@íj,Å@êlå˚ÅiëçêîÅjÅ@èó,Å@ÇOÅ`ÇPÇSçŒêlå˚Å@ëçêî,Å@ÇOÅ`ÇPÇSçŒêlå˚Å@íj,Å@ÇOÅ`ÇPÇSçŒêlå˚Å@èó,Å@ÇPÇTçŒà»è„êlå˚Å@ëçêî,Å@ÇPÇTçŒà»è„êlå˚Å@íj,Å@ÇPÇTçŒà»è„êlå˚Å@èó,Å@ÇPÇTÅ`ÇUÇSçŒêlå˚Å@ëçêî,Å@ÇPÇTÅ`ÇUÇSçŒêlå˚Å@íj,Å@ÇPÇTÅ`ÇUÇSçŒêlå˚Å@èó,Å@ÇPÇWçŒà»è„êlå˚Å@ëçêî,Å@ÇPÇWçŒà»è„êlå˚Å@íj,Å@ÇPÇWçŒà»è„êlå˚Å@èó,Å@ÇQÇOçŒà»è„êlå˚Å@ëçêî,Å@ÇQÇOçŒà»è„êlå˚Å@íj,Å@ÇQÇOçŒà»è„êlå˚Å@èó,Å@ÇUÇTçŒà»è„êlå˚Å@ëçêî,Å@ÇUÇTçŒà»è„êlå˚Å@íj,Å@ÇUÇTçŒà»è„êlå˚Å@èó,Å@ÇVÇTçŒà»è„êlå˚Å@ëçêî,Å@ÇVÇTçŒà»è„êlå˚Å@íj,Å@ÇVÇTçŒà»è„êlå˚Å@èó,Å@ÇWÇTçŒà»è„êlå˚Å@ëçêî,Å@ÇWÇTçŒà»è„êlå˚Å@íj,Å@ÇWÇTçŒà»è„êlå˚Å@èó,Å@ÇXÇTçŒà»è„êlå˚Å@ëçêî,Å@ÇXÇTçŒà»è„êlå˚Å@íj,Å@ÇXÇTçŒà»è„êlå˚Å@èó,Å@äOçëêlêlå˚Å@ëçêî,Å@äOçëêlêlå˚Å@íj,Å@äOçëêlêlå˚Å@èó,Å@ê¢ë—ëçêî,Å@àÍî ê¢ë—êî,Å@ÇPêlê¢ë—êîÅ@àÍî ê¢ë—êî,Å@ÇQêlê¢ë—êîÅ@àÍî ê¢ë—êî,Å@ÇRêlê¢ë—êîÅ@àÍî ê¢ë—êî,Å@ÇSêlê¢ë—êîÅ@àÍî ê¢ë—êî,Å@ÇTêlê¢ë—êîÅ@àÍî ê¢ë—êî,Å@ÇUêlê¢ë—êîÅ@àÍî ê¢ë—êî,Å@ÇVêlà»è„ê¢ë—êîÅ@àÍî ê¢ë—êî,Å@êeë∞ÇÃÇ›ÇÃê¢ë—êîÅ@àÍî ê¢ë—êî,Å@äjâ∆ë∞ê¢ë—êîÅ@àÍî ê¢ë—êî,Å@äjâ∆ë∞à»äOÇÃê¢ë—êîÅ@àÍî ê¢ë—êî,Å@ÇUçŒñ¢ñûê¢ë—àıÇÃÇ¢ÇÈê¢ë—êîÅ@àÍî ê¢ë—êî,Å@ÇUÇTçŒà»è„ê¢ë—àıÇÃÇ¢ÇÈê¢ë—êîÅ@àÍî ê¢ë—êî,Å@ê¢ë—éÂÇÃîNóÓÇ™ÇQÇOÅ`ÇQÇXçŒÇÃÇPêlê¢ë—êîÅ@àÍî ê¢ë—êî,Å@çÇóÓíPêgê¢ë—êîÅ@àÍî ê¢ë—êî,Å@çÇóÓïvïwê¢ë—êîÅ@àÍî ê¢ë—êî
513870594,2,513870692,,2,1,1,*,*,*,*,*,*,*,*,*,*,*,*,*,*,*,*,*,*,*,*,*,*,*,*,*,*,*,*,*,*,1,1,*,*,*,*,*,*,*,*,*,*,*,*,*,*,*
513870684,2,513870782,,4,3,1,*,*,*,*,*,*,*,*,*,*,*,*,*,*,*,*,*,*,*,*,*,*,*,*,*,*,*,*,*,*,1,1,*,*,*,*,*,*,*,*,*,*,*,*,*,*,*
513870692,1,,513870594,132,66,66,23,12,11,109,53,56,90,45,45,99,47,52,97,45,52,19,8,11,8,2,6,4,0,4,0,0,0,7,3,4,53,53,13,20,10,7,2,1,1,40,33,7,1,13,2,1,4
513870693,0,,,300,136,164,59,34,25,241,102,139,174,79,95,224,96,128,215,93,122,67,23,44,38,8,30,21,2,19,3,0,3,28,14,14,86,85,12,17,20,21,10,3,2,73,66,7,11,29,1,7,7
513870694,0,,,452,245,207,40,21,19,404,219,185,292,166,126,395,215,180,386,209,177,112,53,59,41,19,22,9,4,5,0,0,0,28,12,16,197,197,73,53,37,20,6,6,2,123,108,15,11,79,7,25,20
513870764,2,513870862,,2,1,1,*,*,*,*,*,*,*,*,*,*,*,*,*,*,*,*,*,*,*,*,*,*,*,*,*,*,*,*,*,*,1,1,*,*,*,*,*,*,*,*,*,*,*,*,*,*,*
513870771,2,513870772,,10,4,6,*,*,*,*,*,*,*,*,*,*,*,*,*,*,*,*,*,*,*,*,*,*,*,*,*,*,*,*,*,*,3,3,*,*,*,*,*,*,*,*,*,*,*,*,*,*,*
513870772,1,,513870771,45,19,26,9,2,7,46,21,25,31,15,16,46,21,25,46,21,25,15,6,9,8,2,6,5,1,4,1,1,0,1,1,0,11,11,2,2,1,6,1,0,2,12,5,7,3,8,1,0,0
513870774,0,,,38,22,16,4,3,1,34,19,15,20,9,11,33,18,15,32,18,14,14,10,4,6,4,2,1,0,1,0,0,0,1,1,0,15,15,3,7,2,2,0,0,1,12,10,2,1,10,0,3,3
513870781,0,,,23,11,12,4,2,2,19,9,10,16,8,8,16,7,9,16,7,9,3,1,2,3,1,2,2,0,2,0,0,0,0,0,0,8,8,0,3,3,2,0,0,0,8,8,0,2,2,0,0,1
513870782,1,,513870684,54,28,26,9,3,6,49,28,21,33,19,14,48,28,20,45,26,19,16,9,7,6,3,3,3,1,2,0,0,0,2,1,1,19,19,3,4,6,6,1,0,0,17,14,3,4,11,0,1,1
513870783,0,,,245,126,119,33,17,16,211,108,103,163,86,77,205,106,99,194,100,94,48,22,26,21,8,13,6,2,4,0,0,0,9,8,1,91,91,31,17,18,10,9,4,2,60,42,18,8,34,6,6,5
513870784,0,,,268,142,126,34,21,13,229,117,112,153,83,70,222,113,109,217,111,106,76,34,42,28,12,16,5,2,3,0,0,0,9,4,5,96,96,17,34,21,11,6,4,3,76,59,17,7,50,1,6,13
513870791,0,,,211,122,89,29,10,19,178,109,69,131,84,47,175,106,69,169,101,68,47,25,22,15,5,10,2,0,2,0,0,0,6,5,1,100,100,46,22,15,11,4,2,0,52,43,9,6,34,11,9,6
513870792,0,,,441,236,205,55,22,33,377,207,170,265,152,113,375,206,169,371,204,167,112,55,57,77,32,45,33,12,21,6,2,4,10,3,7,177,175,85,38,22,22,4,3,1,85,71,14,18,35,19,9,6
513870793,0,,,441,232,209,67,33,34,369,197,172,259,138,121,358,192,166,352,189,163,110,59,51,33,15,18,8,3,5,0,0,0,8,3,5,176,176,55,50,30,23,10,4,4,118,98,20,18,74,7,15,12
513870794,0,,,426,210,216,46,20,26,375,186,189,231,119,112,364,180,184,357,177,180,144,67,77,65,29,36,15,4,11,0,0,0,14,6,8,172,172,59,45,26,22,12,5,3,111,83,28,12,91,8,20,20
513870833,2,513870922,,2,1,1,*,*,*,*,*,*,*,*,*,*,*,*,*,*,*,*,*,*,*,*,*,*,*,*,*,*,*,*,*,*,1,1,*,*,*,*,*,*,*,*,*,*,*,*,*,*,*
513870834,2,513870922,,4,1,3,*,*,*,*,*,*,*,*,*,*,*,*,*,*,*,*,*,*,*,*,*,*,*,*,*,*,*,*,*,*,1,1,*,*,*,*,*,*,*,*,*,*,*,*,*,*,*
513870842,0,,,56,33,23,13,11,2,43,22,21,28,13,15,42,22,20,42,22,20,15,9,6,4,3,1,1,1,0,0,0,0,1,0,1,17,17,1,5,3,6,1,0,1,16,13,3,3,10,0,0,4
513870844,0,,,52,32,20,2,1,1,40,24,16,15,10,5,40,24,16,40,24,16,25,14,11,20,10,10,12,5,7,1,1,0,2,1,1,18,17,13,1,1,2,0,0,0,3,2,1,1,0,0,0,0
513870851,2,513870853,,3,1,2,*,*,*,*,*,*,*,*,*,*,*,*,*,*,*,*,*,*,*,*,*,*,*,*,*,*,*,*,*,*,1,1,*,*,*,*,*,*,*,*,*,*,*,*,*,*,*
513870852,0,,,129,63,66,15,6,9,114,57,57,74,38,36,108,56,52,106,55,51,40,19,21,24,11,13,7,2,5,0,0,0,12,6,6,37,37,4,13,4,4,4,6,2,33,20,13,3,24,0,3,6
513870853,1,,513870851,154,61,93,6,2,4,151,60,91,45,23,22,147,57,90,147,57,90,106,37,69,87,27,60,60,17,43,9,1,8,7,3,4,28,27,2,12,8,4,1,1,0,26,23,3,1,16,0,2,6
513870854,0,,,332,181,151,31,14,17,300,166,134,221,127,94,291,162,129,282,156,126,79,39,40,28,11,17,7,1,6,1,0,1,48,30,18,149,149,65,35,20,16,7,4,2,79,62,17,6,51,9,10,11
513870862,1,,513870764,117,59,58,16,9,7,103,51,52,61,32,29,100,49,51,100,49,51,42,19,23,23,10,13,8,2,6,0,0,0,0,0,0,31,31,3,5,7,11,1,1,4,29,14,15,5,25,0,2,4
513870863,0,,,556,287,269,52,27,25,504,260,244,312,171,141,491,249,242,477,244,233,192,89,103,90,35,55,36,11,25,6,4,2,29,15,14,187,187,29,57,40,33,13,10,5,157,106,51,13,117,2,13,25
513870864,0,,,451,221,230,41,25,16,408,194,214,219,108,111,395,188,207,391,186,205,189,86,103,79,31,48,35,10,25,5,0,5,3,0,3,146,145,27,41,22,25,14,9,7,118,73,45,7,113,2,16,25
513870871,0,,,75,38,37,18,7,11,57,31,26,41,23,18,57,31,26,57,31,26,16,8,8,10,5,5,4,2,2,1,0,1,0,0,0,25,25,2,9,4,8,1,1,0,23,21,2,4,11,0,1,3
513870872,0,,,273,133,140,27,14,13,245,118,127,151,82,69,240,116,124,237,114,123,94,36,58,58,24,34,29,10,19,4,1,3,10,5,5,93,92,21,25,17,18,8,2,1,70,36,34,6,48,3,6,7
513870873,0,,,56,29,27,7,3,4,47,25,22,32,18,14,46,24,22,45,23,22,15,7,8,8,2,6,3,2,1,0,0,0,1,0,1,25,25,14,1,5,1,3,1,0,11,5,6,2,11,0,3,1
513870881,0,,,264,135,129,45,25,20,215,107,108,160,83,77,208,102,106,204,99,105,55,24,31,26,12,14,8,3,5,1,0,1,11,4,7,101,101,37,17,22,14,2,4,5,62,45,17,13,38,7,9,4
513870882,0,,,253,126,127,39,22,17,211,102,109,154,72,82,197,97,100,195,97,98,57,30,27,20,9,11,8,3,5,0,0,0,16,5,11,84,84,18,20,19,9,11,2,5,63,45,18,9,39,0,6,4
513870884,0,,,111,58,53,16,6,10,95,52,43,69,39,30,89,49,40,86,47,39,26,13,13,10,5,5,5,2,3,1,0,1,4,2,2,36,36,7,6,6,12,4,1,0,29,22,7,4,15,0,3,2
513870891,0,,,637,313,324,106,56,50,523,252,271,430,216,214,498,241,257,489,236,253,93,36,57,45,16,29,18,3,15,0,0,0,33,10,23,246,246,69,63,46,43,19,5,1,172,141,31,29,70,10,17,9
513870892,0,,,805,397,408,139,70,69,662,324,338,505,252,253,625,307,318,611,300,311,157,72,85,57,17,40,21,4,17,0,0,0,83,41,42,315,315,96,73,65,50,22,8,1,215,185,30,35,108,15,25,26
513870893,0,,,276,141,135,38,22,16,237,118,119,144,76,68,230,116,114,227,115,112,93,42,51,57,24,33,30,10,20,6,2,4,7,4,3,86,85,23,16,19,13,9,4,1,61,47,14,9,37,1,8,9
513870894,0,,,63,35,28,12,7,5,50,27,23,42,23,19,48,25,23,45,22,23,8,4,4,1,1,0,1,1,0,0,0,0,0,0,0,28,28,11,7,5,3,1,1,0,16,16,0,2,6,1,3,2
513870903,2,513870904,,3,2,1,*,*,*,*,*,*,*,*,*,*,*,*,*,*,*,*,*,*,*,*,*,*,*,*,*,*,*,*,*,*,2,2,*,*,*,*,*,*,*,*,*,*,*,*,*,*,*
513870904,1,,513870903,17,11,6,4,3,1,15,9,6,10,6,4,14,8,6,14,8,6,5,3,2,1,1,0,0,0,0,0,0,0,1,0,1,8,8,5,3,0,1,1,0,0,5,5,0,1,3,0,0,2
513870913,2,513870914,,4,2,2,*,*,*,*,*,*,*,*,*,*,*,*,*,*,*,*,*,*,*,*,*,*,*,*,*,*,*,*,*,*,2,2,*,*,*,*,*,*,*,*,*,*,*,*,*,*,*
513870914,1,,513870913,50,26,24,6,2,4,48,26,22,31,18,13,44,23,21,42,23,19,17,8,9,5,3,2,1,1,0,0,0,0,0,0,0,17,17,3,6,4,4,1,1,0,15,13,2,0,11,0,2,3
513870922,1,,513870833;513870834,74,34,40,7,4,3,73,32,41,39,18,21,71,31,40,71,31,40,34,14,20,13,3,10,7,2,5,0,0,0,10,5,5,25,25,2,12,5,5,1,1,1,24,17,7,1,21,0,1,6
513870923,0,,,165,87,78,13,7,6,152,80,72,89,46,43,147,77,70,145,77,68,63,34,29,33,12,21,14,4,10,1,0,1,1,0,1,59,59,14,17,8,11,5,4,0,44,28,16,4,43,0,9,6
513870924,0,,,163,83,80,22,10,12,141,73,68,95,51,44,135,69,66,128,65,63,46,22,24,21,12,9,4,2,2,1,0,1,14,7,7,55,55,11,18,6,8,6,6,0,44,29,15,4,29,3,2,10
513870931,0,,,32,19,13,1,1,0,29,16,13,20,14,6,29,16,13,28,15,13,9,2,7,4,0,4,1,0,1,0,0,0,0,0,0,15,15,8,3,0,3,0,1,0,7,5,2,0,6,1,1,1
513870932,0,,,60,32,28,4,1,3,56,31,25,40,24,16,55,30,25,51,27,24,16,7,9,11,6,5,3,2,1,0,0,0,0,0,0,17,17,2,1,7,2,3,2,0,15,5,10,2,12,0,0,0
513870933,0,,,284,141,143,40,23,17,244,118,126,148,73,75,237,114,123,233,112,121,96,45,51,39,21,18,8,5,3,0,0,0,5,2,3,92,91,10,32,20,12,10,6,1,81,61,20,14,60,1,2,19
513870934,0,,,254,141,113,44,26,18,208,115,93,148,82,66,198,108,90,194,107,87,60,33,27,25,15,10,5,3,2,1,1,0,5,4,1,83,83,23,17,15,8,9,5,6,59,39,20,13,38,7,4,6
513870941,0,,,214,101,113,25,11,14,189,90,99,114,56,58,183,88,95,179,86,93,75,34,41,29,13,16,8,1,7,2,0,2,1,0,1,68,68,6,25,14,11,4,4,4,60,41,19,3,43,0,3,13
513870942,0,,,212,104,108,22,9,13,190,95,95,123,62,61,183,92,91,180,91,89,67,33,34,33,14,19,13,7,6,3,2,1,0,0,0,50,50,3,7,10,11,7,2,10,46,16,30,6,40,0,2,4
513870943,0,,,422,219,203,45,24,21,375,193,182,236,123,113,359,183,176,345,176,169,139,70,69,65,34,31,25,12,13,1,0,1,33,17,16,158,158,50,38,29,14,16,6,5,108,75,33,11,91,10,20,13
513870944,0,,,247,128,119,21,10,11,220,115,105,134,76,58,219,115,104,214,110,104,86,39,47,45,19,26,21,8,13,2,0,2,19,12,7,87,87,24,22,15,10,6,7,3,60,34,26,8,50,7,7,10
513870951,0,,,148,81,67,14,9,5,134,72,62,89,48,41,129,71,58,126,68,58,45,24,21,18,10,8,6,4,2,0,0,0,21,11,10,56,56,10,19,15,7,3,2,0,45,39,6,5,28,0,5,10
513870952,0,,,522,277,245,69,38,31,436,228,208,294,161,133,420,217,203,410,210,200,142,67,75,55,25,30,16,3,13,0,0,0,70,34,36,210,210,71,52,40,23,13,9,2,133,104,29,14,92,17,16,22
513870953,0,,,343,183,160,45,30,15,296,152,144,185,101,84,287,146,141,281,142,139,111,51,60,47,21,26,16,5,11,2,1,1,9,8,1,107,107,23,23,21,16,13,4,7,84,49,35,11,64,2,8,12
513870954,0,,,36,16,20,4,1,3,32,15,17,16,8,8,32,15,17,30,14,16,16,7,9,8,4,4,5,2,3,1,0,1,0,0,0,8,8,0,2,2,0,2,0,2,8,3,5,1,7,0,0,2
513870961,0,,,398,208,190,46,17,29,343,186,157,227,131,96,336,183,153,332,181,151,116,55,61,49,20,29,19,5,14,0,0,0,50,31,19,172,172,65,42,28,25,8,3,1,105,79,26,16,75,21,13,20
513870962,0,,,157,81,76,11,3,8,146,78,68,99,57,42,144,77,67,141,75,66,47,21,26,23,8,15,7,2,5,0,0,0,1,0,1,68,68,30,12,6,16,3,1,0,38,30,8,4,37,5,17,2
513870963,0,,,54,30,24,5,2,3,49,28,21,31,20,11,48,27,21,48,27,21,18,8,10,10,5,5,4,1,3,0,0,0,5,3,2,20,20,5,4,6,2,3,0,0,14,8,6,0,12,2,0,1
513870964,0,,,89,44,45,12,5,7,77,39,38,65,35,30,76,39,37,72,37,35,12,4,8,7,2,5,1,0,1,0,0,0,0,0,0,38,38,16,4,11,4,2,1,0,22,17,5,7,9,8,1,1
513870971,2,513870972,,11,4,7,*,*,*,*,*,*,*,*,*,*,*,*,*,*,*,*,*,*,*,*,*,*,*,*,*,*,*,*,*,*,2,2,*,*,*,*,*,*,*,*,*,*,*,*,*,*,*
513870972,1,,513870971,32,15,17,2,0,2,41,19,22,19,9,10,40,18,22,40,18,22,22,10,12,11,4,7,3,0,3,0,0,0,0,0,0,13,13,5,1,4,4,0,0,1,10,3,7,0,14,0,5,0
513870974,0,,,38,19,19,0,0,0,38,19,19,20,11,9,35,17,18,34,16,18,18,8,10,9,3,6,4,2,2,0,0,0,0,0,0,14,14,4,2,2,6,0,0,0,10,5,5,0,10,0,2,2
513870982,0,,,140,73,67,11,8,3,128,65,63,76,41,35,123,64,59,122,63,59,52,24,28,20,8,12,11,5,6,2,0,2,1,0,1,47,47,3,21,9,6,5,2,1,43,35,8,3,33,0,2,10
513870984,0,,,46,27,19,3,2,1,43,25,18,28,18,10,42,25,17,41,24,17,15,7,8,8,3,5,1,1,0,0,0,0,0,0,0,12,12,2,0,3,2,3,2,0,10,4,6,0,9,0,1,0
513870991,0,,,63,33,30,7,3,4,56,30,26,34,21,13,55,29,26,55,29,26,22,9,13,13,6,7,3,1,2,0,0,0,2,2,0,31,31,16,6,4,3,1,1,0,15,11,4,0,16,3,4,4
513870992,0,,,26,11,15,1,1,0,25,10,15,17,7,10,24,10,14,24,10,14,8,3,5,7,2,5,0,0,0,0,0,0,3,2,1,8,8,0,2,3,2,1,0,0,8,5,3,0,6,0,0,2
513870993,0,,,128,64,64,14,10,4,114,54,60,61,31,30,111,52,59,109,52,57,53,23,30,18,5,13,12,4,8,1,1,0,4,1,3,46,46,9,18,6,6,2,4,1,37,25,12,6,31,0,4,8
513870994,0,,,42,18,24,3,0,3,39,18,21,27,13,14,38,17,21,36,17,19,12,5,7,7,4,3,1,1,0,0,0,0,0,0,0,9,9,0,1,0,3,3,1,1,9,3,6,1,8,0,0,0
513871173,0,,,62,35,27,7,6,1,54,28,26,29,15,14,53,28,25,53,28,25,25,13,12,8,4,4,0,0,0,0,0,0,0,0,0,22,22,3,6,8,3,1,1,0,19,16,3,2,15,0,2,6
513871174,0,,,370,183,187,40,18,22,330,165,165,205,113,92,318,157,161,315,155,160,125,52,73,69,28,41,13,5,8,2,2,0,1,0,1,124,124,19,30,33,26,11,2,3,105,71,34,9,81,1,10,15
513871183,0,,,324,149,175,41,18,23,279,129,150,173,85,88,270,125,145,257,122,135,106,44,62,59,24,35,15,5,10,3,0,3,4,1,3,100,100,13,25,23,19,8,8,4,86,52,34,14,67,0,11,10
513871243,2,513871244,,8,6,2,*,*,*,*,*,*,*,*,*,*,*,*,*,*,*,*,*,*,*,*,*,*,*,*,*,*,*,*,*,*,2,2,*,*,*,*,*,*,*,*,*,*,*,*,*,*,*
513871244,1,,513871243,6,3,3,0,0,0,14,9,5,8,6,2,14,9,5,14,9,5,6,3,3,5,3,2,3,2,1,0,0,0,0,0,0,2,2,0,1,1,1,1,0,0,4,2,2,0,4,0,0,1
513871252,2,513871254,,6,3,3,*,*,*,*,*,*,*,*,*,*,*,*,*,*,*,*,*,*,*,*,*,*,*,*,*,*,*,*,*,*,2,2,*,*,*,*,*,*,*,*,*,*,*,*,*,*,*
513871253,0,,,36,16,20,9,2,7,27,14,13,22,11,11,25,13,12,25,13,12,5,3,2,4,2,2,0,0,0,0,0,0,0,0,0,11,11,1,2,4,2,1,1,0,10,9,1,3,3,0,1,2
513871254,1,,513871252,106,54,52,20,13,7,92,44,48,63,31,32,87,42,45,85,40,45,29,13,16,11,5,6,2,1,1,0,0,0,0,0,0,31,31,3,5,8,13,1,3,0,30,20,10,6,18,0,2,3
513871261,0,,,103,51,52,12,9,3,91,42,49,56,28,28,88,39,49,88,39,49,35,14,21,24,8,16,3,2,1,0,0,0,4,1,3,36,36,7,13,5,3,6,1,1,29,18,11,4,25,0,5,5
513871262,0,,,333,162,171,23,8,15,310,154,156,202,104,98,303,150,153,299,147,152,108,50,58,58,30,28,19,7,12,4,2,2,6,3,3,108,108,9,31,29,27,6,5,1,98,65,33,5,67,0,5,13
513871263,0,,,374,188,186,43,24,19,331,164,167,194,106,88,323,162,161,315,157,158,137,58,79,63,27,36,17,7,10,2,1,1,3,0,3,129,129,25,29,33,25,12,4,1,104,72,32,5,85,2,18,18
513871264,0,,,620,309,311,87,50,37,533,259,274,326,167,159,517,251,266,509,247,262,207,92,115,100,38,62,36,12,24,1,0,1,3,0,3,217,217,35,76,38,39,16,9,4,182,132,50,21,132,1,19,39
513871271,0,,,580,320,260,59,23,36,521,297,224,330,209,121,507,289,218,493,279,214,191,88,103,103,52,51,36,15,21,0,0,0,3,0,3,174,173,26,52,38,28,18,8,3,147,102,45,13,114,0,9,25
513871272,0,,,577,273,304,73,38,35,504,235,269,281,146,135,490,225,265,484,221,263,223,89,134,143,51,92,69,19,50,14,0,14,1,0,1,173,172,32,53,28,31,14,6,8,139,97,42,15,106,0,18,21
513871273,0,,,390,188,202,28,18,10,362,170,192,201,99,102,348,165,183,342,161,181,161,71,90,90,36,54,39,14,25,2,0,2,5,0,5,137,137,24,43,28,26,6,9,1,113,79,34,2,104,0,19,24
513871274,0,,,101,51,50,1,0,1,100,51,49,50,26,24,99,51,48,99,51,48,50,25,25,25,12,13,8,5,3,0,0,0,0,0,0,41,40,10,12,10,7,1,0,0,30,22,8,0,32,0,8,6
513871281,1,,513871282,359,171,188,24,12,12,347,168,179,157,87,70,336,161,175,332,160,172,190,81,109,108,41,67,67,21,46,16,3,13,3,0,3,104,103,25,36,21,20,5,4,3,89,63,26,6,74,5,8,21
513871282,2,513871281,,14,11,3,*,*,*,*,*,*,*,*,*,*,*,*,*,*,*,*,*,*,*,*,*,*,*,*,*,*,*,*,*,*,11,11,*,*,*,*,*,*,*,*,*,*,*,*,*,*,*
513871332,0,,,94,40,54,11,5,6,83,35,48,53,23,30,78,33,45,73,30,43,30,12,18,10,2,8,3,1,2,0,0,0,0,0,0,27,27,1,6,6,10,2,1,1,25,14,11,0,20,0,1,5
513871333,0,,,14,5,9,0,0,0,14,5,9,10,4,6,12,5,7,11,5,6,4,1,3,1,1,0,0,0,0,0,0,0,0,0,0,5,5,1,2,0,1,1,0,0,4,3,1,0,3,0,1,1
513871334,0,,,113,64,49,8,5,3,103,57,46,67,40,27,100,54,46,99,53,46,36,17,19,14,6,8,4,3,1,0,0,0,13,11,2,48,48,17,17,4,4,2,4,0,31,21,10,1,25,0,6,6
513871342,0,,,149,69,80,19,8,11,130,61,69,78,41,37,127,59,68,127,59,68,52,20,32,20,6,14,10,3,7,1,0,1,2,0,2,54,54,11,14,13,10,5,1,0,43,33,10,5,31,0,8,8
513871343,0,,,327,173,154,45,28,17,282,145,137,203,111,92,270,137,133,259,135,124,79,34,45,31,16,15,9,3,6,0,0,0,5,2,3,101,101,9,27,25,23,11,3,3,91,69,22,14,50,0,3,10
513871344,0,,,413,195,218,53,29,24,358,164,194,232,111,121,342,153,189,336,150,186,126,53,73,53,17,36,21,5,16,3,0,3,7,5,2,141,141,26,41,28,29,5,7,5,115,82,33,15,76,1,8,21
513871351,0,,,495,247,248,61,33,28,433,213,220,240,124,116,417,201,216,409,195,214,193,89,104,109,45,64,43,16,27,4,0,4,8,2,6,165,164,28,49,38,31,10,7,1,135,97,38,14,101,0,16,26
513871352,0,,,302,146,156,36,17,19,266,129,137,177,84,93,255,125,130,251,125,126,89,45,44,41,19,22,17,5,12,1,0,1,9,4,5,97,97,11,29,23,21,4,4,5,84,60,24,5,56,1,4,12
513871353,0,,,109,54,55,15,8,7,94,46,48,64,32,32,92,44,48,90,42,48,30,14,16,10,3,7,4,0,4,0,0,0,2,2,0,36,36,7,6,12,3,6,2,0,29,21,8,6,20,0,4,3
513871354,0,,,84,36,48,11,4,7,73,32,41,47,22,25,71,32,39,70,31,39,26,10,16,6,2,4,1,0,1,0,0,0,0,0,0,30,30,7,8,6,5,2,1,1,23,16,7,1,18,0,3,2
513871361,0,,,528,266,262,74,42,32,454,224,230,292,154,138,435,216,219,428,211,217,162,70,92,81,33,48,20,5,15,0,0,0,4,1,3,168,168,21,44,41,33,14,12,3,147,103,44,11,102,2,11,20
513871362,0,,,617,291,326,82,37,45,535,254,281,318,161,157,525,250,275,518,245,273,217,93,124,125,48,77,41,18,23,5,2,3,21,9,12,211,211,49,48,45,33,17,15,4,161,101,60,20,142,13,25,28
513871363,0,,,591,277,314,56,27,29,535,250,285,297,153,144,517,239,278,509,235,274,238,97,141,132,47,85,58,16,42,8,1,7,8,1,7,188,187,34,49,36,35,21,7,5,152,93,59,13,131,4,18,22
513871364,0,,,249,127,122,17,12,5,232,115,117,137,72,65,224,111,113,216,108,108,95,43,52,53,21,32,20,7,13,1,0,1,2,2,0,79,79,13,20,19,13,4,7,3,65,40,25,6,58,0,8,10
513871371,0,,,125,58,67,10,3,7,115,55,60,73,36,37,113,55,58,111,54,57,42,19,23,25,8,17,6,3,3,2,1,1,5,3,2,39,39,9,6,8,7,4,3,2,30,15,15,1,28,0,7,4
513871422,2,513871424,,2,1,1,*,*,*,*,*,*,*,*,*,*,*,*,*,*,*,*,*,*,*,*,*,*,*,*,*,*,*,*,*,*,1,1,*,*,*,*,*,*,*,*,*,*,*,*,*,*,*
513871423,0,,,48,41,7,2,2,0,46,39,7,44,38,6,46,39,7,45,38,7,2,1,1,1,0,1,0,0,0,0,0,0,0,0,0,37,37,31,3,1,2,0,0,0,6,5,1,1,2,18,0,0
513871424,1,,513871422,218,127,91,27,16,11,193,112,81,129,80,49,185,107,78,183,106,77,64,32,32,21,8,13,10,4,6,2,0,2,8,4,4,91,91,41,20,12,7,6,2,4,51,40,11,5,40,14,9,8
513871431,0,,,93,44,49,12,6,6,81,38,43,45,24,21,80,38,42,79,38,41,36,14,22,14,4,10,4,0,4,0,0,0,1,1,0,28,28,5,9,3,2,4,3,2,23,13,10,2,23,0,4,3
513871432,0,,,191,92,99,24,8,16,167,84,83,100,52,48,162,81,81,156,77,79,67,32,35,35,17,18,9,2,7,1,0,1,1,0,1,59,59,6,12,24,9,1,4,3,52,33,19,8,38,0,3,9
513871433,0,,,183,96,87,31,17,14,152,79,73,112,58,54,148,76,72,144,72,72,40,21,19,14,7,7,4,0,4,1,0,1,13,3,10,71,71,22,13,18,9,9,0,0,49,42,7,10,28,4,9,4
513871434,0,,,49,28,21,5,4,1,42,23,19,31,17,14,40,23,17,36,20,16,11,6,5,6,3,3,0,0,0,0,0,0,1,0,1,19,19,6,5,3,2,2,1,0,11,9,2,1,8,0,2,1
513871441,0,,,191,98,93,31,21,10,160,77,83,107,56,51,158,76,82,155,74,81,53,21,32,22,8,14,8,3,5,2,2,0,5,2,3,62,62,12,12,15,13,5,2,3,49,31,18,8,30,2,4,6
513871442,0,,,57,25,32,7,2,5,50,23,27,38,17,21,46,21,25,44,20,24,12,6,6,4,1,3,2,1,1,0,0,0,4,3,1,16,16,1,4,3,5,0,2,1,15,10,5,3,7,0,1,1
513871443,0,,,19,11,8,3,2,1,16,9,7,14,9,5,15,8,7,15,8,7,2,0,2,0,0,0,0,0,0,0,0,0,3,2,1,9,9,3,3,2,1,0,0,0,6,5,1,1,2,1,1,0
513871444,0,,,33,15,18,1,0,1,31,15,16,20,11,9,29,14,15,29,14,15,11,4,7,6,1,5,2,1,1,1,0,1,2,1,1,11,11,2,3,2,1,3,0,0,9,5,4,0,7,0,0,0
513871451,0,,,11,6,5,1,1,0,10,5,5,6,3,3,10,5,5,10,5,5,4,2,2,4,2,2,0,0,0,0,0,0,1,0,1,4,4,0,2,1,1,0,0,0,4,3,1,1,2,0,0,1
513871452,0,,,36,12,24,2,1,1,34,11,23,24,7,17,32,9,23,32,9,23,10,4,6,4,1,3,3,1,2,0,0,0,11,0,11,18,18,11,0,3,4,0,0,0,7,4,3,1,5,10,0,0
513871453,0,,,25,14,11,7,6,1,18,8,10,12,5,7,18,8,10,18,8,10,6,3,3,1,1,0,0,0,0,0,0,0,0,0,0,7,7,2,1,1,0,1,1,1,5,3,2,1,4,0,2,1
513871454,0,,,346,171,175,38,24,14,308,147,161,169,93,76,304,146,158,300,144,156,139,54,85,76,20,56,44,10,34,6,1,5,29,20,9,117,116,27,32,19,26,9,1,2,89,53,36,9,72,3,10,14
513871461,0,,,281,142,139,34,18,16,244,121,123,146,74,72,239,118,121,236,118,118,98,47,51,50,22,28,15,7,8,2,0,2,12,2,10,106,106,35,27,13,13,10,6,2,71,46,25,9,62,10,13,14
513871463,0,,,209,104,105,25,13,12,184,91,93,114,59,55,177,89,88,175,87,88,70,32,38,31,10,21,7,1,6,0,0,0,6,6,0,76,76,14,27,13,12,6,4,0,62,41,21,5,44,3,3,10
513871503,0,,,18,9,9,2,2,0,16,7,9,10,5,5,16,7,9,16,7,9,6,2,4,5,2,3,2,1,1,0,0,0,0,0,0,9,9,3,4,1,1,0,0,0,6,6,0,1,4,0,1,2
513871504,0,,,22,12,10,4,1,3,18,11,7,12,8,4,17,10,7,16,9,7,6,3,3,3,2,1,1,0,1,1,0,1,0,0,0,6,6,0,0,3,2,1,0,0,6,4,2,3,3,0,0,0
513871512,0,,,71,41,30,10,7,3,61,34,27,60,33,27,60,33,27,57,30,27,1,1,0,0,0,0,0,0,0,0,0,0,0,0,0,47,47,35,4,4,4,0,0,0,12,12,0,5,1,23,0,1
513871513,0,,,14,5,9,1,0,1,13,5,8,8,3,5,13,5,8,13,5,8,5,2,3,3,0,3,2,0,2,1,0,1,0,0,0,4,4,0,0,3,0,1,0,0,4,1,3,1,2,0,0,0
513871514,0,,,164,135,29,6,2,4,155,130,25,132,119,13,155,130,25,152,127,25,23,11,12,10,4,6,1,1,0,0,0,0,0,0,0,125,125,107,6,6,5,0,0,1,18,16,2,1,14,36,1,5
513871521,0,,,264,137,127,36,21,15,220,113,107,159,82,77,213,110,103,211,108,103,61,31,30,20,6,14,4,2,2,0,0,0,9,4,5,105,105,31,32,17,12,8,5,0,72,57,15,10,44,1,5,9
513871522,0,,,226,124,102,15,8,7,201,109,92,148,87,61,193,105,88,189,103,86,53,22,31,26,9,17,13,5,8,0,0,0,1,1,0,107,107,51,22,17,10,3,3,1,56,41,15,3,34,10,5,7
513871523,0,,,486,302,184,43,20,23,440,280,160,339,238,101,429,275,154,411,262,149,101,42,59,51,20,31,19,5,14,3,0,3,7,3,4,257,257,145,47,37,13,9,3,3,109,86,23,18,65,59,9,16
513871524,0,,,504,263,241,79,47,32,416,211,205,301,154,147,399,202,197,394,199,195,115,57,58,46,19,27,16,4,12,0,0,0,10,4,6,197,197,56,53,39,30,11,6,2,139,113,26,24,80,2,21,20
513871531,0,,,221,109,112,29,14,15,184,89,95,125,63,62,178,87,91,173,85,88,59,26,33,28,13,15,9,3,6,2,1,1,6,4,2,92,92,37,18,14,11,11,0,1,53,43,10,7,39,3,12,6
513871532,0,,,87,39,48,9,2,7,78,37,41,44,22,22,75,35,40,75,35,40,34,15,19,19,8,11,8,4,4,0,0,0,0,0,0,29,29,2,10,9,5,1,1,1,27,18,9,4,22,0,2,5
513871533,0,,,359,185,174,44,22,22,308,159,149,203,106,97,297,156,141,291,155,136,105,53,52,50,21,29,16,6,10,2,0,2,12,5,7,146,146,48,40,24,21,9,0,4,96,72,24,13,70,6,16,17
513871534,0,,,130,66,64,9,4,5,121,62,59,76,41,35,119,61,58,117,60,57,45,21,24,24,10,14,7,2,5,0,0,0,1,0,1,49,49,11,16,8,9,4,0,1,38,26,12,3,31,2,4,4
513871541,0,,,240,107,133,23,8,15,217,99,118,127,59,68,212,98,114,209,96,113,90,40,50,45,17,28,18,5,13,1,0,1,2,0,2,93,93,19,34,19,13,6,1,1,73,57,16,7,60,4,9,17
513871542,0,,,178,87,91,22,12,10,156,75,81,120,59,61,148,73,75,146,73,73,36,16,20,14,5,9,9,4,5,1,0,1,0,0,0,55,55,4,15,16,9,7,3,1,51,41,10,3,23,0,3,5
513871543,0,,,16,9,7,3,2,1,13,7,6,8,5,3,13,7,6,13,7,6,5,2,3,2,0,2,2,0,2,0,0,0,0,0,0,6,6,1,3,0,1,1,0,0,5,3,2,1,4,0,0,1
513871544,0,,,130,57,73,28,17,11,99,39,60,74,33,41,94,38,56,92,38,54,25,6,19,9,1,8,4,1,3,0,0,0,22,12,10,63,63,26,17,11,8,1,0,0,37,35,2,9,17,2,7,5
513871551,0,,,35,22,13,7,5,2,28,17,11,20,12,8,28,17,11,28,17,11,8,5,3,6,3,3,5,2,3,0,0,0,0,0,0,10,10,3,1,1,2,1,0,2,7,4,3,1,5,0,2,0
513871552,0,,,135,62,73,14,6,8,121,56,65,76,42,34,115,52,63,111,50,61,45,14,31,21,6,15,9,0,9,0,0,0,8,3,5,43,43,11,7,8,8,2,6,1,32,17,15,3,30,0,8,2
513871553,0,,,208,95,113,19,11,8,189,84,105,125,60,65,182,83,99,176,80,96,64,24,40,30,12,18,7,1,6,1,0,1,2,2,0,67,67,11,20,11,7,14,3,1,56,32,24,5,43,0,4,7
513871554,0,,,388,194,194,42,23,19,346,171,175,195,102,93,336,165,171,329,160,169,151,69,82,78,33,45,30,12,18,2,1,1,3,0,3,121,121,16,36,23,21,13,5,7,104,62,42,10,98,0,12,14
513871561,1,,513871563,159,71,88,12,6,6,155,68,87,95,48,47,151,68,83,150,68,82,60,20,40,33,9,24,13,5,8,0,0,0,1,1,0,51,51,10,16,7,9,7,3,2,44,20,24,5,40,0,5,8
513871563,2,513871561,,8,3,5,*,*,*,*,*,*,*,*,*,*,*,*,*,*,*,*,*,*,*,*,*,*,*,*,*,*,*,*,*,*,3,3,*,*,*,*,*,*,*,*,*,*,*,*,*,*,*
513871601,0,,,233,122,111,16,8,8,216,113,103,128,72,56,213,111,102,210,109,101,88,41,47,40,16,24,18,6,12,0,0,0,8,5,3,101,100,30,35,19,11,5,0,0,69,56,13,5,57,2,11,19
513871602,0,,,169,100,69,11,4,7,153,91,62,106,68,38,149,88,61,143,87,56,47,23,24,17,9,8,3,2,1,0,0,0,25,17,8,90,90,49,23,8,6,1,2,1,40,35,5,1,32,17,9,11
513871603,0,,,640,342,298,64,29,35,545,293,252,391,217,174,526,283,243,516,278,238,154,76,78,58,25,33,18,4,14,0,0,0,38,22,16,307,307,140,79,43,24,12,7,2,164,132,32,17,111,13,38,28
513871604,0,,,742,356,386,56,26,30,653,310,343,362,212,150,641,304,337,630,300,330,291,98,193,195,47,148,136,24,112,44,3,41,52,27,25,304,303,163,62,46,21,3,7,1,135,114,21,22,92,33,35,15
513871611,0,,,357,190,167,27,12,15,317,168,149,215,117,98,308,163,145,306,162,144,102,51,51,53,27,26,22,9,13,1,1,0,20,13,7,170,170,76,47,22,11,10,2,2,93,79,14,6,71,11,17,19
513871612,0,,,250,136,114,32,12,20,206,112,94,148,82,66,200,108,92,199,108,91,58,30,28,26,9,17,9,4,5,1,1,0,6,3,3,98,97,32,24,15,20,4,1,1,65,53,12,8,39,2,7,6
513871613,0,,,225,125,100,16,10,6,202,111,91,131,78,53,195,108,87,192,106,86,71,33,38,24,6,18,6,1,5,0,0,0,17,12,5,107,107,49,27,14,8,6,3,0,57,44,13,5,47,5,13,14
513871614,0,,,106,57,49,18,8,10,85,46,39,58,33,25,84,45,39,83,44,39,27,13,14,12,4,8,3,0,3,1,0,1,1,1,0,45,45,19,10,9,3,1,0,3,25,20,5,5,16,5,3,3
513871621,0,,,273,145,128,36,20,16,235,123,112,176,93,83,230,121,109,224,120,104,59,30,29,26,9,17,10,4,6,2,0,2,12,7,5,110,110,38,26,21,13,8,2,2,71,58,13,11,39,4,10,11
513871622,0,,,333,170,163,44,21,23,289,149,140,203,108,95,275,141,134,268,138,130,86,41,45,41,19,22,15,6,9,1,0,1,8,4,4,114,114,19,39,19,19,9,6,3,91,72,19,16,50,3,6,10
513871623,0,,,91,49,42,14,10,4,77,39,38,54,28,26,76,39,37,72,37,35,23,11,12,10,3,7,3,0,3,0,0,0,0,0,0,31,31,5,11,5,5,4,0,1,26,21,5,6,16,0,2,4
513871624,0,,,121,62,59,27,17,10,94,45,49,63,32,31,90,42,48,86,40,46,31,13,18,13,4,9,6,0,6,1,0,1,0,0,0,31,31,1,6,8,9,3,1,3,30,20,10,2,16,0,1,2
513871631,0,,,114,59,55,16,8,8,98,51,47,71,39,32,94,48,46,90,45,45,27,12,15,10,3,7,5,1,4,0,0,0,3,1,2,45,45,10,18,6,6,4,1,0,35,32,3,2,20,0,3,6
513871633,0,,,69,32,37,2,1,1,67,31,36,33,17,16,65,31,34,63,30,33,34,14,20,15,4,11,8,0,8,1,0,1,0,0,0,24,24,4,5,8,4,3,0,0,20,11,9,0,21,0,4,1
513871634,0,,,49,23,26,2,1,1,47,22,25,23,12,11,47,22,25,47,22,25,24,10,14,11,2,9,6,0,6,1,0,1,0,0,0,22,22,7,7,5,2,1,0,0,15,10,5,0,16,0,5,3
513871641,2,513871643,,10,5,5,*,*,*,*,*,*,*,*,*,*,*,*,*,*,*,*,*,*,*,*,*,*,*,*,*,*,*,*,*,*,2,2,*,*,*,*,*,*,*,*,*,*,*,*,*,*,*
513871642,0,,,19,11,8,3,2,1,16,9,7,9,6,3,16,9,7,15,8,7,7,3,4,1,0,1,0,0,0,0,0,0,0,0,0,7,7,0,5,0,1,1,0,0,7,5,2,0,4,0,0,2
513871643,1,,513871641,33,17,16,2,1,1,41,21,20,13,8,5,41,21,20,41,21,20,28,13,15,13,5,8,6,1,5,0,0,0,0,0,0,14,14,3,5,5,2,0,0,1,13,8,5,1,15,0,3,3
513871651,0,,,544,278,266,70,39,31,472,238,234,299,159,140,453,227,226,449,225,224,173,79,94,92,38,54,35,16,19,2,0,2,2,1,1,186,186,32,49,46,38,9,5,7,152,103,49,18,112,1,13,24
513871652,0,,,176,85,91,13,3,10,163,82,81,90,49,41,159,80,79,157,79,78,73,33,40,40,18,22,14,5,9,0,0,0,1,0,1,62,62,10,22,11,10,5,4,0,52,35,17,3,46,0,6,12
513871653,0,,,227,107,120,16,8,8,211,99,112,115,54,61,208,97,111,204,96,108,96,45,51,52,21,31,23,9,14,4,1,3,0,0,0,74,74,11,24,14,11,7,4,3,60,33,27,5,59,0,8,14
513871701,0,,,882,454,428,93,44,49,755,390,365,555,297,258,727,376,351,713,371,342,200,93,107,80,37,43,20,7,13,1,0,1,59,28,31,392,392,153,98,76,35,18,10,2,234,192,42,33,137,24,34,26
513871702,0,,,590,306,284,65,33,32,523,271,252,340,194,146,513,265,248,507,262,245,183,77,106,100,36,64,32,10,22,2,0,2,12,4,8,252,252,90,68,44,28,14,6,2,159,123,36,19,121,15,28,28
513871703,0,,,685,328,357,80,35,45,591,285,306,353,180,173,579,281,298,574,279,295,238,105,133,127,50,77,44,15,29,1,0,1,17,5,12,270,270,77,86,45,29,18,11,4,190,134,56,22,160,5,29,37
513871704,0,,,680,329,351,89,38,51,583,286,297,359,180,179,563,275,288,552,271,281,224,106,118,96,36,60,38,13,25,2,0,2,24,11,13,236,236,53,66,46,30,21,10,10,182,127,55,22,148,1,24,33
513871711,0,,,149,83,66,12,7,5,127,69,58,90,51,39,124,67,57,121,65,56,37,18,19,19,7,12,9,2,7,0,0,0,8,3,5,71,71,31,17,11,9,3,0,0,40,32,8,4,24,5,5,6
513871713,1,,513871714,93,53,40,4,3,1,80,46,34,56,36,20,75,41,34,74,41,33,24,10,14,8,4,4,2,1,1,0,0,0,5,3,2,51,51,32,11,2,4,3,1,0,21,17,4,2,17,1,4,5
513871714,2,513871713,,4,2,2,*,*,*,*,*,*,*,*,*,*,*,*,*,*,*,*,*,*,*,*,*,*,*,*,*,*,*,*,*,*,2,2,*,*,*,*,*,*,*,*,*,*,*,*,*,*,*
513871721,2,513871724,,5,3,2,*,*,*,*,*,*,*,*,*,*,*,*,*,*,*,*,*,*,*,*,*,*,*,*,*,*,*,*,*,*,3,3,*,*,*,*,*,*,*,*,*,*,*,*,*,*,*
513871722,0,,,23,11,12,0,0,0,23,11,12,15,8,7,22,10,12,21,10,11,8,3,5,5,1,4,2,0,2,0,0,0,2,1,1,8,8,0,4,3,0,0,1,0,8,5,3,0,5,0,0,0
513871723,0,,,36,21,15,5,4,1,31,17,14,14,8,6,29,16,13,29,16,13,17,9,8,10,4,6,2,0,2,0,0,0,1,0,1,11,11,2,1,5,1,1,0,1,9,6,3,1,10,0,2,1
513871724,1,,513871721,39,22,17,6,5,1,38,20,18,24,11,13,37,19,18,37,19,18,14,9,5,3,2,1,1,1,0,0,0,0,2,1,1,11,11,2,4,5,0,0,2,1,12,9,3,2,9,0,0,3
513871731,0,,,86,42,44,5,2,3,81,40,41,40,18,22,79,39,40,78,39,39,41,22,19,20,11,9,7,5,2,1,1,0,4,0,4,29,29,4,13,6,0,1,3,2,24,17,7,1,22,0,3,10
513871732,1,,513871734;513871741,87,48,39,5,3,2,87,47,40,50,29,21,83,44,39,79,42,37,37,18,19,23,10,13,7,2,5,0,0,0,0,0,0,24,24,3,5,6,5,3,2,2,23,14,9,0,23,0,3,3
513871733,0,,,120,59,61,15,7,8,105,52,53,60,30,30,102,50,52,100,49,51,45,22,23,21,9,12,13,6,7,0,0,0,0,0,0,38,38,6,8,9,7,5,3,0,32,20,12,3,25,0,3,4
513871734,2,513871732,,3,1,2,*,*,*,*,*,*,*,*,*,*,*,*,*,*,*,*,*,*,*,*,*,*,*,*,*,*,*,*,*,*,1,1,*,*,*,*,*,*,*,*,*,*,*,*,*,*,*
513871741,2,513871732,,2,1,1,*,*,*,*,*,*,*,*,*,*,*,*,*,*,*,*,*,*,*,*,*,*,*,*,*,*,*,*,*,*,1,1,*,*,*,*,*,*,*,*,*,*,*,*,*,*,*
513871751,0,,,156,82,74,18,11,7,138,71,67,84,48,36,136,70,66,133,69,64,54,23,31,26,12,14,9,2,7,3,0,3,1,1,0,48,48,7,14,7,8,6,4,2,41,23,18,4,32,1,3,6
513871753,0,,,37,19,18,3,1,2,34,18,16,20,11,9,32,17,15,32,17,15,14,7,7,10,5,5,3,1,2,0,0,0,6,4,2,16,16,6,4,2,3,1,0,0,10,7,3,1,8,1,2,3
513871801,1,,513871804,466,237,229,48,21,27,424,217,207,250,135,115,408,207,201,402,203,199,174,82,92,71,27,44,15,3,12,2,0,2,15,8,7,186,186,52,63,35,19,9,7,4,135,105,30,11,118,1,26,29
513871802,0,,,156,87,69,18,7,11,135,77,58,101,61,40,129,73,56,126,73,53,34,16,18,17,6,11,8,3,5,1,1,0,4,2,2,73,73,37,14,8,8,4,0,2,35,30,5,5,25,12,8,3
513871803,0,,,43,19,24,2,1,1,41,18,23,9,6,3,41,18,23,41,18,23,32,12,20,27,7,20,24,7,17,5,0,5,5,3,2,9,8,3,4,1,0,0,0,0,5,5,0,0,3,0,1,0
513871804,2,513871801,,9,4,5,*,*,*,*,*,*,*,*,*,*,*,*,*,*,*,*,*,*,*,*,*,*,*,*,*,*,*,*,*,*,3,3,*,*,*,*,*,*,*,*,*,*,*,*,*,*,*
513871812,0,,,14,6,8,4,2,2,10,4,6,7,2,5,10,4,6,10,4,6,3,2,1,0,0,0,0,0,0,0,0,0,0,0,0,5,5,0,2,2,1,0,0,0,5,5,0,0,2,0,0,1
513871813,0,,,13,6,7,0,0,0,13,6,7,10,6,4,13,6,7,13,6,7,3,0,3,3,0,3,2,0,2,0,0,0,0,0,0,4,4,1,0,0,3,0,0,0,3,1,2,0,3,0,1,0
513871814,0,,,16,7,9,1,0,1,15,7,8,11,5,6,13,7,6,13,7,6,4,2,2,2,1,1,0,0,0,0,0,0,0,0,0,5,5,0,2,1,1,1,0,0,5,3,2,0,2,0,0,1
513871821,0,,,51,28,23,4,4,0,47,24,23,26,13,13,46,23,23,45,23,22,21,11,10,10,6,4,2,1,1,0,0,0,0,0,0,16,16,2,4,2,6,1,1,0,14,8,6,1,12,0,2,2
513871822,1,,513871823;513871824,95,46,49,22,11,11,93,44,49,63,30,33,91,44,47,87,40,47,30,14,16,11,3,8,6,2,4,0,0,0,1,0,1,30,30,6,10,3,10,5,0,2,30,22,8,3,20,0,4,4
513871823,2,513871822,,5,2,3,*,*,*,*,*,*,*,*,*,*,*,*,*,*,*,*,*,*,*,*,*,*,*,*,*,*,*,*,*,*,3,3,*,*,*,*,*,*,*,*,*,*,*,*,*,*,*
513871824,2,513871822,,15,7,8,*,*,*,*,*,*,*,*,*,*,*,*,*,*,*,*,*,*,*,*,*,*,*,*,*,*,*,*,*,*,3,3,*,*,*,*,*,*,*,*,*,*,*,*,*,*,*
513871831,0,,,125,61,64,12,5,7,113,56,57,78,40,38,109,55,54,106,53,53,35,16,19,15,5,10,6,1,5,0,0,0,0,0,0,43,43,6,13,13,6,2,2,1,37,25,12,5,24,0,3,6
513871832,2,513871834,,1,1,0,*,*,*,*,*,*,*,*,*,*,*,*,*,*,*,*,*,*,*,*,*,*,*,*,*,*,*,*,*,*,1,1,*,*,*,*,*,*,*,*,*,*,*,*,*,*,*
513871833,0,,,114,54,60,13,6,7,101,48,53,66,31,35,96,46,50,94,45,49,35,17,18,11,5,6,7,4,3,1,0,1,2,0,2,29,29,1,6,7,6,3,4,2,28,11,17,3,23,0,1,2
513871834,1,,513871832;513871843,149,78,71,29,16,13,128,67,61,79,44,35,122,63,59,120,62,58,49,23,26,19,6,13,7,2,5,0,0,0,0,0,0,47,47,7,11,14,9,6,1,2,43,26,17,8,30,0,5,5
513871843,2,513871834,,7,4,3,*,*,*,*,*,*,*,*,*,*,*,*,*,*,*,*,*,*,*,*,*,*,*,*,*,*,*,*,*,*,2,2,*,*,*,*,*,*,*,*,*,*,*,*,*,*,*
513871851,0,,,128,59,69,18,9,9,107,49,58,77,34,43,103,48,55,101,47,54,30,15,15,12,3,9,5,0,5,1,0,1,5,3,2,48,48,19,10,6,4,3,4,2,26,15,11,2,18,0,3,3
513871853,0,,,224,114,110,28,17,11,196,97,99,105,54,51,194,97,97,193,96,97,91,43,48,48,20,28,21,8,13,4,2,2,0,0,0,69,69,14,11,15,14,7,5,3,54,25,29,8,56,0,11,5
513871901,0,,,81,35,46,8,2,6,73,33,40,49,23,26,69,32,37,68,32,36,24,10,14,12,6,6,3,1,2,0,0,0,0,0,0,19,19,0,2,6,4,3,2,2,19,8,11,2,15,0,0,2
513871902,0,,,74,33,41,10,4,6,64,29,35,37,17,20,61,29,32,60,28,32,27,12,15,12,6,6,2,0,2,1,0,1,0,0,0,24,24,4,7,4,2,6,1,0,20,11,9,4,18,0,3,4
513871903,0,,,42,21,21,7,3,4,35,18,17,24,14,10,33,17,16,32,16,16,11,4,7,10,3,7,4,2,2,0,0,0,0,0,0,13,13,1,4,2,3,3,0,0,12,8,4,2,7,0,0,2
513871904,0,,,59,30,29,6,4,2,53,26,27,37,17,20,52,25,27,50,25,25,16,9,7,6,2,4,1,0,1,0,0,0,7,4,3,15,15,0,4,3,3,2,1,2,14,7,7,2,9,0,0,1
513871911,0,,,69,33,36,10,2,8,59,31,28,38,21,17,55,28,27,52,27,25,21,10,11,10,4,6,2,1,1,1,0,1,0,0,0,18,18,0,4,5,4,2,1,2,18,12,6,2,11,0,0,1
513871912,0,,,43,23,20,7,5,2,36,18,18,18,9,9,36,18,18,36,18,18,18,9,9,13,8,5,2,1,1,0,0,0,0,0,0,15,15,2,7,2,2,1,0,1,13,9,4,2,11,0,1,4
513871913,0,,,176,88,88,30,17,13,144,70,74,94,48,46,140,67,73,137,66,71,50,22,28,28,11,17,5,2,3,1,1,0,1,0,1,50,50,4,16,10,6,4,6,4,45,31,14,4,31,0,4,5
513871914,0,,,152,78,74,27,14,13,125,64,61,80,41,39,120,60,60,118,59,59,45,23,22,21,8,13,6,2,4,1,0,1,0,0,0,50,50,5,13,13,14,4,1,0,45,34,11,11,28,0,4,7
513871921,1,,513871924,25,12,13,2,1,1,33,16,17,18,8,10,32,16,16,31,16,15,15,8,7,7,3,4,2,0,2,0,0,0,2,1,1,8,8,1,5,2,0,1,1,1,10,7,3,0,9,0,1,1
513871923,0,,,16,8,8,3,1,2,13,7,6,10,5,5,13,7,6,13,7,6,3,2,1,0,0,0,0,0,0,0,0,0,2,1,1,5,5,0,1,2,2,0,0,0,5,4,1,0,2,0,0,0
513871924,2,513871921,,10,5,5,*,*,*,*,*,*,*,*,*,*,*,*,*,*,*,*,*,*,*,*,*,*,*,*,*,*,*,*,*,*,3,3,*,*,*,*,*,*,*,*,*,*,*,*,*,*,*
513871931,2,513871932,,5,2,3,*,*,*,*,*,*,*,*,*,*,*,*,*,*,*,*,*,*,*,*,*,*,*,*,*,*,*,*,*,*,2,2,*,*,*,*,*,*,*,*,*,*,*,*,*,*,*
513871932,1,,513871931;513871933,10,7,3,2,1,1,17,9,8,11,6,5,17,9,8,16,9,7,6,3,3,4,2,2,1,0,1,0,0,0,0,0,0,4,4,3,0,1,2,1,0,0,4,3,1,0,5,0,3,0
513871933,2,513871932,,4,1,3,*,*,*,*,*,*,*,*,*,*,*,*,*,*,*,*,*,*,*,*,*,*,*,*,*,*,*,*,*,*,1,1,*,*,*,*,*,*,*,*,*,*,*,*,*,*,*
513871934,0,,,17,9,8,0,0,0,17,9,8,12,7,5,16,9,7,16,9,7,5,2,3,4,2,2,0,0,0,0,0,0,0,0,0,4,4,1,0,1,0,0,1,1,3,1,2,0,3,0,0,0
513871941,0,,,68,33,35,3,2,1,65,31,34,32,16,16,62,30,32,62,30,32,33,15,18,21,9,12,9,3,6,1,0,1,1,1,0,21,21,1,8,5,3,0,4,0,20,13,7,0,18,0,1,5
513871943,0,,,14,6,8,1,0,1,13,6,7,8,4,4,12,6,6,12,6,6,5,2,3,3,1,2,0,0,0,0,0,0,0,0,0,6,6,1,3,1,1,0,0,0,5,5,0,0,3,0,1,2
513871951,0,,,181,90,91,7,5,2,174,85,89,88,47,41,172,84,88,171,84,87,86,38,48,53,20,33,23,8,15,1,0,1,0,0,0,64,64,11,14,22,12,2,3,0,53,31,22,1,53,0,7,10
513871953,0,,,271,129,142,32,15,17,239,114,125,138,70,68,229,108,121,228,107,121,101,44,57,51,16,35,23,4,19,3,0,3,5,1,4,83,83,13,22,21,10,4,4,9,70,41,29,5,66,0,11,11
513871954,0,,,44,27,17,6,3,3,37,23,14,33,21,12,36,22,14,36,22,14,4,2,2,1,0,1,1,0,1,0,0,0,30,17,13,26,26,14,8,2,2,0,0,0,12,12,0,3,3,3,0,2
513876354,1,,513876461,55,26,29,6,2,4,56,27,29,35,19,16,53,26,27,53,26,27,21,8,13,11,3,8,2,1,1,0,0,0,1,0,1,22,22,7,14,2,1,1,2,0,20,16,4,0,17,0,4,3
513876363,0,,,19,11,8,3,3,0,16,8,8,9,4,5,15,8,7,15,8,7,7,4,3,2,2,0,1,1,0,0,0,0,0,0,0,12,12,8,2,1,1,0,0,0,4,4,0,1,6,0,5,0
513876371,0,,,134,65,69,9,4,5,125,61,64,57,32,25,125,61,64,125,61,64,68,29,39,36,10,26,15,3,12,3,0,3,0,0,0,55,55,11,20,16,6,1,1,0,44,35,9,3,44,0,8,8
513876372,0,,,12,7,5,0,0,0,12,7,5,6,4,2,12,7,5,12,7,5,6,3,3,2,1,1,2,1,1,1,0,1,0,0,0,7,7,3,3,1,0,0,0,0,4,3,1,0,4,0,1,2
513876373,1,,513876374,13,8,5,2,1,1,12,7,5,5,3,2,12,7,5,12,7,5,7,4,3,6,4,2,2,2,0,0,0,0,0,0,0,4,4,1,3,0,0,0,0,1,4,3,1,1,5,0,1,2
513876374,2,513876373,,1,0,1,*,*,*,*,*,*,*,*,*,*,*,*,*,*,*,*,*,*,*,*,*,*,*,*,*,*,*,*,*,*,1,1,*,*,*,*,*,*,*,*,*,*,*,*,*,*,*
513876383,0,,,42,18,24,4,1,3,38,17,21,16,8,8,36,16,20,36,16,20,22,9,13,15,6,9,5,2,3,1,1,0,0,0,0,16,16,4,6,1,3,1,1,0,12,7,5,0,14,0,4,3
513876384,0,,,179,96,83,13,7,6,166,89,77,83,50,33,160,85,75,159,85,74,83,39,44,47,22,25,16,7,9,1,0,1,1,0,1,70,70,16,29,10,6,4,4,1,52,39,13,3,51,0,10,19
513876452,0,,,27,13,14,1,1,0,26,12,14,8,4,4,26,12,14,26,12,14,18,8,10,9,4,5,2,1,1,1,0,1,0,0,0,14,14,5,6,2,1,0,0,0,8,6,2,0,13,0,5,4
513876454,0,,,25,13,12,6,4,2,19,9,10,9,5,4,18,8,10,18,8,10,10,4,6,4,1,3,2,0,2,1,0,1,0,0,0,7,7,1,3,0,0,1,1,1,6,4,2,2,6,0,1,2
513876461,2,513876354,,7,3,4,*,*,*,*,*,*,*,*,*,*,*,*,*,*,*,*,*,*,*,*,*,*,*,*,*,*,*,*,*,*,5,5,*,*,*,*,*,*,*,*,*,*,*,*,*,*,*
513876481,0,,,22,9,13,6,2,4,16,7,9,13,6,7,13,6,7,13,6,7,3,1,2,1,1,0,0,0,0,0,0,0,0,0,0,7,7,1,2,0,3,1,0,0,6,6,0,1,2,0,1,1
513876482,0,,,26,11,15,5,2,3,18,8,10,11,4,7,17,8,9,17,8,9,7,4,3,5,3,2,2,1,1,0,0,0,0,0,0,8,8,1,2,2,2,0,0,1,5,2,3,1,5,0,0,2
513876491,2,513876492,,1,1,0,*,*,*,*,*,*,*,*,*,*,*,*,*,*,*,*,*,*,*,*,*,*,*,*,*,*,*,*,*,*,1,1,*,*,*,*,*,*,*,*,*,*,*,*,*,*,*
513876492,1,,513876491;513876493,24,10,14,1,0,1,26,12,14,12,5,7,26,12,14,26,12,14,14,7,7,8,3,5,2,1,1,0,0,0,0,0,0,9,9,4,4,1,2,1,0,0,8,6,2,0,9,0,2,3
513876493,2,513876492,,3,2,1,*,*,*,*,*,*,*,*,*,*,*,*,*,*,*,*,*,*,*,*,*,*,*,*,*,*,*,*,*,*,2,2,*,*,*,*,*,*,*,*,*,*,*,*,*,*,*
513876494,0,,,23,13,10,2,1,1,21,12,9,14,9,5,21,12,9,21,12,9,7,3,4,5,2,3,0,0,0,0,0,0,0,0,0,8,8,0,3,3,2,0,0,0,8,7,1,1,4,0,0,3
513876542,0,,,60,27,33,12,4,8,48,23,25,21,12,9,45,20,25,45,20,25,27,11,16,11,6,5,7,2,5,0,0,0,0,0,0,19,19,3,5,5,2,2,0,2,15,8,7,0,15,0,3,3
513876544,1,,513876554,82,45,37,8,6,2,75,40,35,36,21,15,74,40,34,74,40,34,39,19,20,14,8,6,6,3,3,1,1,0,2,0,2,32,32,13,6,6,4,1,2,1,20,9,11,2,25,0,8,2
513876554,2,513876544,,1,1,0,*,*,*,*,*,*,*,*,*,*,*,*,*,*,*,*,*,*,*,*,*,*,*,*,*,*,*,*,*,*,1,1,*,*,*,*,*,*,*,*,*,*,*,*,*,*,*
513876574,2,513876761,,1,1,0,*,*,*,*,*,*,*,*,*,*,*,*,*,*,*,*,*,*,*,*,*,*,*,*,*,*,*,*,*,*,1,1,*,*,*,*,*,*,*,*,*,*,*,*,*,*,*
513876644,2,513876751,,1,1,0,*,*,*,*,*,*,*,*,*,*,*,*,*,*,*,*,*,*,*,*,*,*,*,*,*,*,*,*,*,*,1,1,*,*,*,*,*,*,*,*,*,*,*,*,*,*,*
513876651,2,513876653,,3,1,2,*,*,*,*,*,*,*,*,*,*,*,*,*,*,*,*,*,*,*,*,*,*,*,*,*,*,*,*,*,*,1,1,*,*,*,*,*,*,*,*,*,*,*,*,*,*,*
513876653,1,,513876651,46,22,24,4,3,1,45,20,25,29,11,18,41,19,22,40,19,21,16,9,7,9,4,5,4,2,2,0,0,0,0,0,0,14,14,2,4,1,5,2,1,0,13,7,6,0,11,0,2,1
513876654,0,,,14,7,7,3,2,1,11,5,6,6,3,3,11,5,6,10,4,6,5,2,3,0,0,0,0,0,0,0,0,0,0,0,0,6,6,1,3,1,1,0,0,0,5,5,0,0,3,0,1,2
513876681,2,513876791,,7,3,4,*,*,*,*,*,*,*,*,*,*,*,*,*,*,*,*,*,*,*,*,*,*,*,*,*,*,*,*,*,*,4,4,*,*,*,*,*,*,*,*,*,*,*,*,*,*,*
513876722,0,,,15,5,10,0,0,0,15,5,10,4,2,2,15,5,10,15,5,10,11,3,8,7,1,6,6,0,6,1,0,1,0,0,0,7,7,4,1,1,0,0,1,0,3,1,2,0,7,0,4,1
513876751,1,,513876644,22,11,11,3,1,2,20,11,9,8,5,3,20,11,9,20,11,9,12,6,6,4,3,1,2,1,1,0,0,0,0,0,0,11,11,6,3,2,0,1,0,0,6,6,0,0,8,0,4,3
513876752,1,,513876753,14,5,9,3,0,3,78,41,37,45,27,18,77,41,36,77,41,36,33,14,19,10,3,7,3,1,2,0,0,0,0,0,0,6,6,3,3,1,0,0,0,1,5,4,1,0,8,0,3,1
513876753,2,513876752,,67,36,31,*,*,*,*,*,*,*,*,*,*,*,*,*,*,*,*,*,*,*,*,*,*,*,*,*,*,*,*,*,*,6,2,*,*,*,*,*,*,*,*,*,*,*,*,*,*,*
513876761,1,,513876574,23,13,10,3,1,2,21,13,8,13,8,5,19,11,8,19,11,8,8,5,3,3,2,1,1,0,1,1,0,1,0,0,0,9,9,3,2,3,2,0,0,0,7,7,0,1,6,0,2,1
513876764,0,,,78,40,38,6,3,3,72,37,35,24,15,9,71,36,35,71,36,35,48,22,26,19,7,12,4,2,2,1,0,1,0,0,0,37,37,9,19,6,2,1,0,0,28,22,6,1,31,0,6,13
513876771,0,,,20,7,13,1,1,0,19,6,13,8,2,6,19,6,13,19,6,13,11,4,7,10,3,7,6,2,4,0,0,0,0,0,0,7,7,1,3,1,1,0,1,0,6,3,3,0,7,0,1,2
513876772,0,,,9,5,4,0,0,0,9,5,4,1,1,0,9,5,4,9,5,4,8,4,4,6,3,3,0,0,0,0,0,0,0,0,0,6,6,3,3,0,0,0,0,0,3,3,0,0,5,0,2,3
513876773,0,,,59,27,32,4,1,3,55,26,29,30,19,11,50,23,27,50,23,27,25,7,18,11,2,9,5,0,5,0,0,0,1,1,0,23,23,8,5,5,2,2,0,1,15,7,8,2,17,0,5,3
513876774,0,,,49,25,24,7,5,2,42,20,22,18,11,7,40,18,22,40,18,22,24,9,15,11,4,7,3,1,2,1,0,1,0,0,0,20,20,5,9,3,1,0,1,1,15,13,2,1,15,0,4,4
513876781,0,,,37,17,20,4,3,1,33,14,19,17,8,9,33,14,19,32,14,18,16,6,10,10,3,7,3,2,1,0,0,0,0,0,0,15,15,3,5,5,1,1,0,0,12,8,4,0,11,0,1,4
513876783,0,,,191,106,85,5,4,1,186,102,84,88,52,36,179,99,80,179,99,80,98,50,48,52,23,29,10,5,5,0,0,0,5,3,2,116,116,64,38,8,4,1,1,0,51,48,3,1,72,3,38,21
513876784,0,,,77,35,42,10,3,7,67,32,35,29,11,18,66,32,34,64,32,32,38,21,17,22,10,12,4,1,3,0,0,0,4,1,3,36,36,15,11,5,4,0,0,1,20,18,2,3,28,0,15,6
513876791,1,,513876681,7,3,4,0,0,0,14,6,8,7,2,5,14,6,8,14,6,8,7,4,3,3,2,1,1,1,0,0,0,0,0,0,0,6,6,8,1,0,1,0,0,0,2,2,0,0,6,1,5,0
513876792,0,,,123,59,64,19,7,12,104,52,52,61,33,28,102,51,51,101,51,50,43,19,24,17,8,9,6,2,4,1,0,1,1,1,0,60,60,24,21,6,6,3,0,0,36,35,1,3,33,2,16,10
513876793,0,,,45,22,23,3,2,1,42,20,22,17,10,7,40,18,22,40,18,22,25,10,15,11,2,9,3,0,3,0,0,0,0,0,0,23,23,9,10,2,0,2,0,0,14,12,2,0,18,0,7,5
513876794,0,,,124,65,59,3,2,1,121,63,58,62,37,25,117,60,57,116,60,56,59,26,33,32,14,18,15,5,10,2,1,1,0,0,0,58,58,20,22,9,4,1,2,0,38,33,5,0,40,0,13,8
513876832,0,,,21,11,10,1,1,0,20,10,10,9,4,5,20,10,10,20,10,10,11,6,5,7,4,3,2,1,1,0,0,0,1,1,0,8,8,1,3,3,0,1,0,0,7,6,1,0,7,0,1,1
513876833,0,,,62,28,34,7,3,4,55,25,30,25,13,12,53,25,28,53,25,28,30,12,18,15,5,10,5,1,4,0,0,0,0,0,0,23,23,3,10,5,3,0,2,0,20,15,5,1,19,0,1,6
513876841,0,,,24,15,9,2,2,0,22,13,9,8,5,3,22,13,9,21,12,9,14,8,6,8,3,5,2,1,1,0,0,0,0,0,0,11,11,4,3,2,2,0,0,0,7,5,2,0,10,0,4,2
513876842,1,,513876844,43,21,22,3,0,3,42,22,20,15,7,8,40,22,18,40,22,18,27,15,12,10,5,5,2,0,2,0,0,0,0,0,0,19,19,3,13,2,1,0,1,0,16,14,2,0,16,0,3,7
513876844,2,513876842,,2,1,1,*,*,*,*,*,*,*,*,*,*,*,*,*,*,*,*,*,*,*,*,*,*,*,*,*,*,*,*,*,*,1,1,*,*,*,*,*,*,*,*,*,*,*,*,*,*,*
513876851,0,,,56,29,27,7,3,4,49,26,23,22,14,8,49,26,23,48,25,23,27,12,15,13,5,8,4,1,3,0,0,0,0,0,0,23,23,4,13,3,0,2,0,1,19,16,3,2,16,0,1,7
513876852,0,,,51,25,26,3,3,0,48,22,26,20,10,10,48,22,26,48,22,26,28,12,16,16,8,8,4,1,3,0,0,0,0,0,0,22,22,5,9,5,2,1,0,0,17,13,4,0,17,0,2,6
513876853,0,,,35,19,16,1,1,0,34,18,16,19,13,6,33,17,16,31,15,16,15,5,10,9,3,6,3,1,2,0,0,0,0,0,0,17,17,6,6,3,2,0,0,0,11,10,1,0,10,0,3,3
513876854,0,,,19,10,9,2,1,1,17,9,8,10,8,2,17,9,8,16,8,8,7,1,6,3,0,3,2,0,2,1,0,1,0,0,0,7,7,1,1,4,1,0,0,0,6,5,1,0,5,0,1,0
513876861,0,,,43,21,22,3,2,1,40,19,21,15,8,7,38,19,19,38,19,19,25,11,14,9,5,4,3,1,2,0,0,0,0,0,0,21,21,6,10,3,2,0,0,0,15,14,1,1,17,0,6,7
513876862,0,,,43,22,21,6,3,3,37,19,18,18,10,8,36,19,17,36,19,17,19,9,10,12,5,7,5,2,3,0,0,0,0,0,0,20,20,9,6,2,0,2,1,0,11,9,2,1,14,0,5,4
513876863,0,,,35,20,15,1,1,0,34,19,15,8,5,3,34,19,15,34,19,15,26,14,12,17,9,8,2,0,2,0,0,0,2,1,1,21,21,10,8,3,0,0,0,0,11,11,0,1,18,0,10,6
513876864,0,,,11,5,6,1,1,0,10,4,6,7,3,4,10,4,6,10,4,6,3,1,2,2,0,2,1,0,1,0,0,0,0,0,0,4,4,1,1,1,0,1,0,0,3,2,1,1,2,0,1,0
513876871,2,513876872,,8,3,5,*,*,*,*,*,*,*,*,*,*,*,*,*,*,*,*,*,*,*,*,*,*,*,*,*,*,*,*,*,*,6,6,*,*,*,*,*,*,*,*,*,*,*,*,*,*,*
513876872,1,,513876871;513876874,5,3,2,3,2,1,13,6,7,3,2,1,13,6,7,13,6,7,10,4,6,5,1,4,3,0,3,1,0,1,0,0,0,1,1,5,3,0,0,1,0,0,4,4,0,1,7,0,4,2
513876874,2,513876872,,3,2,1,*,*,*,*,*,*,*,*,*,*,*,*,*,*,*,*,*,*,*,*,*,*,*,*,*,*,*,*,*,*,2,2,*,*,*,*,*,*,*,*,*,*,*,*,*,*,*
513876881,0,,,91,35,56,5,1,4,86,34,52,40,18,22,84,32,52,84,32,52,46,16,30,25,8,17,13,4,9,2,1,1,0,0,0,43,43,12,19,9,2,0,1,0,29,26,3,0,33,1,10,9
513876882,0,,,166,76,90,5,1,4,161,75,86,73,40,33,157,74,83,155,73,82,88,35,53,46,18,28,11,4,7,1,1,0,0,0,0,87,87,35,34,13,2,2,1,0,51,42,9,2,63,0,24,15
513876883,0,,,154,55,99,9,3,6,145,52,93,35,18,17,142,50,92,141,49,92,110,34,76,90,24,66,64,12,52,15,3,12,0,0,0,23,22,1,11,2,5,2,1,0,21,16,5,4,13,0,1,6
513876884,0,,,107,50,57,22,9,13,85,41,44,60,28,32,79,38,41,78,38,40,25,13,12,13,4,9,4,2,2,0,0,0,0,0,0,39,39,10,9,8,10,0,0,2,29,22,7,4,18,1,7,6
513876891,1,,513876892,88,45,43,4,2,2,93,46,47,44,22,22,93,46,47,93,46,47,49,24,25,28,14,14,3,1,2,0,0,0,0,0,0,55,55,32,22,1,3,0,1,0,27,24,3,1,36,3,16,9
513876892,2,513876891,,9,3,6,*,*,*,*,*,*,*,*,*,*,*,*,*,*,*,*,*,*,*,*,*,*,*,*,*,*,*,*,*,*,4,4,*,*,*,*,*,*,*,*,*,*,*,*,*,*,*
513876931,0,,,114,57,57,8,6,2,106,51,55,38,22,16,106,51,55,105,50,55,68,29,39,43,18,25,11,4,7,0,0,0,0,0,0,60,60,24,26,7,1,0,1,1,35,31,4,2,44,0,14,20
513876954,0,,,25,11,14,3,0,3,22,11,11,12,7,5,21,11,10,21,11,10,10,4,6,3,1,2,2,0,2,0,0,0,0,0,0,12,12,4,5,1,2,0,0,0,8,8,0,0,7,0,2,2
513876963,0,,,22,10,12,3,0,3,19,10,9,10,4,6,18,10,8,18,10,8,9,6,3,7,4,3,2,1,1,0,0,0,0,0,0,7,7,2,1,2,0,1,0,1,5,3,2,0,6,0,1,1
513876973,1,,513876974,24,15,9,7,4,3,29,16,13,15,8,7,28,15,13,28,15,13,14,8,6,6,4,2,3,2,1,1,1,0,0,0,0,10,10,1,7,3,3,0,0,0,13,13,0,3,8,0,1,5
513876974,2,513876973,,12,5,7,*,*,*,*,*,*,*,*,*,*,*,*,*,*,*,*,*,*,*,*,*,*,*,*,*,*,*,*,*,*,4,4,*,*,*,*,*,*,*,*,*,*,*,*,*,*,*
513876982,0,,,145,74,71,13,9,4,132,65,67,76,40,36,129,64,65,128,63,65,56,25,31,27,11,16,8,3,5,0,0,0,1,0,1,63,63,19,19,15,8,1,1,0,44,34,10,2,40,4,9,6
513876983,0,,,14,6,8,0,0,0,14,6,8,8,3,5,13,6,7,13,6,7,6,3,3,3,2,1,0,0,0,0,0,0,0,0,0,5,5,0,2,2,1,0,0,0,5,5,0,0,3,0,0,2
513876984,0,,,172,83,89,21,12,9,151,71,80,89,39,50,141,67,74,139,66,73,62,32,30,31,15,16,6,4,2,0,0,0,0,0,0,73,73,20,27,14,6,4,2,0,52,45,7,4,45,0,15,12
513876991,1,,513876994,14,6,8,2,0,2,14,7,7,10,6,4,14,7,7,14,7,7,4,1,3,1,0,1,1,0,1,0,0,0,1,0,1,6,6,2,1,4,0,0,0,0,5,5,0,0,3,0,2,0
513876993,0,,,34,14,20,2,0,2,32,14,18,18,8,10,31,14,17,30,13,17,14,6,8,5,3,2,0,0,0,0,0,0,0,0,0,17,17,7,5,3,2,0,0,0,10,8,2,1,11,0,5,3
513876994,2,513876991,,2,1,1,*,*,*,*,*,*,*,*,*,*,*,*,*,*,*,*,*,*,*,*,*,*,*,*,*,*,*,*,*,*,1,1,*,*,*,*,*,*,*,*,*,*,*,*,*,*,*
513877403,1,,513877404,56,26,30,5,4,1,53,23,30,15,6,9,53,23,30,53,23,30,38,17,21,14,7,7,8,3,5,1,0,1,1,0,1,25,25,9,9,7,1,0,1,0,18,13,5,1,23,0,8,6
513877404,2,513877403,,2,1,1,*,*,*,*,*,*,*,*,*,*,*,*,*,*,*,*,*,*,*,*,*,*,*,*,*,*,*,*,*,*,2,2,*,*,*,*,*,*,*,*,*,*,*,*,*,*,*
513877501,0,,,194,88,106,11,2,9,183,86,97,79,37,42,181,86,95,181,86,95,104,49,55,54,20,34,23,6,17,5,0,5,0,0,0,79,79,15,34,17,8,3,1,1,63,44,19,2,67,0,14,18
513877502,1,,513877504,99,44,55,8,2,6,102,47,55,48,23,25,101,46,55,99,45,54,54,24,30,27,8,19,7,2,5,0,0,0,1,0,1,48,48,19,16,7,5,2,0,1,29,20,9,3,37,0,13,9
513877504,2,513877502,,11,5,6,*,*,*,*,*,*,*,*,*,*,*,*,*,*,*,*,*,*,*,*,*,*,*,*,*,*,*,*,*,*,2,2,*,*,*,*,*,*,*,*,*,*,*,*,*,*,*
513877513,2,513877611,,5,2,3,*,*,*,*,*,*,*,*,*,*,*,*,*,*,*,*,*,*,*,*,*,*,*,*,*,*,*,*,*,*,3,3,*,*,*,*,*,*,*,*,*,*,*,*,*,*,*
513877602,0,,,164,78,86,14,7,7,150,71,79,59,30,29,144,67,77,143,67,76,91,41,50,48,18,30,13,5,8,2,0,2,0,0,0,74,74,23,28,13,5,4,1,0,51,40,11,3,59,0,19,21
513877603,0,,,25,12,13,1,0,1,24,12,12,12,6,6,24,12,12,24,12,12,12,6,6,8,3,5,3,1,2,0,0,0,0,0,0,14,14,4,9,1,0,0,0,0,10,10,0,0,9,0,3,5
513877604,0,,,181,90,91,13,10,3,168,80,88,92,47,45,163,77,86,160,75,85,76,33,43,34,14,20,9,3,6,0,0,0,1,0,1,87,87,35,27,14,8,1,1,1,52,47,5,4,54,1,16,14
513877611,1,,513877513,272,124,148,23,9,14,254,117,137,134,62,72,248,114,134,244,111,133,120,55,65,54,20,34,17,5,12,2,1,1,1,0,1,119,119,36,46,18,16,5,1,0,85,70,15,5,86,0,27,21
513877612,1,,513877614,79,13,66,1,0,1,85,16,69,13,8,5,84,16,68,84,16,68,72,8,64,60,3,57,45,1,44,10,0,10,0,0,0,11,10,3,5,3,1,0,0,0,9,7,2,0,8,0,2,1
513877613,0,,,282,119,163,28,14,14,254,105,149,105,54,51,249,100,149,248,100,148,149,51,98,103,28,75,51,7,44,12,0,12,1,0,1,104,103,30,40,18,9,4,1,1,73,65,8,7,70,0,22,22
513877614,2,513877612,,7,3,4,*,*,*,*,*,*,*,*,*,*,*,*,*,*,*,*,*,*,*,*,*,*,*,*,*,*,*,*,*,*,2,2,*,*,*,*,*,*,*,*,*,*,*,*,*,*,*
513877622,0,,,25,11,14,1,0,1,24,11,13,15,8,7,21,10,11,21,10,11,9,3,6,5,3,2,1,0,1,0,0,0,0,0,0,11,11,4,4,1,0,2,0,0,7,6,1,0,6,0,2,2
513877624,0,,,17,9,8,0,0,0,17,9,8,5,3,2,17,9,8,17,9,8,12,6,6,9,4,5,5,3,2,0,0,0,0,0,0,7,7,1,4,1,0,1,0,0,6,4,2,0,6,0,1,2
513877633,0,,,71,32,39,3,1,2,68,31,37,31,15,16,67,30,37,66,30,36,37,16,21,20,8,12,8,3,5,0,0,0,1,1,0,31,31,7,12,8,4,0,0,0,24,18,6,2,24,0,6,9
513877701,0,,,107,51,56,12,5,7,95,46,49,51,26,25,92,45,47,92,45,47,44,20,24,24,10,14,9,3,6,1,0,1,4,2,2,48,48,13,20,8,5,2,0,0,35,31,4,3,27,0,6,14
513877702,0,,,88,40,48,12,7,5,76,33,43,46,22,24,74,32,42,74,32,42,30,11,19,17,6,11,4,0,4,0,0,0,0,0,0,42,42,14,17,6,4,0,1,0,27,23,4,3,23,1,8,8
513877703,0,,,266,115,151,35,15,20,231,100,131,88,38,50,223,98,125,223,98,125,143,62,81,84,36,48,35,13,22,5,1,4,2,1,1,81,80,25,21,15,14,5,0,0,53,43,10,9,46,1,18,14
513877704,0,,,69,36,33,7,4,3,62,32,30,42,24,18,61,31,30,61,31,30,20,8,12,11,4,7,6,2,4,0,0,0,0,0,0,31,31,8,16,3,2,1,0,1,22,21,1,1,15,1,6,4
513877711,1,,513877714,27,15,12,3,2,1,28,15,13,15,9,6,28,15,13,27,15,12,13,6,7,7,3,4,2,1,1,0,0,0,0,0,0,13,13,7,3,2,3,0,0,0,8,5,3,1,9,0,4,2
513877713,0,,,28,13,15,7,2,5,21,11,10,17,9,8,20,10,10,20,10,10,4,2,2,1,1,0,0,0,0,0,0,0,0,0,0,11,11,2,4,2,3,0,0,0,9,9,0,3,2,0,0,1
513877714,2,513877711,,4,2,2,*,*,*,*,*,*,*,*,*,*,*,*,*,*,*,*,*,*,*,*,*,*,*,*,*,*,*,*,*,*,2,2,*,*,*,*,*,*,*,*,*,*,*,*,*,*,*
513877722,1,,513877723,44,21,23,0,0,0,45,21,24,17,9,8,45,21,24,44,21,23,28,12,16,13,5,8,1,0,1,1,0,1,0,0,0,23,23,6,15,3,0,0,0,0,18,16,2,0,19,0,5,7
513877723,2,513877722,,1,0,1,*,*,*,*,*,*,*,*,*,*,*,*,*,*,*,*,*,*,*,*,*,*,*,*,*,*,*,*,*,*,1,1,*,*,*,*,*,*,*,*,*,*,*,*,*,*,*
513877724,0,,,55,25,30,2,0,2,53,25,28,22,10,12,53,25,28,53,25,28,31,15,16,19,9,10,9,5,4,1,1,0,2,2,0,28,28,6,19,1,2,0,0,0,22,21,1,0,19,0,4,13
513877731,0,,,35,18,17,0,0,0,35,18,17,15,7,8,34,18,16,34,18,16,20,11,9,10,6,4,4,2,2,0,0,0,0,0,0,16,16,3,8,4,1,0,0,0,13,10,3,0,11,0,3,5
513877802,0,,,40,21,19,3,1,2,37,20,17,25,15,10,37,20,17,36,20,16,12,5,7,6,2,4,2,0,2,1,0,1,2,1,1,22,22,11,7,1,3,0,0,0,11,9,2,1,7,8,0,3
513877804,0,,,33,14,19,2,1,1,31,13,18,22,9,13,29,11,18,29,11,18,9,4,5,5,2,3,1,1,0,0,0,0,1,1,0,12,12,2,5,2,1,1,1,0,10,6,4,1,6,0,1,1
513877811,0,,,37,17,20,3,1,2,34,16,18,16,9,7,33,15,18,31,13,18,18,7,11,4,0,4,1,0,1,0,0,0,0,0,0,12,12,2,3,2,2,3,0,0,10,6,4,1,10,0,1,3
513877812,0,,,13,7,6,0,0,0,13,7,6,8,4,4,13,7,6,13,7,6,5,3,2,3,2,1,2,1,1,0,0,0,0,0,0,8,8,4,3,1,0,0,0,0,2,2,0,0,5,0,3,0
513877813,0,,,139,72,67,19,9,10,118,62,56,62,32,30,115,61,54,115,61,54,56,30,26,25,12,13,7,2,5,1,0,1,0,0,0,61,61,19,22,9,7,3,1,0,42,33,9,5,33,5,5,15
513877822,0,,,94,45,49,13,6,7,77,37,40,39,19,20,76,37,39,76,37,39,38,18,20,11,5,6,1,0,1,0,0,0,2,2,0,46,46,14,23,4,3,2,0,0,31,30,1,2,28,0,11,13
513877824,0,,,19,10,9,4,3,1,15,7,8,9,4,5,15,7,8,15,7,8,6,3,3,5,2,3,1,1,0,0,0,0,0,0,0,5,5,0,1,1,2,0,1,0,5,3,2,2,4,0,0,0
513877831,0,,,66,34,32,4,2,2,62,32,30,30,15,15,62,32,30,61,32,29,32,17,15,20,11,9,6,3,3,0,0,0,0,0,0,24,24,3,9,8,1,2,0,1,20,16,4,0,18,0,1,7
513877833,0,,,134,61,73,14,11,3,120,50,70,84,35,49,118,50,68,115,50,65,36,15,21,18,7,11,6,2,4,1,1,0,2,0,2,57,57,15,20,12,7,3,0,0,41,34,7,4,24,0,4,6
513877834,0,,,37,17,20,2,0,2,35,17,18,22,11,11,35,17,18,34,16,18,13,6,7,9,5,4,2,1,1,0,0,0,0,0,0,15,15,5,4,2,2,2,0,0,10,6,4,1,10,0,3,0
513877871,0,,,12,5,7,0,0,0,12,5,7,4,2,2,12,5,7,12,5,7,8,3,5,6,2,4,1,1,0,0,0,0,0,0,0,5,5,2,0,2,1,0,0,0,3,2,1,0,5,0,2,0
513877873,0,,,287,138,149,15,8,7,272,130,142,123,68,55,266,128,138,264,127,137,149,62,87,81,31,50,17,6,11,3,0,3,0,0,0,127,127,33,56,21,9,6,1,1,94,71,23,5,100,0,24,31
513877874,0,,,68,30,38,5,4,1,63,26,37,29,13,16,61,24,37,59,24,35,34,13,21,19,5,14,5,0,5,1,0,1,3,1,2,31,31,8,15,5,1,1,1,0,23,19,4,1,23,0,7,7
513877902,0,,,43,18,25,7,2,5,36,16,20,16,7,9,35,16,19,35,16,19,20,9,11,10,5,5,2,1,1,0,0,0,0,0,0,20,20,8,6,4,1,0,0,1,12,11,1,2,14,0,7,4
513877904,0,,,29,11,18,0,0,0,29,11,18,15,6,9,28,11,17,28,11,17,14,5,9,9,3,6,4,1,3,0,0,0,0,0,0,15,15,4,9,1,1,0,0,0,11,10,1,0,10,0,3,3
513877911,0,,,99,44,55,7,3,4,92,41,51,46,24,22,89,40,49,88,39,49,46,17,29,26,8,18,6,1,5,1,0,1,0,0,0,36,36,9,7,12,3,2,3,0,26,15,11,2,30,0,8,3
513877913,0,,,36,17,19,0,0,0,36,17,19,16,6,10,35,16,19,35,16,19,20,11,9,8,4,4,5,2,3,0,0,0,0,0,0,17,17,6,5,4,2,0,0,0,10,8,2,0,15,0,6,3
513877914,0,,,244,112,132,0,0,0,244,112,132,74,39,35,244,112,132,244,112,132,170,73,97,99,39,60,31,11,20,3,0,3,0,0,0,13,12,4,5,2,1,0,0,0,8,8,0,0,7,0,2,2
513877922,2,513877923,,3,1,2,*,*,*,*,*,*,*,*,*,*,*,*,*,*,*,*,*,*,*,*,*,*,*,*,*,*,*,*,*,*,1,1,*,*,*,*,*,*,*,*,*,*,*,*,*,*,*
513877923,1,,513877922,57,22,35,7,3,4,53,20,33,30,13,17,51,19,32,50,19,31,23,7,16,14,4,10,4,1,3,1,1,0,1,0,1,26,26,7,10,7,3,0,0,0,19,18,1,2,15,0,6,4
513877924,0,,,13,5,8,0,0,0,13,5,8,8,4,4,13,5,8,13,5,8,5,1,4,2,0,2,1,0,1,0,0,0,0,0,0,7,7,3,2,2,0,0,0,0,4,4,0,0,4,0,2,0
513877931,0,,,299,145,154,31,13,18,265,131,134,140,77,63,260,128,132,259,127,132,125,54,71,75,33,42,20,6,14,6,2,4,1,0,1,127,127,36,42,29,13,3,3,1,88,71,17,10,81,2,19,22
513877932,0,,,214,104,110,28,18,10,185,85,100,110,55,55,181,85,96,180,84,96,75,30,45,42,13,29,18,8,10,2,0,2,1,1,0,87,87,24,25,19,14,3,2,0,62,52,10,3,50,0,13,10
513877933,0,,,195,100,95,23,13,10,172,87,85,111,62,49,162,81,81,157,79,78,61,25,36,33,14,19,7,4,3,0,0,0,1,0,1,78,78,20,26,13,13,5,0,1,58,49,9,6,43,1,10,11
513877934,0,,,125,76,49,17,13,4,108,63,45,66,39,27,103,58,45,103,58,45,42,24,18,17,8,9,1,0,1,0,0,0,1,0,1,62,62,26,20,8,5,3,0,0,35,31,4,4,31,1,14,9
513877941,0,,,41,20,21,5,2,3,36,18,18,18,10,8,35,17,18,35,17,18,18,8,10,13,4,9,3,0,3,0,0,0,0,0,0,17,17,5,5,3,3,1,0,0,12,8,4,1,13,0,4,3
513877942,1,,513877944,17,7,10,0,0,0,30,19,11,24,17,7,30,19,11,28,18,10,6,2,4,2,0,2,1,0,1,0,0,0,2,0,2,8,8,15,3,3,0,0,0,0,6,6,0,0,4,6,1,0
513877943,0,,,194,88,106,19,7,12,173,79,94,111,54,57,169,77,92,167,77,90,62,25,37,30,11,19,13,6,7,1,1,0,3,1,2,95,95,37,31,15,10,2,0,0,56,50,6,5,43,4,17,11
513877944,2,513877942,,13,12,1,*,*,*,*,*,*,*,*,*,*,*,*,*,*,*,*,*,*,*,*,*,*,*,*,*,*,*,*,*,*,13,13,*,*,*,*,*,*,*,*,*,*,*,*,*,*,*
513877962,0,,,87,46,41,10,6,4,77,40,37,43,22,21,75,38,37,74,38,36,34,18,16,18,9,9,4,4,0,1,1,0,1,0,1,42,42,18,12,9,0,2,0,1,24,21,3,2,25,0,10,6
513877964,0,,,23,12,11,2,1,1,21,11,10,15,8,7,21,11,10,21,11,10,6,3,3,4,2,2,2,2,0,0,0,0,0,0,0,10,10,3,3,3,0,1,0,0,7,6,1,1,4,0,1,2
513877971,1,,513877972,211,102,109,26,15,11,188,88,100,93,48,45,186,88,98,185,87,98,95,40,55,49,17,32,18,5,13,1,0,1,0,0,0,98,98,35,38,16,6,4,2,0,64,56,8,5,65,0,26,19
513877972,2,513877971,,4,2,2,*,*,*,*,*,*,*,*,*,*,*,*,*,*,*,*,*,*,*,*,*,*,*,*,*,*,*,*,*,*,3,3,*,*,*,*,*,*,*,*,*,*,*,*,*,*,*
513877973,0,,,274,136,138,31,16,15,243,120,123,141,78,63,237,117,120,235,115,120,102,42,60,57,23,34,18,8,10,1,1,0,0,0,0,119,118,36,43,19,14,4,1,1,80,70,10,4,64,4,19,20
513877974,0,,,105,45,60,11,5,6,91,39,52,50,18,32,90,39,51,90,39,51,41,21,20,18,7,11,9,3,6,0,0,0,1,1,0,57,57,24,21,9,3,0,0,0,29,28,1,3,31,0,15,8
513877981,0,,,18,9,9,1,0,1,17,9,8,6,2,4,17,9,8,17,9,8,11,7,4,5,3,2,1,0,1,0,0,0,0,0,0,10,10,4,4,2,0,0,0,0,6,4,2,0,7,0,3,2
513877983,0,,,38,23,15,1,0,1,37,23,14,17,12,5,37,23,14,37,23,14,20,11,9,11,4,7,4,0,4,0,0,0,0,0,0,29,29,22,6,0,1,0,0,0,7,6,1,1,17,5,12,4
