KEY_CODE,HTKSYORI,HTKSAKI,GASSAN,T001141001,T001141002,T001141003,T001141004,T001141005,T001141006,T001141007,T001141008,T001141009,T001141010,T001141011,T001141012,T001141013,T001141014,T001141015,T001141016,T001141017,T001141018,T001141019,T001141020,T001141021,T001141022,T001141023,T001141024,T001141025,T001141026,T001141027,T001141028,T001141029,T001141030,T001141031,T001141032,T001141033,T001141034,T001141035,T001141036,T001141037,T001141038,T001141039,T001141040,T001141041,T001141042,T001141043,T001141044,T001141045,T001141046,T001141047,T001141048,T001141049,T001141050
,,,,Å@êlå˚ÅiëçêîÅj,Å@êlå˚ÅiëçêîÅjÅ@íj,Å@êlå˚ÅiëçêîÅjÅ@èó,Å@ÇOÅ`ÇPÇSçŒêlå˚Å@ëçêî,Å@ÇOÅ`ÇPÇSçŒêlå˚Å@íj,Å@ÇOÅ`ÇPÇSçŒêlå˚Å@èó,Å@ÇPÇTçŒà»è„êlå˚Å@ëçêî,Å@ÇPÇTçŒà»è„êlå˚Å@íj,Å@ÇPÇTçŒà»è„êlå˚Å@èó,Å@ÇPÇTÅ`ÇUÇSçŒêlå˚Å@ëçêî,Å@ÇPÇTÅ`ÇUÇSçŒêlå˚Å@íj,Å@ÇPÇTÅ`ÇUÇSçŒêlå˚Å@èó,Å@ÇPÇWçŒà»è„êlå˚Å@ëçêî,Å@ÇPÇWçŒà»è„êlå˚Å@íj,Å@ÇPÇWçŒà»è„êlå˚Å@èó,Å@ÇQÇOçŒà»è„êlå˚Å@ëçêî,Å@ÇQÇOçŒà»è„êlå˚Å@íj,Å@ÇQÇOçŒà»è„êlå˚Å@èó,Å@ÇUÇTçŒà»è„êlå˚Å@ëçêî,Å@ÇUÇTçŒà»è„êlå˚Å@íj,Å@ÇUÇTçŒà»è„êlå˚Å@èó,Å@ÇVÇTçŒà»è„êlå˚Å@ëçêî,Å@ÇVÇTçŒà»è„êlå˚Å@íj,Å@ÇVÇTçŒà»è„êlå˚Å@èó,Å@ÇWÇTçŒà»è„êlå˚Å@ëçêî,Å@ÇWÇTçŒà»è„êlå˚Å@íj,Å@ÇWÇTçŒà»è„êlå˚Å@èó,Å@ÇXÇTçŒà»è„êlå˚Å@ëçêî,Å@ÇXÇTçŒà»è„êlå˚Å@íj,Å@ÇXÇTçŒà»è„êlå˚Å@èó,Å@äOçëêlêlå˚Å@ëçêî,Å@äOçëêlêlå˚Å@íj,Å@äOçëêlêlå˚Å@èó,Å@ê¢ë—ëçêî,Å@àÍî ê¢ë—êî,Å@ÇPêlê¢ë—êîÅ@àÍî ê¢ë—êî,Å@ÇQêlê¢ë—êîÅ@àÍî ê¢ë—êî,Å@ÇRêlê¢ë—êîÅ@àÍî ê¢ë—êî,Å@ÇSêlê¢ë—êîÅ@àÍî ê¢ë—êî,Å@ÇTêlê¢ë—êîÅ@àÍî ê¢ë—êî,Å@ÇUêlê¢ë—êîÅ@àÍî ê¢ë—êî,Å@ÇVêlà»è„ê¢ë—êîÅ@àÍî ê¢ë—êî,Å@êeë∞ÇÃÇ›ÇÃê¢ë—êîÅ@àÍî ê¢ë—êî,Å@äjâ∆ë∞ê¢ë—êîÅ@àÍî ê¢ë—êî,Å@äjâ∆ë∞à»äOÇÃê¢ë—êîÅ@àÍî ê¢ë—êî,Å@ÇUçŒñ¢ñûê¢ë—àıÇÃÇ¢ÇÈê¢ë—êîÅ@àÍî ê¢ë—êî,Å@ÇUÇTçŒà»è„ê¢ë—àıÇÃÇ¢ÇÈê¢ë—êîÅ@àÍî ê¢ë—êî,Å@ê¢ë—éÂÇÃîNóÓÇ™ÇQÇOÅ`ÇQÇXçŒÇÃÇPêlê¢ë—êîÅ@àÍî ê¢ë—êî,Å@çÇóÓíPêgê¢ë—êîÅ@àÍî ê¢ë—êî,Å@çÇóÓïvïwê¢ë—êîÅ@àÍî ê¢ë—êî
492804772,1,,492804774,43,27,16,2,2,0,48,29,19,29,19,10,48,29,19,48,29,19,19,10,9,9,4,5,4,2,2,0,0,0,0,0,0,24,24,13,10,3,2,0,0,0,15,14,1,0,11,5,2,6
492804774,2,492804772,,7,4,3,*,*,*,*,*,*,*,*,*,*,*,*,*,*,*,*,*,*,*,*,*,*,*,*,*,*,*,*,*,*,4,4,*,*,*,*,*,*,*,*,*,*,*,*,*,*,*
492804781,0,,,9,5,4,0,0,0,9,5,4,5,4,1,9,5,4,9,5,4,4,1,3,1,0,1,0,0,0,0,0,0,0,0,0,6,6,3,3,0,0,0,0,0,3,3,0,0,3,1,1,1
492804783,0,,,20,9,11,1,0,1,19,9,10,11,4,7,18,9,9,18,9,9,8,5,3,4,2,2,2,2,0,0,0,0,0,0,0,10,10,2,6,2,0,0,0,0,8,8,0,0,6,0,1,3
492805032,0,,,93,47,46,3,1,2,90,46,44,43,25,18,89,45,44,88,44,44,47,21,26,30,12,18,11,4,7,1,0,1,0,0,0,55,55,27,22,4,0,2,0,0,26,26,0,1,34,1,16,11
492805034,0,,,15,6,9,0,0,0,15,6,9,3,1,2,15,6,9,15,6,9,12,5,7,5,2,3,1,0,1,0,0,0,0,0,0,9,9,4,4,1,0,0,0,0,5,5,0,0,9,0,4,2
492805041,1,,492805043,4,2,2,0,0,0,55,19,36,5,3,2,55,19,36,55,19,36,50,16,34,45,11,34,36,9,27,7,0,7,2,2,0,3,3,3,1,0,0,0,0,0,1,1,0,0,0,2,0,0
492805043,2,492805041,,51,17,34,*,*,*,*,*,*,*,*,*,*,*,*,*,*,*,*,*,*,*,*,*,*,*,*,*,*,*,*,*,*,2,1,*,*,*,*,*,*,*,*,*,*,*,*,*,*,*
492805072,0,,,30,15,15,0,0,0,30,15,15,11,6,5,30,15,15,30,15,15,19,9,10,10,4,6,3,2,1,0,0,0,0,0,0,20,20,10,10,0,0,0,0,0,10,10,0,0,14,0,7,5
492805074,0,,,59,10,49,0,0,0,59,10,49,0,0,0,59,10,49,59,10,49,59,10,49,55,8,47,40,6,34,6,2,4,0,0,0,2,0,0,0,0,0,0,0,0,0,0,0,0,0,0,0,0
492805081,0,,,57,27,30,3,3,0,54,24,30,27,13,14,54,24,30,54,24,30,27,11,16,13,3,10,6,1,5,0,0,0,0,0,0,29,29,12,9,5,3,0,0,0,17,16,1,0,22,0,12,3
492805082,1,,492805091;492805093,25,14,11,6,5,1,25,12,13,14,8,6,25,12,13,25,12,13,11,4,7,6,2,4,2,0,2,0,0,0,0,0,0,8,8,6,3,3,1,0,1,0,8,8,0,1,9,0,4,1
492805083,0,,,81,40,41,9,6,3,72,34,38,49,22,27,69,34,35,68,33,35,23,12,11,12,6,6,5,2,3,0,0,0,0,0,0,39,39,15,14,4,4,2,0,0,24,21,3,2,17,1,7,6
492805084,0,,,17,8,9,4,1,3,13,7,6,7,3,4,12,6,6,12,6,6,6,4,2,3,1,2,1,1,0,0,0,0,0,0,0,9,9,5,2,1,0,1,0,0,4,4,0,1,5,0,4,1
492805091,2,492805082,,1,0,1,*,*,*,*,*,*,*,*,*,*,*,*,*,*,*,*,*,*,*,*,*,*,*,*,*,*,*,*,*,*,1,1,*,*,*,*,*,*,*,*,*,*,*,*,*,*,*
492805093,2,492805082,,5,3,2,*,*,*,*,*,*,*,*,*,*,*,*,*,*,*,*,*,*,*,*,*,*,*,*,*,*,*,*,*,*,5,5,*,*,*,*,*,*,*,*,*,*,*,*,*,*,*
492805121,2,492805122,,3,2,1,*,*,*,*,*,*,*,*,*,*,*,*,*,*,*,*,*,*,*,*,*,*,*,*,*,*,*,*,*,*,1,1,*,*,*,*,*,*,*,*,*,*,*,*,*,*,*
492805122,1,,492805121;492805124,27,14,13,0,0,0,39,19,20,16,10,6,38,19,19,38,19,19,23,9,14,16,7,9,5,2,3,0,0,0,0,0,0,18,18,12,9,3,0,0,0,0,12,11,1,0,19,0,11,3
492805124,2,492805122,,9,3,6,*,*,*,*,*,*,*,*,*,*,*,*,*,*,*,*,*,*,*,*,*,*,*,*,*,*,*,*,*,*,5,5,*,*,*,*,*,*,*,*,*,*,*,*,*,*,*
492805181,0,,,20,11,9,6,4,2,14,7,7,10,6,4,14,7,7,14,7,7,4,1,3,2,0,2,2,0,2,0,0,0,0,0,0,8,8,3,2,1,0,2,0,0,5,5,0,0,3,0,1,0
492805182,2,492805183,,9,5,4,*,*,*,*,*,*,*,*,*,*,*,*,*,*,*,*,*,*,*,*,*,*,*,*,*,*,*,*,*,*,5,5,*,*,*,*,*,*,*,*,*,*,*,*,*,*,*
492805183,1,,492805182,34,17,17,6,3,3,37,19,18,16,10,6,36,18,18,36,18,18,21,9,12,9,5,4,4,2,2,0,0,0,0,0,0,15,15,8,5,4,2,1,0,0,11,9,2,1,13,0,4,2
492805184,0,,,11,6,5,0,0,0,11,6,5,7,4,3,10,5,5,10,5,5,4,2,2,2,1,1,1,1,0,0,0,0,0,0,0,4,4,0,2,1,1,0,0,0,4,3,1,0,2,0,0,1
492805191,1,,492805193,37,16,21,3,1,2,35,15,20,8,5,3,34,14,20,34,14,20,27,10,17,22,8,14,14,4,10,2,1,1,0,0,0,12,10,4,5,1,0,1,0,0,7,6,1,1,7,0,3,4
492805193,2,492805191,,1,0,1,*,*,*,*,*,*,*,*,*,*,*,*,*,*,*,*,*,*,*,*,*,*,*,*,*,*,*,*,*,*,1,1,*,*,*,*,*,*,*,*,*,*,*,*,*,*,*
492805274,0,,,12,5,7,1,0,1,11,5,6,9,4,5,9,4,5,8,4,4,2,1,1,0,0,0,0,0,0,0,0,0,0,0,0,4,4,0,2,1,0,1,0,0,4,4,0,0,1,0,0,1
492805281,1,,492805283,8,4,4,0,0,0,10,5,5,5,2,3,10,5,5,10,5,5,5,3,2,0,0,0,0,0,0,0,0,0,0,0,0,4,4,0,5,0,0,0,0,0,5,5,0,0,3,0,0,3
492805282,0,,,96,49,47,20,14,6,76,35,41,40,20,20,76,35,41,76,35,41,36,15,21,25,10,15,7,2,5,0,0,0,0,0,0,41,41,11,19,4,3,3,0,1,30,27,3,6,25,0,9,10
492805283,2,492805281,,2,1,1,*,*,*,*,*,*,*,*,*,*,*,*,*,*,*,*,*,*,*,*,*,*,*,*,*,*,*,*,*,*,1,1,*,*,*,*,*,*,*,*,*,*,*,*,*,*,*
492805284,0,,,94,41,53,4,1,3,90,40,50,54,26,28,87,40,47,86,39,47,36,14,22,21,5,16,8,3,5,0,0,0,0,0,0,46,46,16,17,10,2,0,1,0,30,28,2,1,26,0,12,5
492805291,0,,,23,8,15,1,0,1,22,8,14,16,6,10,22,8,14,22,8,14,6,2,4,4,0,4,3,0,3,0,0,0,0,0,0,13,13,5,7,0,1,0,0,0,8,8,0,0,6,0,3,2
492805293,0,,,30,14,16,2,1,1,28,13,15,11,4,7,28,13,15,28,13,15,17,9,8,9,5,4,4,2,2,0,0,0,1,0,1,18,18,8,9,0,1,0,0,0,10,10,0,1,13,0,5,6
492805372,1,,492805373,20,10,10,0,0,0,22,11,11,12,6,6,22,11,11,22,11,11,10,5,5,3,2,1,2,1,1,0,0,0,0,0,0,9,9,1,6,3,0,0,0,0,9,7,2,0,7,0,1,2
492805373,2,492805372,,2,1,1,*,*,*,*,*,*,*,*,*,*,*,*,*,*,*,*,*,*,*,*,*,*,*,*,*,*,*,*,*,*,1,1,*,*,*,*,*,*,*,*,*,*,*,*,*,*,*
492805374,0,,,74,27,47,2,0,2,72,27,45,38,16,22,69,26,43,68,25,43,34,11,23,26,7,19,6,2,4,0,0,0,0,0,0,31,30,11,11,4,1,2,1,0,19,16,3,1,19,0,8,6
492805382,0,,,20,12,8,6,5,1,14,7,7,8,5,3,14,7,7,14,7,7,6,2,4,3,1,2,1,0,1,0,0,0,0,0,0,6,6,2,0,2,0,1,0,1,4,4,0,1,4,0,2,0
492805383,2,492805384,,3,0,3,*,*,*,*,*,*,*,*,*,*,*,*,*,*,*,*,*,*,*,*,*,*,*,*,*,*,*,*,*,*,2,2,*,*,*,*,*,*,*,*,*,*,*,*,*,*,*
492805384,1,,492805383,15,6,9,1,1,0,17,5,12,6,1,5,17,5,12,17,5,12,11,4,7,7,1,6,4,0,4,0,0,0,0,0,0,9,9,5,5,1,0,0,0,0,6,5,1,0,9,0,4,1
492805391,1,,492805393,14,7,7,5,2,3,10,5,5,5,2,3,10,5,5,10,5,5,5,3,2,1,1,0,0,0,0,0,0,0,1,0,1,5,5,2,2,1,0,0,1,0,4,4,0,1,3,1,1,2
492805393,2,492805391,,1,0,1,*,*,*,*,*,*,*,*,*,*,*,*,*,*,*,*,*,*,*,*,*,*,*,*,*,*,*,*,*,*,1,1,*,*,*,*,*,*,*,*,*,*,*,*,*,*,*
492805421,2,492805422,,8,5,3,*,*,*,*,*,*,*,*,*,*,*,*,*,*,*,*,*,*,*,*,*,*,*,*,*,*,*,*,*,*,4,4,*,*,*,*,*,*,*,*,*,*,*,*,*,*,*
492805422,1,,492805421;492805424,4,2,2,2,1,1,14,8,6,6,3,3,14,8,6,14,8,6,8,5,3,4,2,2,3,1,2,0,0,0,0,0,0,3,3,5,2,1,1,0,0,0,4,4,0,1,6,0,4,2
492805424,2,492805422,,4,2,2,*,*,*,*,*,*,*,*,*,*,*,*,*,*,*,*,*,*,*,*,*,*,*,*,*,*,*,*,*,*,2,2,*,*,*,*,*,*,*,*,*,*,*,*,*,*,*
492805472,0,,,69,34,35,9,3,6,60,31,29,31,17,14,57,29,28,57,29,28,29,14,15,15,7,8,5,3,2,0,0,0,0,0,0,32,32,8,17,3,3,0,1,0,24,21,3,0,20,0,6,10
492805481,2,492805484,,2,1,1,*,*,*,*,*,*,*,*,*,*,*,*,*,*,*,*,*,*,*,*,*,*,*,*,*,*,*,*,*,*,1,1,*,*,*,*,*,*,*,*,*,*,*,*,*,*,*
492805482,0,,,13,9,4,0,0,0,13,9,4,9,6,3,12,8,4,11,8,3,4,3,1,0,0,0,0,0,0,0,0,0,0,0,0,6,6,2,2,1,1,0,0,0,4,4,0,0,3,0,1,1
492805484,1,,492805481,86,43,43,7,5,2,81,39,42,41,16,25,80,39,41,80,39,41,40,23,17,17,8,9,6,3,3,0,0,0,0,0,0,43,43,17,17,4,5,1,0,0,27,24,3,2,30,0,13,8
492805523,2,492805524,,6,3,3,*,*,*,*,*,*,*,*,*,*,*,*,*,*,*,*,*,*,*,*,*,*,*,*,*,*,*,*,*,*,3,3,*,*,*,*,*,*,*,*,*,*,*,*,*,*,*
492805524,1,,492805523,11,5,6,0,0,0,17,8,9,6,3,3,17,8,9,17,8,9,11,5,6,4,2,2,1,1,0,0,0,0,0,0,0,7,7,4,5,1,0,0,0,0,6,6,0,0,7,0,3,3
492805582,0,,,20,11,9,3,2,1,17,9,8,7,4,3,16,8,8,16,8,8,10,5,5,4,2,2,3,1,2,0,0,0,0,0,0,8,8,2,3,2,0,0,1,0,6,5,1,1,6,0,1,2
492805593,0,,,25,12,13,0,0,0,25,12,13,15,8,7,25,12,13,25,12,13,10,4,6,6,2,4,3,1,2,0,0,0,0,0,0,13,13,4,6,3,0,0,0,0,9,8,1,0,6,0,2,3
492805622,1,,492805631;492805633;492805634,50,22,28,4,0,4,54,26,28,20,9,11,53,25,28,52,25,27,34,17,17,19,8,11,7,2,5,1,0,1,0,0,0,24,24,11,9,3,2,1,0,1,16,15,1,1,22,0,9,9
492805624,0,,,11,5,6,0,0,0,11,5,6,6,4,2,11,5,6,11,5,6,5,1,4,3,1,2,0,0,0,0,0,0,0,0,0,5,5,1,3,0,1,0,0,0,3,1,2,0,4,0,1,0
492805631,2,492805622,,1,1,0,*,*,*,*,*,*,*,*,*,*,*,*,*,*,*,*,*,*,*,*,*,*,*,*,*,*,*,*,*,*,1,1,*,*,*,*,*,*,*,*,*,*,*,*,*,*,*
492805633,2,492805622,,2,1,1,*,*,*,*,*,*,*,*,*,*,*,*,*,*,*,*,*,*,*,*,*,*,*,*,*,*,*,*,*,*,1,1,*,*,*,*,*,*,*,*,*,*,*,*,*,*,*
492805634,2,492805622,,5,2,3,*,*,*,*,*,*,*,*,*,*,*,*,*,*,*,*,*,*,*,*,*,*,*,*,*,*,*,*,*,*,1,1,*,*,*,*,*,*,*,*,*,*,*,*,*,*,*
492805683,2,492805684,,3,2,1,*,*,*,*,*,*,*,*,*,*,*,*,*,*,*,*,*,*,*,*,*,*,*,*,*,*,*,*,*,*,1,1,*,*,*,*,*,*,*,*,*,*,*,*,*,*,*
492805684,1,,492805683,15,9,6,3,2,1,15,9,6,11,6,5,15,9,6,15,9,6,4,3,1,3,3,0,0,0,0,0,0,0,0,0,0,7,7,2,4,1,0,1,0,0,6,6,0,1,3,0,2,0
492805693,0,,,25,13,12,3,3,0,22,10,12,9,5,4,22,10,12,22,10,12,13,5,8,7,2,5,7,2,5,2,0,2,0,0,0,14,14,8,3,2,0,1,0,0,6,6,0,1,10,0,6,2
492805722,2,492805731,,5,2,3,*,*,*,*,*,*,*,*,*,*,*,*,*,*,*,*,*,*,*,*,*,*,*,*,*,*,*,*,*,*,4,4,*,*,*,*,*,*,*,*,*,*,*,*,*,*,*
492805731,1,,492805722,16,8,8,0,0,0,21,10,11,7,3,4,21,10,11,21,10,11,14,7,7,11,5,6,1,0,1,0,0,0,0,0,0,9,9,7,4,2,0,0,0,0,6,6,0,0,11,0,6,3
492805733,1,,492805734;492805743,11,6,5,0,0,0,16,10,6,5,4,1,16,10,6,16,10,6,11,6,5,3,0,3,1,0,1,0,0,0,0,0,0,7,7,7,3,1,0,0,0,0,4,4,0,0,8,0,4,2
492805734,2,492805733,,3,3,0,*,*,*,*,*,*,*,*,*,*,*,*,*,*,*,*,*,*,*,*,*,*,*,*,*,*,*,*,*,*,3,3,*,*,*,*,*,*,*,*,*,*,*,*,*,*,*
492805743,2,492805733,,2,1,1,*,*,*,*,*,*,*,*,*,*,*,*,*,*,*,*,*,*,*,*,*,*,*,*,*,*,*,*,*,*,1,1,*,*,*,*,*,*,*,*,*,*,*,*,*,*,*
492805771,2,492805773,,2,1,1,*,*,*,*,*,*,*,*,*,*,*,*,*,*,*,*,*,*,*,*,*,*,*,*,*,*,*,*,*,*,1,1,*,*,*,*,*,*,*,*,*,*,*,*,*,*,*
492805772,0,,,18,9,9,3,2,1,15,7,8,10,5,5,15,7,8,15,7,8,5,2,3,3,0,3,2,0,2,0,0,0,0,0,0,7,7,1,3,2,0,1,0,0,6,5,1,1,4,0,1,1
492805773,1,,492805771,114,56,58,18,11,7,98,46,52,60,34,26,95,44,51,93,44,49,38,12,26,23,5,18,6,0,6,0,0,0,0,0,0,46,46,13,19,3,5,6,1,0,34,32,2,1,28,0,12,7
492805774,0,,,33,15,18,4,3,1,29,12,17,17,9,8,28,11,17,28,11,17,12,3,9,10,2,8,3,0,3,1,0,1,0,0,0,16,16,5,8,1,1,1,0,0,11,10,1,1,9,0,5,2
492805781,1,,492805783,102,45,57,14,6,8,94,42,52,56,26,30,91,42,49,88,42,46,38,16,22,15,5,10,8,2,6,0,0,0,0,0,0,47,47,16,23,7,1,3,1,0,35,34,1,3,27,1,11,8
492805783,2,492805781,,6,3,3,*,*,*,*,*,*,*,*,*,*,*,*,*,*,*,*,*,*,*,*,*,*,*,*,*,*,*,*,*,*,4,4,*,*,*,*,*,*,*,*,*,*,*,*,*,*,*
492805791,0,,,23,9,14,1,1,0,22,8,14,10,3,7,21,8,13,21,8,13,12,5,7,4,1,3,3,1,2,0,0,0,0,0,0,12,12,4,6,1,1,0,0,0,8,8,0,0,9,0,4,3
492805792,0,,,25,11,14,0,0,0,25,11,14,16,8,8,24,10,14,24,10,14,9,3,6,3,1,2,0,0,0,0,0,0,0,0,0,13,13,4,7,1,1,0,0,0,9,8,1,0,6,0,2,2
492805793,0,,,15,7,8,1,1,0,14,6,8,12,6,6,12,5,7,12,5,7,2,0,2,2,0,2,1,0,1,0,0,0,0,0,0,7,7,3,2,1,0,1,0,0,4,4,0,0,2,0,1,0
492805794,0,,,47,22,25,3,0,3,44,22,22,20,10,10,42,21,21,42,21,21,24,12,12,12,4,8,6,2,4,0,0,0,0,0,0,21,21,8,8,2,1,0,1,1,13,11,2,0,16,0,5,6
492805821,1,,492805822,10,4,6,0,0,0,14,7,7,7,3,4,14,7,7,14,7,7,7,4,3,5,3,2,3,3,0,0,0,0,0,0,0,4,4,3,2,1,1,0,0,0,4,3,1,0,5,0,2,1
492805822,2,492805821,,4,3,1,*,*,*,*,*,*,*,*,*,*,*,*,*,*,*,*,*,*,*,*,*,*,*,*,*,*,*,*,*,*,3,3,*,*,*,*,*,*,*,*,*,*,*,*,*,*,*
492805823,0,,,19,9,10,0,0,0,19,9,10,7,4,3,19,9,10,19,9,10,12,5,7,7,3,4,1,0,1,0,0,0,0,0,0,12,12,6,5,1,0,0,0,0,6,6,0,0,11,0,6,2
492805824,1,,492805833;492805834,56,30,26,1,0,1,59,32,27,19,11,8,58,31,27,58,31,27,40,21,19,27,13,14,11,5,6,1,0,1,0,0,0,28,28,7,18,4,0,1,0,0,23,20,3,0,27,0,7,11
492805833,2,492805824,,2,1,1,*,*,*,*,*,*,*,*,*,*,*,*,*,*,*,*,*,*,*,*,*,*,*,*,*,*,*,*,*,*,1,1,*,*,*,*,*,*,*,*,*,*,*,*,*,*,*
492805834,2,492805824,,2,1,1,*,*,*,*,*,*,*,*,*,*,*,*,*,*,*,*,*,*,*,*,*,*,*,*,*,*,*,*,*,*,1,1,*,*,*,*,*,*,*,*,*,*,*,*,*,*,*
492805841,2,492805843,,15,5,10,*,*,*,*,*,*,*,*,*,*,*,*,*,*,*,*,*,*,*,*,*,*,*,*,*,*,*,*,*,*,7,7,*,*,*,*,*,*,*,*,*,*,*,*,*,*,*
492805842,0,,,11,5,6,0,0,0,11,5,6,2,1,1,11,5,6,11,5,6,9,4,5,4,2,2,1,0,1,0,0,0,0,0,0,7,7,3,4,0,0,0,0,0,4,4,0,0,6,0,3,3
492805843,1,,492805841,13,7,6,4,2,2,24,10,14,13,5,8,23,9,14,23,9,14,11,5,6,5,1,4,2,0,2,1,0,1,0,0,0,6,6,3,8,0,1,1,0,0,10,10,0,1,7,0,1,3
492805844,0,,,81,40,41,9,5,4,72,35,37,34,18,16,69,33,36,68,33,35,38,17,21,18,7,11,6,1,5,0,0,0,0,0,0,36,36,7,21,3,3,1,1,0,29,27,2,2,25,0,5,12
492805853,0,,,113,56,57,15,7,8,98,49,49,51,29,22,96,49,47,96,49,47,47,20,27,25,8,17,8,2,6,0,0,0,0,0,0,54,54,20,22,6,2,1,3,0,33,31,2,5,33,0,14,11
492805864,1,,492805962,16,9,7,0,0,0,22,12,10,14,8,6,22,12,10,22,12,10,8,4,4,3,2,1,0,0,0,0,0,0,0,0,0,9,9,6,5,2,0,0,0,0,7,7,0,0,6,0,3,1
492805871,0,,,37,16,21,5,2,3,32,14,18,20,8,12,29,14,15,28,13,15,12,6,6,4,2,2,1,1,0,0,0,0,0,0,0,16,16,5,6,2,1,2,0,0,11,11,0,1,7,0,2,4
492805872,0,,,23,12,11,1,1,0,22,11,11,16,9,7,19,9,10,18,8,10,6,2,4,4,2,2,1,1,0,0,0,0,0,0,0,11,11,4,3,3,1,0,0,0,7,7,0,0,4,0,2,2
492805874,0,,,21,11,10,4,2,2,17,9,8,14,8,6,16,8,8,14,7,7,3,1,2,2,1,1,0,0,0,0,0,0,0,0,0,7,7,2,0,3,0,2,0,0,5,5,0,0,2,0,1,0
492805881,0,,,85,45,40,12,5,7,73,40,33,49,29,20,66,37,29,65,36,29,24,11,13,14,6,8,3,0,3,0,0,0,0,0,0,36,36,11,13,5,3,3,1,0,25,25,0,3,15,2,5,6
492805882,0,,,9,4,5,0,0,0,9,4,5,6,3,3,8,4,4,8,4,4,3,1,2,3,1,2,1,0,1,0,0,0,0,0,0,5,5,1,4,0,0,0,0,0,4,4,0,0,2,0,0,1
492805883,1,,492805972,8,4,4,0,0,0,11,5,6,1,1,0,11,5,6,11,5,6,10,4,6,7,3,4,5,3,2,1,1,0,0,0,0,5,5,3,4,0,0,0,0,0,4,3,1,0,6,0,2,3
492805884,0,,,36,20,16,3,2,1,33,18,15,19,10,9,33,18,15,33,18,15,14,8,6,8,6,2,3,2,1,0,0,0,0,0,0,17,17,7,5,2,2,1,0,0,10,9,1,0,10,0,4,3
492805891,2,492805892,,8,4,4,*,*,*,*,*,*,*,*,*,*,*,*,*,*,*,*,*,*,*,*,*,*,*,*,*,*,*,*,*,*,3,3,*,*,*,*,*,*,*,*,*,*,*,*,*,*,*
492805892,1,,492805891;492805894,36,14,22,4,1,3,46,20,26,27,14,13,43,19,24,40,16,24,19,6,13,8,2,6,4,1,3,0,0,0,0,0,0,17,17,6,8,4,4,0,0,0,15,15,0,1,13,0,4,3
492805894,2,492805892,,6,3,3,*,*,*,*,*,*,*,*,*,*,*,*,*,*,*,*,*,*,*,*,*,*,*,*,*,*,*,*,*,*,2,2,*,*,*,*,*,*,*,*,*,*,*,*,*,*,*
492805921,2,492805922,,7,3,4,*,*,*,*,*,*,*,*,*,*,*,*,*,*,*,*,*,*,*,*,*,*,*,*,*,*,*,*,*,*,4,4,*,*,*,*,*,*,*,*,*,*,*,*,*,*,*
492805922,1,,492805921;492805924,12,7,5,0,0,0,25,14,11,11,6,5,25,14,11,24,13,11,14,8,6,9,6,3,3,2,1,0,0,0,0,0,0,8,8,8,7,1,0,0,0,0,8,8,0,0,10,0,5,4
492805923,0,,,36,17,19,2,1,1,34,16,18,18,9,9,32,15,17,31,14,17,16,7,9,10,5,5,4,2,2,0,0,0,0,0,0,16,16,4,7,3,1,1,0,0,12,11,1,1,9,0,2,3
492805924,2,492805922,,6,4,2,*,*,*,*,*,*,*,*,*,*,*,*,*,*,*,*,*,*,*,*,*,*,*,*,*,*,*,*,*,*,4,4,*,*,*,*,*,*,*,*,*,*,*,*,*,*,*
492805942,0,,,167,83,84,37,15,22,130,68,62,88,48,40,128,68,60,127,67,60,42,20,22,19,9,10,5,1,4,2,0,2,0,0,0,74,74,26,25,9,9,2,3,0,48,46,2,12,27,0,9,14
492805944,0,,,13,7,6,1,0,1,12,7,5,7,4,3,10,5,5,10,5,5,5,3,2,1,0,1,0,0,0,0,0,0,0,0,0,8,8,4,3,1,0,0,0,0,3,3,0,0,3,1,1,1
492805951,1,,492805952,390,200,190,45,23,22,350,179,171,190,103,87,345,175,170,340,174,166,160,76,84,78,33,45,30,13,17,3,3,0,6,6,0,196,196,81,75,21,11,8,3,0,118,112,6,12,109,7,41,41
492805952,2,492805951,,6,3,3,*,*,*,*,*,*,*,*,*,*,*,*,*,*,*,*,*,*,*,*,*,*,*,*,*,*,*,*,*,*,3,3,*,*,*,*,*,*,*,*,*,*,*,*,*,*,*
492805953,0,,,280,126,154,13,6,7,267,120,147,112,52,60,263,117,146,263,117,146,155,68,87,93,34,59,41,11,30,6,2,4,0,0,0,125,123,50,49,17,4,2,1,0,72,67,5,5,78,0,31,26
492805954,0,,,192,85,107,17,4,13,175,81,94,104,50,54,164,72,92,160,68,92,71,31,40,40,14,26,10,5,5,0,0,0,2,2,0,91,91,27,42,12,7,1,2,0,64,60,4,2,50,1,17,21
492805962,2,492805864,,6,3,3,*,*,*,*,*,*,*,*,*,*,*,*,*,*,*,*,*,*,*,*,*,*,*,*,*,*,*,*,*,*,4,4,*,*,*,*,*,*,*,*,*,*,*,*,*,*,*
492805972,2,492805883,,3,1,2,*,*,*,*,*,*,*,*,*,*,*,*,*,*,*,*,*,*,*,*,*,*,*,*,*,*,*,*,*,*,2,2,*,*,*,*,*,*,*,*,*,*,*,*,*,*,*
492805982,1,,492805983;492805984,60,25,35,12,5,7,52,21,31,26,12,14,51,20,31,51,20,31,26,9,17,16,4,12,7,1,6,0,0,0,0,0,0,27,27,12,9,6,0,2,1,0,18,16,2,4,18,0,8,7
492805983,2,492805982,,1,0,1,*,*,*,*,*,*,*,*,*,*,*,*,*,*,*,*,*,*,*,*,*,*,*,*,*,*,*,*,*,*,1,1,*,*,*,*,*,*,*,*,*,*,*,*,*,*,*
492805984,2,492805982,,3,1,2,*,*,*,*,*,*,*,*,*,*,*,*,*,*,*,*,*,*,*,*,*,*,*,*,*,*,*,*,*,*,2,2,*,*,*,*,*,*,*,*,*,*,*,*,*,*,*
492805993,2,492805994,,3,2,1,*,*,*,*,*,*,*,*,*,*,*,*,*,*,*,*,*,*,*,*,*,*,*,*,*,*,*,*,*,*,1,1,*,*,*,*,*,*,*,*,*,*,*,*,*,*,*
492805994,1,,492805993,72,29,43,6,4,2,69,27,42,36,19,17,66,24,42,64,22,42,33,8,25,19,3,16,7,0,7,0,0,0,9,0,9,37,36,21,7,6,2,1,0,0,16,14,2,0,16,7,7,5
492806001,2,492806004,,2,1,1,*,*,*,*,*,*,*,*,*,*,*,*,*,*,*,*,*,*,*,*,*,*,*,*,*,*,*,*,*,*,1,1,*,*,*,*,*,*,*,*,*,*,*,*,*,*,*
492806003,2,492806004,,2,1,1,*,*,*,*,*,*,*,*,*,*,*,*,*,*,*,*,*,*,*,*,*,*,*,*,*,*,*,*,*,*,1,1,*,*,*,*,*,*,*,*,*,*,*,*,*,*,*
492806004,1,,492806001;492806003,15,7,8,2,1,1,17,8,9,8,5,3,16,7,9,16,7,9,9,3,6,4,2,2,0,0,0,0,0,0,0,0,0,6,6,2,5,0,0,0,0,1,6,5,1,0,6,0,2,3
492806041,0,,,12,6,6,2,1,1,10,5,5,4,2,2,10,5,5,10,5,5,6,3,3,1,0,1,1,0,1,0,0,0,0,0,0,6,6,2,3,0,1,0,0,0,4,4,0,1,4,0,2,1
492806042,0,,,43,20,23,3,1,2,40,19,21,25,12,13,38,19,19,36,18,18,15,7,8,9,4,5,5,2,3,0,0,0,0,0,0,22,22,11,6,2,2,0,1,0,11,9,2,0,11,0,3,3
492806043,0,,,40,17,23,1,0,1,39,17,22,19,8,11,37,16,21,36,16,20,20,9,11,11,5,6,3,2,1,1,1,0,0,0,0,21,21,6,11,4,0,0,0,0,14,14,0,0,14,1,5,4
492806044,0,,,47,20,27,6,3,3,41,17,24,25,10,15,40,17,23,39,16,23,16,7,9,10,4,6,4,2,2,0,0,0,0,0,0,20,20,3,10,5,1,1,0,0,17,17,0,1,10,0,3,6
492806051,2,492806052,,10,7,3,*,*,*,*,*,*,*,*,*,*,*,*,*,*,*,*,*,*,*,*,*,*,*,*,*,*,*,*,*,*,5,5,*,*,*,*,*,*,*,*,*,*,*,*,*,*,*
492806052,1,,492806051,138,59,79,16,6,10,132,60,72,75,37,38,128,58,70,126,57,69,57,23,34,32,12,20,13,2,11,1,0,1,0,0,0,68,68,30,29,4,6,2,1,1,43,41,2,2,41,6,17,12
492806053,0,,,41,18,23,3,1,2,38,17,21,17,9,8,37,16,21,37,16,21,21,8,13,10,3,7,4,1,3,0,0,0,0,0,0,21,21,6,12,1,2,0,0,0,15,15,0,1,14,0,6,7
492806054,0,,,92,39,53,9,3,6,83,36,47,51,25,26,83,36,47,83,36,47,32,11,21,14,4,10,4,1,3,0,0,0,0,0,0,45,45,17,15,9,2,2,0,0,28,26,2,1,25,0,9,4
492806062,2,492806073,,2,1,1,*,*,*,*,*,*,*,*,*,*,*,*,*,*,*,*,*,*,*,*,*,*,*,*,*,*,*,*,*,*,1,1,*,*,*,*,*,*,*,*,*,*,*,*,*,*,*
492806071,2,492806073,,2,1,1,*,*,*,*,*,*,*,*,*,*,*,*,*,*,*,*,*,*,*,*,*,*,*,*,*,*,*,*,*,*,1,1,*,*,*,*,*,*,*,*,*,*,*,*,*,*,*
492806073,1,,492806062;492806071,10,5,5,1,1,0,13,6,7,10,4,6,13,6,7,11,5,6,3,2,1,0,0,0,0,0,0,0,0,0,0,0,0,5,5,2,4,0,1,0,0,0,5,5,0,0,2,0,0,2
492806083,2,492806174,,4,3,1,*,*,*,*,*,*,*,*,*,*,*,*,*,*,*,*,*,*,*,*,*,*,*,*,*,*,*,*,*,*,1,1,*,*,*,*,*,*,*,*,*,*,*,*,*,*,*
492806092,2,492806094,,8,3,5,*,*,*,*,*,*,*,*,*,*,*,*,*,*,*,*,*,*,*,*,*,*,*,*,*,*,*,*,*,*,5,5,*,*,*,*,*,*,*,*,*,*,*,*,*,*,*
492806094,1,,492806092,27,13,14,4,4,0,31,12,19,10,5,5,31,12,19,31,12,19,21,7,14,9,3,6,3,0,3,1,0,1,1,1,0,13,13,6,9,1,2,0,0,0,12,12,0,0,15,0,6,6
492806112,2,492806114,,4,3,1,*,*,*,*,*,*,*,*,*,*,*,*,*,*,*,*,*,*,*,*,*,*,*,*,*,*,*,*,*,*,1,1,*,*,*,*,*,*,*,*,*,*,*,*,*,*,*
492806114,1,,492806112,7,3,4,1,1,0,10,5,5,6,3,3,9,4,5,9,4,5,4,2,2,2,1,1,0,0,0,0,0,0,0,0,0,4,4,2,1,1,1,0,0,0,3,3,0,0,3,0,2,1
492806132,2,492806134,,3,2,1,*,*,*,*,*,*,*,*,*,*,*,*,*,*,*,*,*,*,*,*,*,*,*,*,*,*,*,*,*,*,2,2,*,*,*,*,*,*,*,*,*,*,*,*,*,*,*
492806134,1,,492806132,7,3,4,1,1,0,9,4,5,5,2,3,9,4,5,9,4,5,4,2,2,2,1,1,1,1,0,0,0,0,0,0,0,3,3,2,2,0,1,0,0,0,3,2,1,0,3,0,1,1
492806141,0,,,19,9,10,1,0,1,18,9,9,8,3,5,18,9,9,18,9,9,10,6,4,0,0,0,0,0,0,0,0,0,0,0,0,10,10,3,5,2,0,0,0,0,7,7,0,1,7,0,2,4
492806142,0,,,23,10,13,2,0,2,21,10,11,11,5,6,21,10,11,21,10,11,10,5,5,5,2,3,0,0,0,0,0,0,0,0,0,11,11,2,6,3,0,0,0,0,9,8,1,0,7,0,2,4
492806144,0,,,66,33,33,5,2,3,61,31,30,35,18,17,58,30,28,58,30,28,26,13,13,7,3,4,2,1,1,0,0,0,0,0,0,28,28,5,13,6,3,1,0,0,23,22,1,2,17,0,3,7
492806151,0,,,20,10,10,2,2,0,18,8,10,12,5,7,18,8,10,17,8,9,6,3,3,3,1,2,1,0,1,1,0,1,0,0,0,7,7,2,1,0,4,0,0,0,5,4,1,0,3,0,0,1
492806152,0,,,148,63,85,9,3,6,139,60,79,70,35,35,136,58,78,135,57,78,69,25,44,42,14,28,22,6,16,1,0,1,0,0,0,68,67,24,28,6,5,3,1,0,43,40,3,0,44,0,14,16
492806153,0,,,93,39,54,21,9,12,72,30,42,60,27,33,69,29,40,67,28,39,12,3,9,4,1,3,2,0,2,0,0,0,0,0,0,39,39,8,16,9,5,0,1,0,31,30,1,8,9,1,3,2
492806154,0,,,55,26,29,1,0,1,54,26,28,18,10,8,54,26,28,54,26,28,36,16,20,16,6,10,5,2,3,1,0,1,0,0,0,32,32,11,19,2,0,0,0,0,21,20,1,1,26,0,11,8
492806161,0,,,14,7,7,0,0,0,14,7,7,7,4,3,14,7,7,14,7,7,7,3,4,5,2,3,3,2,1,0,0,0,0,0,0,8,8,3,4,1,0,0,0,0,5,5,0,0,5,0,2,1
492806163,0,,,30,15,15,0,0,0,30,15,15,16,9,7,29,14,15,29,14,15,14,6,8,6,2,4,2,1,1,0,0,0,0,0,0,16,16,7,6,1,2,0,0,0,9,9,0,0,10,0,5,3
492806164,0,,,85,44,41,19,14,5,66,30,36,53,26,27,62,29,33,62,29,33,13,4,9,2,1,1,1,0,1,0,0,0,0,0,0,29,29,2,9,10,5,3,0,0,27,27,0,5,8,0,1,4
492806172,2,492806174,,1,0,1,*,*,*,*,*,*,*,*,*,*,*,*,*,*,*,*,*,*,*,*,*,*,*,*,*,*,*,*,*,*,1,1,*,*,*,*,*,*,*,*,*,*,*,*,*,*,*
492806173,0,,,93,40,53,18,7,11,75,33,42,59,28,31,71,31,40,70,31,39,16,5,11,7,2,5,4,1,3,1,1,0,0,0,0,44,44,19,11,7,4,3,0,0,24,23,1,4,12,1,6,2
492806174,1,,492806083;492806172,273,135,138,42,24,18,235,114,121,165,85,80,227,107,120,222,105,117,70,29,41,41,15,26,16,3,13,2,0,2,0,0,0,112,110,30,39,24,12,6,1,0,82,76,6,12,42,3,14,12
492806181,2,492806183,,8,4,4,*,*,*,*,*,*,*,*,*,*,*,*,*,*,*,*,*,*,*,*,*,*,*,*,*,*,*,*,*,*,3,3,*,*,*,*,*,*,*,*,*,*,*,*,*,*,*
492806183,1,,492806181;492806184,84,39,45,14,8,6,85,38,47,65,30,35,80,36,44,80,36,44,20,8,12,6,2,4,4,1,3,0,0,0,0,0,0,33,33,8,10,13,3,4,0,0,30,27,3,2,14,0,4,2
492806184,2,492806183,,7,3,4,*,*,*,*,*,*,*,*,*,*,*,*,*,*,*,*,*,*,*,*,*,*,*,*,*,*,*,*,*,*,2,2,*,*,*,*,*,*,*,*,*,*,*,*,*,*,*
492806191,2,492806192,,6,2,4,*,*,*,*,*,*,*,*,*,*,*,*,*,*,*,*,*,*,*,*,*,*,*,*,*,*,*,*,*,*,2,2,*,*,*,*,*,*,*,*,*,*,*,*,*,*,*
492806192,1,,492806191;492806194,101,45,56,4,1,3,105,47,58,37,21,16,104,46,58,103,45,58,68,26,42,36,13,23,13,3,10,0,0,0,0,0,0,59,59,28,29,3,1,2,0,0,35,33,2,1,51,1,24,15
492806194,2,492806192,,2,1,1,*,*,*,*,*,*,*,*,*,*,*,*,*,*,*,*,*,*,*,*,*,*,*,*,*,*,*,*,*,*,2,2,*,*,*,*,*,*,*,*,*,*,*,*,*,*,*
492806212,0,,,22,9,13,0,0,0,22,9,13,7,2,5,21,8,13,21,8,13,15,7,8,8,3,5,2,1,1,0,0,0,0,0,0,12,12,5,4,3,0,0,0,0,7,7,0,0,10,0,4,3
492806214,1,,492806223;492806224;492806312;492806323,19,10,9,6,3,3,24,13,11,11,8,3,23,12,11,23,12,11,13,5,8,7,2,5,1,0,1,0,0,0,0,0,0,7,7,5,6,1,1,0,1,0,9,7,2,0,8,1,3,3
492806223,2,492806214,,3,2,1,*,*,*,*,*,*,*,*,*,*,*,*,*,*,*,*,*,*,*,*,*,*,*,*,*,*,*,*,*,*,2,2,*,*,*,*,*,*,*,*,*,*,*,*,*,*,*
492806224,2,492806214,,1,0,1,*,*,*,*,*,*,*,*,*,*,*,*,*,*,*,*,*,*,*,*,*,*,*,*,*,*,*,*,*,*,1,1,*,*,*,*,*,*,*,*,*,*,*,*,*,*,*
492806232,0,,,43,25,18,9,6,3,34,19,15,27,15,12,31,18,13,31,18,13,7,4,3,2,0,2,1,0,1,0,0,0,0,0,0,15,15,2,6,4,0,1,2,0,11,10,1,2,5,0,2,1
492806241,0,,,173,85,88,5,3,2,168,82,86,103,53,50,166,80,86,165,79,86,65,29,36,33,10,23,13,2,11,1,0,1,0,0,0,37,34,9,17,6,1,1,0,0,25,25,0,2,17,0,8,5
492806242,0,,,71,31,40,5,2,3,66,29,37,24,11,13,66,29,37,65,28,37,42,18,24,24,8,16,14,5,9,3,1,2,0,0,0,26,24,6,11,4,2,1,0,0,18,17,1,1,16,0,4,7
492806243,0,,,46,25,21,1,1,0,45,24,21,26,14,12,44,24,20,44,24,20,19,10,9,7,4,3,2,1,1,0,0,0,0,0,0,23,23,6,12,4,1,0,0,0,17,17,0,0,12,0,3,6
492806244,0,,,225,106,119,44,17,27,181,89,92,124,62,62,176,86,90,175,85,90,57,27,30,22,11,11,8,1,7,1,0,1,2,0,2,96,96,28,35,15,10,7,0,1,68,65,3,18,41,4,14,16
492806251,0,,,90,46,44,12,6,6,78,40,38,68,34,34,77,40,37,74,38,36,10,6,4,4,2,2,3,2,1,0,0,0,0,0,0,48,48,24,13,6,3,2,0,0,24,23,1,5,8,9,4,2
492806252,0,,,227,114,113,32,15,17,195,99,96,128,67,61,192,98,94,191,98,93,67,32,35,20,8,12,5,2,3,1,0,1,0,0,0,102,101,30,36,20,11,4,0,0,70,65,5,10,47,2,17,13
492806253,0,,,284,109,175,37,18,19,245,89,156,109,54,55,240,88,152,239,88,151,136,35,101,112,25,87,83,13,70,12,1,11,0,0,0,73,70,22,24,8,11,4,1,0,48,44,4,13,24,2,10,7
492806254,0,,,366,155,211,43,18,25,316,133,183,218,96,122,306,130,176,302,129,173,98,37,61,43,12,31,9,1,8,0,0,0,0,0,0,184,183,72,68,24,13,6,0,0,110,106,4,13,68,7,26,25
492806261,0,,,27,13,14,8,4,4,19,9,10,13,7,6,18,9,9,18,9,9,6,2,4,4,2,2,2,1,1,0,0,0,0,0,0,9,9,2,1,4,0,1,1,0,7,7,0,1,4,1,1,1
492806262,0,,,273,131,142,76,38,38,194,91,103,166,76,90,182,85,97,177,83,94,28,15,13,12,6,6,2,2,0,0,0,0,0,0,0,93,93,14,30,15,19,12,3,0,79,78,1,15,19,0,3,9
492806263,0,,,1055,490,565,121,47,74,930,440,490,594,297,297,906,429,477,898,426,472,336,143,193,171,64,107,52,18,34,5,2,3,1,0,1,510,509,192,194,66,40,14,2,1,313,297,16,33,219,34,73,82
492806264,0,,,366,169,197,48,24,24,317,144,173,195,90,105,313,142,171,300,138,162,122,54,68,47,17,30,14,5,9,1,0,1,16,6,10,162,160,53,56,34,11,3,3,0,105,98,7,15,81,1,26,22
492806271,0,,,156,80,76,23,14,9,133,66,67,113,54,59,122,61,61,120,59,61,20,12,8,3,2,1,1,1,0,0,0,0,0,0,0,62,62,13,20,16,11,1,1,0,49,48,1,10,15,1,6,6
492806272,0,,,532,248,284,65,36,29,461,208,253,268,120,148,452,205,247,449,204,245,193,88,105,104,40,64,35,10,25,4,0,4,1,1,0,253,251,96,92,32,20,9,1,1,154,138,16,18,123,13,45,36
492806273,0,,,626,304,322,113,59,54,512,245,267,356,178,178,490,234,256,482,227,255,156,67,89,72,26,46,28,6,22,3,0,3,2,1,1,272,270,90,92,46,22,14,5,1,178,170,8,33,101,3,36,34
492806274,1,,492806381,943,457,486,138,64,74,797,386,411,531,271,260,772,377,395,770,376,394,266,115,151,152,69,83,39,15,24,3,0,3,6,0,6,494,493,243,141,52,44,11,3,1,248,234,14,39,183,24,85,58
492806281,0,,,740,343,397,99,44,55,640,298,342,381,178,203,620,290,330,610,287,323,259,120,139,136,50,86,56,18,38,4,1,3,0,0,0,347,347,125,126,49,26,14,7,0,221,207,14,25,181,14,66,61
492806282,0,,,149,69,80,20,11,9,129,58,71,67,34,33,125,56,69,123,54,69,62,24,38,38,11,27,23,5,18,4,0,4,0,0,0,53,52,13,27,3,5,3,0,1,39,38,1,3,22,2,6,11
492806283,0,,,94,59,35,7,5,2,87,54,33,59,39,20,85,53,32,85,53,32,28,15,13,9,4,5,5,3,2,1,1,0,0,0,0,42,41,18,9,6,6,2,0,0,23,20,3,1,19,1,9,3
492806312,2,492806214,,1,1,0,*,*,*,*,*,*,*,*,*,*,*,*,*,*,*,*,*,*,*,*,*,*,*,*,*,*,*,*,*,*,1,1,*,*,*,*,*,*,*,*,*,*,*,*,*,*,*
492806323,2,492806214,,6,3,3,*,*,*,*,*,*,*,*,*,*,*,*,*,*,*,*,*,*,*,*,*,*,*,*,*,*,*,*,*,*,3,3,*,*,*,*,*,*,*,*,*,*,*,*,*,*,*
492806341,0,,,18,9,9,0,0,0,18,9,9,15,7,8,17,9,8,16,8,8,3,2,1,1,0,1,0,0,0,0,0,0,0,0,0,8,8,2,4,0,2,0,0,0,6,6,0,0,2,0,1,1
492806342,0,,,245,116,129,50,25,25,195,91,104,130,59,71,194,91,103,190,88,102,65,32,33,23,11,12,7,3,4,0,0,0,4,0,4,99,99,26,32,19,13,8,1,0,72,68,4,13,42,6,9,14
492806343,0,,,72,36,36,8,3,5,64,33,31,38,19,19,63,32,31,62,31,31,26,14,12,7,4,3,4,2,2,1,1,0,0,0,0,34,34,12,11,6,5,0,0,0,22,21,1,5,19,0,8,5
492806344,0,,,109,50,59,10,6,4,98,43,55,56,25,31,96,42,54,95,41,54,42,18,24,23,9,14,6,3,3,0,0,0,0,0,0,54,54,17,24,10,1,2,0,0,37,33,4,4,29,0,11,12
492806351,0,,,172,79,93,30,13,17,142,66,76,107,52,55,141,65,76,141,65,76,35,14,21,19,7,12,7,3,4,0,0,0,0,0,0,80,80,27,28,15,6,4,0,0,53,50,3,11,27,3,11,7
492806352,0,,,141,66,75,20,10,10,121,56,65,79,34,45,116,54,62,116,54,62,42,22,20,18,9,9,4,2,2,1,1,0,1,1,0,65,65,21,25,10,6,2,1,0,44,43,1,6,29,1,9,13
492806353,0,,,122,59,63,18,13,5,104,46,58,70,32,38,97,43,54,96,42,54,34,14,20,17,8,9,4,1,3,0,0,0,0,0,0,54,54,15,19,12,7,1,0,0,39,36,3,9,22,1,7,9
492806354,0,,,181,69,112,9,5,4,172,64,108,47,21,26,171,63,108,171,63,108,125,43,82,91,28,63,57,15,42,10,2,8,1,0,1,42,38,6,24,4,3,0,1,0,32,31,1,3,18,1,1,10
492806361,0,,,874,402,472,125,63,62,747,339,408,504,244,260,718,322,396,704,315,389,243,95,148,109,41,68,35,14,21,5,1,4,2,1,1,451,451,210,132,54,42,9,3,1,240,228,12,31,176,20,82,49
492806362,0,,,1158,548,610,160,82,78,990,460,530,654,327,327,957,445,512,947,441,506,336,133,203,178,66,112,71,21,50,4,0,4,2,2,0,571,569,241,185,76,47,19,1,0,324,299,25,50,212,36,82,75
492806363,0,,,291,132,159,60,26,34,231,106,125,147,72,75,223,100,123,221,100,121,84,34,50,44,15,29,23,8,15,1,1,0,0,0,0,112,110,27,38,17,18,10,0,0,82,77,5,12,48,0,17,16
492806364,0,,,837,398,439,96,58,38,738,338,400,472,227,245,696,317,379,689,314,375,266,111,155,160,56,104,45,19,26,0,0,0,3,2,1,399,399,151,132,60,44,8,3,1,247,235,12,20,200,9,91,56
492806371,0,,,678,311,367,87,40,47,588,268,320,345,172,173,577,263,314,573,261,312,243,96,147,138,46,92,34,10,24,2,0,2,2,1,1,349,346,141,132,41,19,10,2,1,201,182,19,20,173,9,56,65
492806372,0,,,574,286,288,60,31,29,512,254,258,327,176,151,469,231,238,458,225,233,185,78,107,99,32,67,24,6,18,3,1,2,4,2,2,281,279,130,95,30,12,7,4,1,147,139,8,22,129,15,54,43
492806373,0,,,872,396,476,81,39,42,784,353,431,422,206,216,768,344,424,763,340,423,362,147,215,201,68,133,93,26,67,9,2,7,3,2,1,455,454,220,152,43,24,9,6,0,233,219,14,24,234,12,100,76
492806374,0,,,679,309,370,46,23,23,628,282,346,328,163,165,611,274,337,606,269,337,300,119,181,155,57,98,42,10,32,1,0,1,2,2,0,376,375,191,105,49,24,5,1,0,178,158,20,10,231,5,120,45
492806381,2,492806274,,4,2,2,*,*,*,*,*,*,*,*,*,*,*,*,*,*,*,*,*,*,*,*,*,*,*,*,*,*,*,*,*,*,2,2,*,*,*,*,*,*,*,*,*,*,*,*,*,*,*
492806422,2,492806521,,2,1,1,*,*,*,*,*,*,*,*,*,*,*,*,*,*,*,*,*,*,*,*,*,*,*,*,*,*,*,*,*,*,1,1,*,*,*,*,*,*,*,*,*,*,*,*,*,*,*
492806424,2,492806521,,5,2,3,*,*,*,*,*,*,*,*,*,*,*,*,*,*,*,*,*,*,*,*,*,*,*,*,*,*,*,*,*,*,4,4,*,*,*,*,*,*,*,*,*,*,*,*,*,*,*
492806432,0,,,38,17,21,6,1,5,32,16,16,17,8,9,32,16,16,32,16,16,15,8,7,7,3,4,1,0,1,0,0,0,0,0,0,18,18,5,10,1,1,0,1,0,13,11,2,2,11,0,2,5
492806441,0,,,24,12,12,4,2,2,20,10,10,15,9,6,18,8,10,18,8,10,5,1,4,1,0,1,1,0,1,0,0,0,0,0,0,12,12,6,2,2,2,0,0,0,5,5,0,2,5,0,4,0
492806442,2,492806444,,3,2,1,*,*,*,*,*,*,*,*,*,*,*,*,*,*,*,*,*,*,*,*,*,*,*,*,*,*,*,*,*,*,2,2,*,*,*,*,*,*,*,*,*,*,*,*,*,*,*
492806443,0,,,23,12,11,3,2,1,20,10,10,13,7,6,19,9,10,19,9,10,7,3,4,4,1,3,2,0,2,0,0,0,0,0,0,10,10,3,4,1,1,1,0,0,7,4,3,1,4,0,1,2
492806444,1,,492806442,12,5,7,1,1,0,14,6,8,11,5,6,13,5,8,13,5,8,3,1,2,2,1,1,1,0,1,0,0,0,0,0,0,5,5,3,2,0,2,0,0,0,4,4,0,0,3,0,2,0
492806452,1,,492806454,14,7,7,2,1,1,13,6,7,5,2,3,13,6,7,13,6,7,8,4,4,2,1,1,1,0,1,0,0,0,0,0,0,6,6,3,2,1,0,1,0,0,4,3,1,1,6,0,2,2
492806454,2,492806452,,1,0,1,*,*,*,*,*,*,*,*,*,*,*,*,*,*,*,*,*,*,*,*,*,*,*,*,*,*,*,*,*,*,1,1,*,*,*,*,*,*,*,*,*,*,*,*,*,*,*
492806461,0,,,140,65,75,16,6,10,120,58,62,66,35,31,116,55,61,116,55,61,54,23,31,37,14,23,22,6,16,4,3,1,0,0,0,54,52,14,23,7,6,2,0,0,36,34,2,4,19,0,5,9
492806462,0,,,344,156,188,54,29,25,289,126,163,167,77,90,284,124,160,283,124,159,122,49,73,70,27,43,21,7,14,2,0,2,0,0,0,149,148,40,69,21,10,5,2,1,108,105,3,15,73,1,19,34
492806463,0,,,52,24,28,6,3,3,42,19,23,21,10,11,42,19,23,42,19,23,21,9,12,12,4,8,5,0,5,0,0,0,0,0,0,24,24,7,11,2,3,1,0,0,15,14,1,1,14,0,5,5
492806464,0,,,154,71,83,11,4,7,143,67,76,98,47,51,139,67,72,137,66,71,45,20,25,19,8,11,4,0,4,0,0,0,1,1,0,76,76,25,31,14,5,1,0,0,49,47,2,1,32,2,13,9
492806471,0,,,671,296,375,59,27,32,612,269,343,350,171,179,598,263,335,594,261,333,262,98,164,131,43,88,57,17,40,6,0,6,5,3,2,352,315,135,111,41,16,11,0,1,179,166,13,17,165,11,69,48
492806472,0,,,477,224,253,30,15,15,444,208,236,231,122,109,430,200,230,426,199,227,213,86,127,121,41,80,55,14,41,6,1,5,1,0,1,216,215,80,84,30,16,4,1,0,134,127,7,1,123,1,45,32
492806473,1,,492806562;492806564,489,202,287,68,34,34,428,171,257,242,115,127,417,167,250,414,165,249,186,56,130,119,24,95,78,15,63,13,2,11,2,0,2,174,173,50,62,35,17,11,0,1,126,115,11,17,79,3,30,20
492806474,0,,,54,26,28,3,1,2,51,25,26,22,14,8,51,25,26,51,25,26,29,11,18,12,4,8,1,1,0,0,0,0,0,0,0,31,31,15,9,7,0,0,0,0,15,15,0,1,22,0,11,2
492806521,1,,492806422;492806424;492806522;492806523,5,3,2,0,0,0,17,7,10,9,4,5,17,7,10,17,7,10,8,3,5,4,1,3,2,1,1,0,0,0,0,0,0,3,3,7,5,0,0,0,0,0,5,5,0,0,7,0,4,2
492806522,2,492806521,,2,0,2,*,*,*,*,*,*,*,*,*,*,*,*,*,*,*,*,*,*,*,*,*,*,*,*,*,*,*,*,*,*,2,2,*,*,*,*,*,*,*,*,*,*,*,*,*,*,*
492806523,2,492806521,,3,1,2,*,*,*,*,*,*,*,*,*,*,*,*,*,*,*,*,*,*,*,*,*,*,*,*,*,*,*,*,*,*,2,2,*,*,*,*,*,*,*,*,*,*,*,*,*,*,*
492806562,2,492806473,,4,2,2,*,*,*,*,*,*,*,*,*,*,*,*,*,*,*,*,*,*,*,*,*,*,*,*,*,*,*,*,*,*,2,2,*,*,*,*,*,*,*,*,*,*,*,*,*,*,*
492806564,2,492806473,,4,2,2,*,*,*,*,*,*,*,*,*,*,*,*,*,*,*,*,*,*,*,*,*,*,*,*,*,*,*,*,*,*,1,1,*,*,*,*,*,*,*,*,*,*,*,*,*,*,*
492806662,1,,492806664;492806673,23,12,11,1,1,0,37,17,20,21,13,8,34,16,18,33,15,18,16,4,12,8,2,6,0,0,0,0,0,0,0,0,0,10,10,8,8,2,2,0,0,0,12,10,2,0,12,0,4,2
492806664,2,492806662,,7,3,4,*,*,*,*,*,*,*,*,*,*,*,*,*,*,*,*,*,*,*,*,*,*,*,*,*,*,*,*,*,*,4,4,*,*,*,*,*,*,*,*,*,*,*,*,*,*,*
492806673,2,492806662,,8,3,5,*,*,*,*,*,*,*,*,*,*,*,*,*,*,*,*,*,*,*,*,*,*,*,*,*,*,*,*,*,*,6,6,*,*,*,*,*,*,*,*,*,*,*,*,*,*,*
492806713,2,492806812,,4,3,1,*,*,*,*,*,*,*,*,*,*,*,*,*,*,*,*,*,*,*,*,*,*,*,*,*,*,*,*,*,*,2,2,*,*,*,*,*,*,*,*,*,*,*,*,*,*,*
492806723,1,,492806724,16,9,7,2,1,1,17,10,7,11,7,4,16,9,7,16,9,7,6,3,3,4,2,2,1,0,1,0,0,0,0,0,0,9,9,6,4,0,0,1,0,0,5,5,0,1,4,0,2,2
492806724,2,492806723,,3,2,1,*,*,*,*,*,*,*,*,*,*,*,*,*,*,*,*,*,*,*,*,*,*,*,*,*,*,*,*,*,*,2,2,*,*,*,*,*,*,*,*,*,*,*,*,*,*,*
492806761,1,,492806762,36,14,22,3,1,2,39,15,24,16,6,10,38,15,23,38,15,23,23,9,14,11,3,8,4,1,3,0,0,0,0,0,0,19,19,7,8,5,1,0,0,0,14,11,3,1,16,0,6,5
492806762,2,492806761,,6,2,4,*,*,*,*,*,*,*,*,*,*,*,*,*,*,*,*,*,*,*,*,*,*,*,*,*,*,*,*,*,*,2,2,*,*,*,*,*,*,*,*,*,*,*,*,*,*,*
492806763,0,,,46,26,20,0,0,0,46,26,20,27,17,10,46,26,20,46,26,20,19,9,10,8,4,4,2,2,0,0,0,0,0,0,0,24,24,8,11,4,1,0,0,0,16,15,1,0,12,0,4,5
492806764,0,,,37,17,20,6,3,3,31,14,17,22,10,12,29,14,15,29,14,15,9,4,5,5,1,4,2,1,1,0,0,0,0,0,0,18,18,9,4,2,1,2,0,0,9,9,0,0,9,0,6,2
492806771,0,,,23,10,13,2,0,2,21,10,11,11,4,7,21,10,11,21,10,11,10,6,4,4,2,2,2,0,2,0,0,0,0,0,0,11,11,3,5,2,1,0,0,0,8,8,0,1,7,0,2,3
492806773,0,,,33,15,18,0,0,0,33,15,18,14,8,6,32,15,17,32,15,17,19,7,12,8,2,6,6,1,5,0,0,0,1,1,0,18,18,8,6,3,1,0,0,0,10,9,1,0,15,0,7,4
492806801,1,,492806802,23,12,11,2,0,2,27,14,13,19,11,8,27,14,13,27,14,13,8,3,5,5,1,4,5,1,4,0,0,0,0,0,0,12,12,6,5,3,1,0,0,0,9,8,1,1,7,0,5,1
492806802,2,492806801,,6,2,4,*,*,*,*,*,*,*,*,*,*,*,*,*,*,*,*,*,*,*,*,*,*,*,*,*,*,*,*,*,*,3,3,*,*,*,*,*,*,*,*,*,*,*,*,*,*,*
492806803,0,,,13,5,8,0,0,0,13,5,8,7,3,4,12,5,7,11,5,6,6,2,4,3,1,2,1,0,1,0,0,0,0,0,0,6,6,2,2,1,1,0,0,0,4,4,0,0,4,0,2,2
492806804,0,,,16,7,9,0,0,0,16,7,9,5,1,4,16,7,9,16,7,9,11,6,5,2,1,1,0,0,0,0,0,0,0,0,0,9,9,3,5,1,0,0,0,0,6,6,0,0,7,0,2,4
492806812,1,,492806713,13,6,7,1,1,0,16,8,8,7,4,3,16,8,8,16,8,8,9,4,5,7,3,4,3,3,0,1,1,0,0,0,0,6,6,3,2,2,1,0,0,0,5,4,1,0,6,0,3,2
492806821,0,,,17,9,8,2,1,1,15,8,7,8,5,3,15,8,7,15,8,7,7,3,4,6,3,3,0,0,0,0,0,0,0,0,0,7,7,1,4,0,2,0,0,0,6,6,0,1,4,0,1,3
492806854,0,,,51,24,27,3,2,1,48,22,26,28,13,15,46,21,25,45,20,25,20,9,11,10,3,7,3,2,1,1,0,1,0,0,0,23,23,6,10,4,2,1,0,0,17,16,1,0,13,0,5,3
492806861,0,,,62,29,33,5,3,2,57,26,31,32,16,16,56,26,30,55,25,30,25,10,15,16,5,11,4,1,3,0,0,0,0,0,0,23,22,3,10,6,2,0,0,1,19,18,1,1,13,0,3,4
492806862,0,,,60,31,29,20,10,10,40,21,19,33,17,16,26,14,12,25,13,12,7,4,3,6,3,3,2,1,1,0,0,0,0,0,0,13,12,2,5,2,3,0,0,0,10,8,2,2,6,0,1,1
492806863,0,,,138,55,83,30,19,11,105,36,69,37,15,22,105,36,69,105,36,69,68,21,47,46,12,34,36,9,27,7,1,6,0,0,0,41,36,7,13,7,5,3,0,1,28,27,1,5,18,0,7,5
492806864,0,,,26,9,17,0,0,0,25,8,17,18,5,13,25,8,17,25,8,17,7,3,4,3,1,2,3,1,2,0,0,0,0,0,0,16,16,10,5,0,0,0,1,0,5,4,1,0,6,0,2,1
492806871,2,492806873,,11,4,7,*,*,*,*,*,*,*,*,*,*,*,*,*,*,*,*,*,*,*,*,*,*,*,*,*,*,*,*,*,*,3,3,*,*,*,*,*,*,*,*,*,*,*,*,*,*,*
492806873,1,,492806871,6,3,3,4,1,3,13,6,7,9,4,5,13,6,7,13,6,7,4,2,2,2,1,1,0,0,0,0,0,0,0,0,0,5,5,4,2,0,1,1,0,0,4,3,1,1,3,0,2,1
492806901,0,,,58,22,36,0,0,0,58,22,36,4,3,1,58,22,36,58,22,36,54,19,35,48,16,32,33,8,25,5,0,5,0,0,0,4,0,0,0,0,0,0,0,0,0,0,0,0,0,0,0,0
492806904,0,,,97,44,53,13,8,5,84,36,48,53,23,30,80,35,45,79,34,45,31,13,18,14,6,8,1,0,1,0,0,0,0,0,0,46,46,17,16,6,5,2,0,0,29,27,2,4,25,0,13,7
492806913,0,,,13,6,7,3,1,2,10,5,5,7,3,4,10,5,5,10,5,5,3,2,1,0,0,0,0,0,0,0,0,0,0,0,0,5,5,0,4,0,0,1,0,0,5,5,0,0,2,0,0,2
492806944,2,492806952,,3,2,1,*,*,*,*,*,*,*,*,*,*,*,*,*,*,*,*,*,*,*,*,*,*,*,*,*,*,*,*,*,*,2,2,*,*,*,*,*,*,*,*,*,*,*,*,*,*,*
492806951,2,492806952,,1,1,0,*,*,*,*,*,*,*,*,*,*,*,*,*,*,*,*,*,*,*,*,*,*,*,*,*,*,*,*,*,*,1,1,*,*,*,*,*,*,*,*,*,*,*,*,*,*,*
492806952,1,,492806944;492806951,22,10,12,3,2,1,23,11,12,14,8,6,22,10,12,22,10,12,9,3,6,5,1,4,1,1,0,0,0,0,1,0,1,12,12,8,4,2,1,0,0,0,7,7,0,1,8,1,5,1
492806962,2,492806963,,8,3,5,*,*,*,*,*,*,*,*,*,*,*,*,*,*,*,*,*,*,*,*,*,*,*,*,*,*,*,*,*,*,7,7,*,*,*,*,*,*,*,*,*,*,*,*,*,*,*
492806963,1,,492806962,2,1,1,0,0,0,10,4,6,6,3,3,10,4,6,10,4,6,4,1,3,2,0,2,1,0,1,0,0,0,0,0,0,2,2,8,1,0,0,0,0,0,1,1,0,0,4,0,4,0
492806971,2,492806972,,7,3,4,*,*,*,*,*,*,*,*,*,*,*,*,*,*,*,*,*,*,*,*,*,*,*,*,*,*,*,*,*,*,3,3,*,*,*,*,*,*,*,*,*,*,*,*,*,*,*
492806972,1,,492806971,23,11,12,0,0,0,30,14,16,15,7,8,30,14,16,30,14,16,15,7,8,13,5,8,6,2,4,0,0,0,1,0,1,16,16,12,3,4,0,0,0,0,7,7,0,0,12,0,8,1
492806973,0,,,15,4,11,0,0,0,15,4,11,5,1,4,15,4,11,15,4,11,10,3,7,8,2,6,5,2,3,0,0,0,0,0,0,7,7,1,5,0,1,0,0,0,6,6,0,0,6,0,1,2
492806974,0,,,67,30,37,2,2,0,61,25,36,17,7,10,60,25,35,60,25,35,44,18,26,27,11,16,7,3,4,1,0,1,0,0,0,38,38,18,14,4,1,1,0,0,19,17,2,0,32,0,14,11
492807001,0,,,36,18,18,1,1,0,34,16,18,26,12,14,34,16,18,33,16,17,8,4,4,2,0,2,1,0,1,0,0,0,2,0,2,12,9,6,3,0,0,0,0,0,3,3,0,0,3,0,2,0
492807003,1,,492807101,25,11,14,1,1,0,29,12,17,13,6,7,29,12,17,28,11,17,16,6,10,7,4,3,1,0,1,0,0,0,0,0,0,11,11,3,8,2,0,1,0,0,11,9,2,0,8,0,0,4
492807101,2,492807003,,5,2,3,*,*,*,*,*,*,*,*,*,*,*,*,*,*,*,*,*,*,*,*,*,*,*,*,*,*,*,*,*,*,3,3,*,*,*,*,*,*,*,*,*,*,*,*,*,*,*
492815012,0,,,9,4,5,0,0,0,9,4,5,4,2,2,8,4,4,8,4,4,5,2,3,3,1,2,1,0,1,0,0,0,0,0,0,5,5,2,2,1,0,0,0,0,3,2,1,0,3,0,1,1
492815014,1,,492815112,29,13,16,4,3,1,33,14,19,20,10,10,30,13,17,29,12,17,13,4,9,5,0,5,1,0,1,0,0,0,0,0,0,14,14,5,8,2,0,2,0,0,12,11,1,0,9,0,2,4
492815021,2,492815023,,6,4,2,*,*,*,*,*,*,*,*,*,*,*,*,*,*,*,*,*,*,*,*,*,*,*,*,*,*,*,*,*,*,3,3,*,*,*,*,*,*,*,*,*,*,*,*,*,*,*
492815023,1,,492815021,13,7,6,0,0,0,19,11,8,10,5,5,19,11,8,19,11,8,9,6,3,7,4,3,4,2,2,0,0,0,0,0,0,7,7,3,6,0,1,0,0,0,7,7,0,0,8,0,2,2
492815042,2,492815053,,1,1,0,*,*,*,*,*,*,*,*,*,*,*,*,*,*,*,*,*,*,*,*,*,*,*,*,*,*,*,*,*,*,1,1,*,*,*,*,*,*,*,*,*,*,*,*,*,*,*
492815051,0,,,14,6,8,4,1,3,10,5,5,10,5,5,9,4,5,9,4,5,0,0,0,0,0,0,0,0,0,0,0,0,0,0,0,5,5,1,2,0,1,1,0,0,4,3,1,1,0,0,0,0
492815052,0,,,21,7,14,0,0,0,21,7,14,9,2,7,21,7,14,20,7,13,12,5,7,5,2,3,2,1,1,0,0,0,0,0,0,9,9,1,4,4,0,0,0,0,8,8,0,0,8,0,1,2
492815053,1,,492815042,12,6,6,0,0,0,13,7,6,6,3,3,12,6,6,12,6,6,7,4,3,6,3,3,4,3,1,0,0,0,0,0,0,7,7,3,5,0,0,0,0,0,5,5,0,0,5,0,2,2
492815054,0,,,61,29,32,0,0,0,61,29,32,32,16,16,59,29,30,59,29,30,29,13,16,15,4,11,6,1,5,0,0,0,0,0,0,35,35,15,14,6,0,0,0,0,20,16,4,0,23,0,11,8
492815092,0,,,59,25,34,4,1,3,55,24,31,35,15,20,53,23,30,53,23,30,20,9,11,13,5,8,5,2,3,0,0,0,10,1,9,34,34,20,10,0,2,1,1,0,14,12,2,0,15,6,6,4
492815094,0,,,19,9,10,0,0,0,19,9,10,11,5,6,19,9,10,19,9,10,8,4,4,1,0,1,0,0,0,0,0,0,1,1,0,10,10,2,7,1,0,0,0,0,8,7,1,0,5,1,1,3
492815112,2,492815014,,8,4,4,*,*,*,*,*,*,*,*,*,*,*,*,*,*,*,*,*,*,*,*,*,*,*,*,*,*,*,*,*,*,3,3,*,*,*,*,*,*,*,*,*,*,*,*,*,*,*
492815131,2,492815222,,47,40,7,*,*,*,*,*,*,*,*,*,*,*,*,*,*,*,*,*,*,*,*,*,*,*,*,*,*,*,*,*,*,1,0,*,*,*,*,*,*,*,*,*,*,*,*,*,*,*
492815133,2,492815222,,7,4,3,*,*,*,*,*,*,*,*,*,*,*,*,*,*,*,*,*,*,*,*,*,*,*,*,*,*,*,*,*,*,3,3,*,*,*,*,*,*,*,*,*,*,*,*,*,*,*
492815144,0,,,9,4,5,0,0,0,9,4,5,4,3,1,9,4,5,9,4,5,5,1,4,5,1,4,2,0,2,0,0,0,0,0,0,5,5,2,2,1,0,0,0,0,3,3,0,0,4,0,2,1
492815152,0,,,11,5,6,0,0,0,11,5,6,8,5,3,10,4,6,10,4,6,3,0,3,2,0,2,1,0,1,0,0,0,0,0,0,7,7,4,2,1,0,0,0,0,3,2,1,0,3,0,2,0
492815154,0,,,27,12,15,1,1,0,26,11,15,13,5,8,26,11,15,25,10,15,13,6,7,7,3,4,2,1,1,0,0,0,0,0,0,14,14,5,6,2,1,0,0,0,9,8,1,1,12,0,4,2
492815212,0,,,13,8,5,1,1,0,12,7,5,7,4,3,12,7,5,12,7,5,5,3,2,5,3,2,3,2,1,1,1,0,0,0,0,7,7,3,3,0,1,0,0,0,4,3,1,0,3,0,0,1
492815221,2,492815222,,7,4,3,*,*,*,*,*,*,*,*,*,*,*,*,*,*,*,*,*,*,*,*,*,*,*,*,*,*,*,*,*,*,5,5,*,*,*,*,*,*,*,*,*,*,*,*,*,*,*
492815222,1,,492815131;492815133;492815221,1,0,1,2,1,1,60,47,13,53,43,10,60,47,13,58,45,13,7,4,3,6,3,3,1,1,0,0,0,0,0,0,0,1,1,5,3,0,1,0,0,0,4,4,0,1,6,0,4,2
492815232,2,492815234,,8,3,5,*,*,*,*,*,*,*,*,*,*,*,*,*,*,*,*,*,*,*,*,*,*,*,*,*,*,*,*,*,*,3,3,*,*,*,*,*,*,*,*,*,*,*,*,*,*,*
492815233,2,492815234,,5,3,2,*,*,*,*,*,*,*,*,*,*,*,*,*,*,*,*,*,*,*,*,*,*,*,*,*,*,*,*,*,*,4,4,*,*,*,*,*,*,*,*,*,*,*,*,*,*,*
492815234,1,,492815232;492815233,37,15,22,2,2,0,48,19,29,18,11,7,48,19,29,48,19,29,30,8,22,20,3,17,11,1,10,1,0,1,0,0,0,26,15,10,7,5,0,0,0,0,12,11,1,1,14,0,6,5
492815242,2,492815243,,2,0,2,*,*,*,*,*,*,*,*,*,*,*,*,*,*,*,*,*,*,*,*,*,*,*,*,*,*,*,*,*,*,2,2,*,*,*,*,*,*,*,*,*,*,*,*,*,*,*
492815243,1,,492815242,14,7,7,4,1,3,12,6,6,4,1,3,12,6,6,12,6,6,8,5,3,4,2,2,2,1,1,0,0,0,0,0,0,8,8,8,1,0,0,0,1,0,2,1,1,0,7,0,5,1
492815324,0,,,8,4,4,0,0,0,8,4,4,3,2,1,8,4,4,8,4,4,5,2,3,3,1,2,2,1,1,0,0,0,0,0,0,5,5,2,3,0,0,0,0,0,3,3,0,0,3,0,0,2
492815331,0,,,21,10,11,1,1,0,20,9,11,9,6,3,20,9,11,20,9,11,11,3,8,10,2,8,3,1,2,0,0,0,0,0,0,12,12,6,4,1,1,0,0,0,6,6,0,1,9,0,5,2
492815332,2,492815334,,7,4,3,*,*,*,*,*,*,*,*,*,*,*,*,*,*,*,*,*,*,*,*,*,*,*,*,*,*,*,*,*,*,3,3,*,*,*,*,*,*,*,*,*,*,*,*,*,*,*
492815333,0,,,175,85,90,2,0,2,171,84,87,81,45,36,169,83,86,168,82,86,90,39,51,49,17,32,16,5,11,1,1,0,0,0,0,96,96,37,44,11,3,1,0,0,58,52,6,0,68,0,29,15
492815334,1,,492815332,14,7,7,0,0,0,21,11,10,11,7,4,19,9,10,19,9,10,10,4,6,5,1,4,2,0,2,0,0,0,0,0,0,7,7,2,6,1,1,0,0,0,8,7,1,0,7,0,1,2
492815341,1,,492815342,17,7,10,0,0,0,27,14,13,16,9,7,27,14,13,27,14,13,11,5,6,8,4,4,3,3,0,0,0,0,0,0,0,9,9,6,7,1,1,0,0,0,9,9,0,0,8,0,3,3
492815342,2,492815341,,10,7,3,*,*,*,*,*,*,*,*,*,*,*,*,*,*,*,*,*,*,*,*,*,*,*,*,*,*,*,*,*,*,6,6,*,*,*,*,*,*,*,*,*,*,*,*,*,*,*
492815431,0,,,14,4,10,0,0,0,14,4,10,6,2,4,13,4,9,13,4,9,8,2,6,8,2,6,4,0,4,0,0,0,0,0,0,10,10,6,4,0,0,0,0,0,4,4,0,0,7,0,6,1
492816001,0,,,13,7,6,0,0,0,13,7,6,7,5,2,13,7,6,13,7,6,6,2,4,2,0,2,1,0,1,0,0,0,2,2,0,10,10,8,1,1,0,0,0,0,2,2,0,0,5,2,4,1
492816002,1,,492816011;492816013,285,133,152,31,13,18,264,126,138,118,59,59,254,121,133,254,121,133,146,67,79,78,32,46,26,9,17,2,2,0,2,0,2,143,143,56,61,17,9,3,1,1,91,87,4,8,103,0,45,41
492816003,2,492816004,,7,3,4,*,*,*,*,*,*,*,*,*,*,*,*,*,*,*,*,*,*,*,*,*,*,*,*,*,*,*,*,*,*,4,4,*,*,*,*,*,*,*,*,*,*,*,*,*,*,*
492816004,1,,492816003;492816102,328,152,176,25,11,14,314,146,168,148,74,74,306,140,166,300,138,162,166,72,94,99,37,62,45,16,29,5,0,5,0,0,0,165,164,74,60,22,8,3,0,2,95,88,7,6,110,1,55,33
492816011,2,492816002,,6,4,2,*,*,*,*,*,*,*,*,*,*,*,*,*,*,*,*,*,*,*,*,*,*,*,*,*,*,*,*,*,*,3,3,*,*,*,*,*,*,*,*,*,*,*,*,*,*,*
492816013,2,492816002,,4,2,2,*,*,*,*,*,*,*,*,*,*,*,*,*,*,*,*,*,*,*,*,*,*,*,*,*,*,*,*,*,*,2,2,*,*,*,*,*,*,*,*,*,*,*,*,*,*,*
492816034,2,492816041,,6,4,2,*,*,*,*,*,*,*,*,*,*,*,*,*,*,*,*,*,*,*,*,*,*,*,*,*,*,*,*,*,*,2,2,*,*,*,*,*,*,*,*,*,*,*,*,*,*,*
492816041,1,,492816034;492816132;492816133,4,2,2,0,0,0,16,8,8,4,3,1,16,8,8,16,8,8,12,5,7,11,4,7,6,3,3,0,0,0,0,0,0,2,2,4,2,1,0,1,0,0,4,3,1,0,7,0,3,2
492816052,2,492816054,,3,1,2,*,*,*,*,*,*,*,*,*,*,*,*,*,*,*,*,*,*,*,*,*,*,*,*,*,*,*,*,*,*,1,1,*,*,*,*,*,*,*,*,*,*,*,*,*,*,*
492816054,1,,492816052,54,27,27,2,2,0,54,25,29,18,7,11,54,25,29,54,25,29,36,18,18,24,11,13,4,3,1,0,0,0,0,0,0,33,33,16,13,5,0,0,0,0,18,13,5,0,25,0,10,9
492816061,2,492816063,,7,4,3,*,*,*,*,*,*,*,*,*,*,*,*,*,*,*,*,*,*,*,*,*,*,*,*,*,*,*,*,*,*,6,6,*,*,*,*,*,*,*,*,*,*,*,*,*,*,*
492816063,1,,492816061,17,10,7,0,0,0,24,14,10,9,7,2,24,14,10,24,14,10,15,7,8,7,3,4,2,0,2,0,0,0,0,0,0,10,10,10,4,2,0,0,0,0,6,6,0,0,13,0,8,1
492816064,0,,,28,13,15,0,0,0,28,13,15,15,7,8,27,12,15,26,11,15,13,6,7,5,2,3,1,0,1,0,0,0,0,0,0,14,14,3,8,3,0,0,0,0,11,11,0,0,11,0,3,2
492816071,2,492816072,,9,3,6,*,*,*,*,*,*,*,*,*,*,*,*,*,*,*,*,*,*,*,*,*,*,*,*,*,*,*,*,*,*,3,3,*,*,*,*,*,*,*,*,*,*,*,*,*,*,*
492816072,1,,492816071,2,1,1,2,0,2,9,4,5,5,2,3,9,4,5,9,4,5,4,2,2,2,2,0,0,0,0,0,0,0,0,0,0,1,1,0,2,1,1,0,0,0,4,4,0,0,2,0,0,1
492816102,2,492816004,,4,2,2,*,*,*,*,*,*,*,*,*,*,*,*,*,*,*,*,*,*,*,*,*,*,*,*,*,*,*,*,*,*,1,1,*,*,*,*,*,*,*,*,*,*,*,*,*,*,*
492816132,2,492816041,,3,1,2,*,*,*,*,*,*,*,*,*,*,*,*,*,*,*,*,*,*,*,*,*,*,*,*,*,*,*,*,*,*,2,2,*,*,*,*,*,*,*,*,*,*,*,*,*,*,*
492816133,2,492816041,,3,1,2,*,*,*,*,*,*,*,*,*,*,*,*,*,*,*,*,*,*,*,*,*,*,*,*,*,*,*,*,*,*,2,2,*,*,*,*,*,*,*,*,*,*,*,*,*,*,*
492816141,1,,492816142;492816143,4,2,2,0,0,0,14,7,7,3,2,1,14,7,7,14,7,7,11,5,6,8,3,5,1,0,1,0,0,0,0,0,0,3,3,5,3,1,0,0,0,0,4,4,0,0,8,0,5,2
492816142,2,492816141,,7,3,4,*,*,*,*,*,*,*,*,*,*,*,*,*,*,*,*,*,*,*,*,*,*,*,*,*,*,*,*,*,*,4,4,*,*,*,*,*,*,*,*,*,*,*,*,*,*,*
492816143,2,492816141,,3,2,1,*,*,*,*,*,*,*,*,*,*,*,*,*,*,*,*,*,*,*,*,*,*,*,*,*,*,*,*,*,*,2,2,*,*,*,*,*,*,*,*,*,*,*,*,*,*,*
492816151,0,,,17,9,8,0,0,0,17,9,8,6,4,2,17,9,8,17,9,8,11,5,6,7,2,5,5,2,3,0,0,0,0,0,0,12,12,8,3,1,0,0,0,0,4,3,1,0,8,0,4,1
492816152,2,492816153,,5,4,1,*,*,*,*,*,*,*,*,*,*,*,*,*,*,*,*,*,*,*,*,*,*,*,*,*,*,*,*,*,*,4,4,*,*,*,*,*,*,*,*,*,*,*,*,*,*,*
492816153,1,,492816152;492816251;492816341;492816432,16,9,7,0,0,0,28,17,11,7,6,1,28,17,11,28,17,11,21,11,10,14,8,6,4,3,1,0,0,0,0,0,0,10,10,13,6,1,0,0,0,0,7,7,0,0,16,1,9,3
492816251,2,492816153,,2,2,0,*,*,*,*,*,*,*,*,*,*,*,*,*,*,*,*,*,*,*,*,*,*,*,*,*,*,*,*,*,*,2,2,*,*,*,*,*,*,*,*,*,*,*,*,*,*,*
492816282,2,492816284,,3,2,1,*,*,*,*,*,*,*,*,*,*,*,*,*,*,*,*,*,*,*,*,*,*,*,*,*,*,*,*,*,*,2,2,*,*,*,*,*,*,*,*,*,*,*,*,*,*,*
492816284,1,,492816282;492816381;492816384,17,7,10,1,0,1,26,12,14,15,8,7,25,12,13,25,12,13,11,4,7,6,2,4,4,1,3,0,0,0,0,0,0,10,10,6,9,1,0,0,0,0,10,10,0,1,8,0,3,3
492816341,2,492816153,,4,2,2,*,*,*,*,*,*,*,*,*,*,*,*,*,*,*,*,*,*,*,*,*,*,*,*,*,*,*,*,*,*,3,3,*,*,*,*,*,*,*,*,*,*,*,*,*,*,*
492816373,1,,492816374;492816542,16,7,9,0,0,0,20,8,12,3,3,0,20,8,12,20,8,12,17,5,12,6,1,5,2,0,2,0,0,0,0,0,0,11,11,10,5,0,0,0,0,0,5,5,0,0,14,0,9,2
492816374,2,492816373,,3,0,3,*,*,*,*,*,*,*,*,*,*,*,*,*,*,*,*,*,*,*,*,*,*,*,*,*,*,*,*,*,*,3,3,*,*,*,*,*,*,*,*,*,*,*,*,*,*,*
492816381,2,492816284,,5,2,3,*,*,*,*,*,*,*,*,*,*,*,*,*,*,*,*,*,*,*,*,*,*,*,*,*,*,*,*,*,*,3,3,*,*,*,*,*,*,*,*,*,*,*,*,*,*,*
492816384,2,492816284,,2,1,1,*,*,*,*,*,*,*,*,*,*,*,*,*,*,*,*,*,*,*,*,*,*,*,*,*,*,*,*,*,*,1,1,*,*,*,*,*,*,*,*,*,*,*,*,*,*,*
492816393,2,492816493,,4,1,3,*,*,*,*,*,*,*,*,*,*,*,*,*,*,*,*,*,*,*,*,*,*,*,*,*,*,*,*,*,*,3,3,*,*,*,*,*,*,*,*,*,*,*,*,*,*,*
492816432,2,492816153,,1,0,1,*,*,*,*,*,*,*,*,*,*,*,*,*,*,*,*,*,*,*,*,*,*,*,*,*,*,*,*,*,*,1,1,*,*,*,*,*,*,*,*,*,*,*,*,*,*,*
492816482,2,492816493,,1,0,1,*,*,*,*,*,*,*,*,*,*,*,*,*,*,*,*,*,*,*,*,*,*,*,*,*,*,*,*,*,*,1,1,*,*,*,*,*,*,*,*,*,*,*,*,*,*,*
492816483,2,492816493,,2,1,1,*,*,*,*,*,*,*,*,*,*,*,*,*,*,*,*,*,*,*,*,*,*,*,*,*,*,*,*,*,*,1,1,*,*,*,*,*,*,*,*,*,*,*,*,*,*,*
492816493,1,,492816393;492816482;492816483,25,14,11,2,0,2,30,16,14,14,8,6,30,16,14,30,16,14,16,8,8,9,3,6,5,1,4,0,0,0,0,0,0,15,15,9,10,1,0,0,0,0,11,11,0,0,13,0,5,4
492816542,2,492816373,,1,1,0,*,*,*,*,*,*,*,*,*,*,*,*,*,*,*,*,*,*,*,*,*,*,*,*,*,*,*,*,*,*,1,1,*,*,*,*,*,*,*,*,*,*,*,*,*,*,*
492816583,0,,,27,14,13,2,2,0,25,12,13,6,4,2,25,12,13,25,12,13,19,8,11,14,5,9,6,2,4,1,0,1,0,0,0,14,14,4,7,3,0,0,0,0,9,9,0,0,13,0,4,4
492816591,2,492816592,,8,4,4,*,*,*,*,*,*,*,*,*,*,*,*,*,*,*,*,*,*,*,*,*,*,*,*,*,*,*,*,*,*,4,4,*,*,*,*,*,*,*,*,*,*,*,*,*,*,*
492816592,1,,492816591,27,15,12,2,1,1,33,18,15,17,11,6,33,18,15,33,18,15,16,7,9,11,5,6,7,4,3,1,0,1,0,0,0,16,16,7,11,2,0,0,0,0,13,12,1,1,11,0,2,5
492816594,0,,,29,15,14,10,6,4,19,9,10,10,5,5,19,9,10,19,9,10,9,4,5,8,4,4,3,2,1,1,0,1,0,0,0,15,15,10,0,3,0,2,0,0,5,4,1,2,9,0,7,0
492816682,2,492816684,,7,3,4,*,*,*,*,*,*,*,*,*,*,*,*,*,*,*,*,*,*,*,*,*,*,*,*,*,*,*,*,*,*,4,4,*,*,*,*,*,*,*,*,*,*,*,*,*,*,*
492816684,1,,492816682;492816784;492816791;492816974,2,1,1,3,2,1,18,7,11,9,4,5,18,7,11,18,7,11,9,3,6,3,0,3,2,0,2,0,0,0,0,0,0,1,1,5,2,2,0,0,1,0,4,3,1,1,7,0,4,2
492816784,2,492816684,,8,4,4,*,*,*,*,*,*,*,*,*,*,*,*,*,*,*,*,*,*,*,*,*,*,*,*,*,*,*,*,*,*,3,3,*,*,*,*,*,*,*,*,*,*,*,*,*,*,*
492816791,2,492816684,,1,0,1,*,*,*,*,*,*,*,*,*,*,*,*,*,*,*,*,*,*,*,*,*,*,*,*,*,*,*,*,*,*,1,1,*,*,*,*,*,*,*,*,*,*,*,*,*,*,*
492816974,2,492816684,,3,1,2,*,*,*,*,*,*,*,*,*,*,*,*,*,*,*,*,*,*,*,*,*,*,*,*,*,*,*,*,*,*,1,1,*,*,*,*,*,*,*,*,*,*,*,*,*,*,*
492817071,2,492817072,,1,0,1,*,*,*,*,*,*,*,*,*,*,*,*,*,*,*,*,*,*,*,*,*,*,*,*,*,*,*,*,*,*,1,1,*,*,*,*,*,*,*,*,*,*,*,*,*,*,*
492817072,1,,492817071;492817074;492817093,60,31,29,0,0,0,66,34,32,25,16,9,66,34,32,66,34,32,41,18,23,23,8,15,11,3,8,1,0,1,0,0,0,36,36,20,17,4,0,0,0,0,20,17,3,0,30,0,15,9
492817074,2,492817072,,1,1,0,*,*,*,*,*,*,*,*,*,*,*,*,*,*,*,*,*,*,*,*,*,*,*,*,*,*,*,*,*,*,1,1,*,*,*,*,*,*,*,*,*,*,*,*,*,*,*
492817093,2,492817072,,4,2,2,*,*,*,*,*,*,*,*,*,*,*,*,*,*,*,*,*,*,*,*,*,*,*,*,*,*,*,*,*,*,3,3,*,*,*,*,*,*,*,*,*,*,*,*,*,*,*
492817193,2,492817291,,2,1,1,*,*,*,*,*,*,*,*,*,*,*,*,*,*,*,*,*,*,*,*,*,*,*,*,*,*,*,*,*,*,1,1,*,*,*,*,*,*,*,*,*,*,*,*,*,*,*
492817291,1,,492817193,13,7,6,0,0,0,15,8,7,3,2,1,15,8,7,15,8,7,12,6,6,10,6,4,2,1,1,0,0,0,0,0,0,12,12,11,2,0,0,0,0,0,2,2,0,0,10,0,8,2
492817293,0,,,10,6,4,0,0,0,10,6,4,5,4,1,10,6,4,10,6,4,5,2,3,5,2,3,2,1,1,0,0,0,0,0,0,7,7,5,1,1,0,0,0,0,2,2,0,0,3,0,1,1
492817402,2,492817501,,3,1,2,*,*,*,*,*,*,*,*,*,*,*,*,*,*,*,*,*,*,*,*,*,*,*,*,*,*,*,*,*,*,2,2,*,*,*,*,*,*,*,*,*,*,*,*,*,*,*
492817403,2,492817501,,2,1,1,*,*,*,*,*,*,*,*,*,*,*,*,*,*,*,*,*,*,*,*,*,*,*,*,*,*,*,*,*,*,2,2,*,*,*,*,*,*,*,*,*,*,*,*,*,*,*
492817404,2,492817501,,3,1,2,*,*,*,*,*,*,*,*,*,*,*,*,*,*,*,*,*,*,*,*,*,*,*,*,*,*,*,*,*,*,3,3,*,*,*,*,*,*,*,*,*,*,*,*,*,*,*
492817501,1,,492817402;492817403;492817404;492817502;492817601;492817621,16,11,5,0,0,0,31,19,12,10,8,2,30,18,12,30,18,12,21,11,10,16,7,9,8,4,4,1,1,0,0,0,0,7,7,11,4,4,0,0,0,0,8,8,0,0,15,0,9,2
492817502,2,492817501,,3,2,1,*,*,*,*,*,*,*,*,*,*,*,*,*,*,*,*,*,*,*,*,*,*,*,*,*,*,*,*,*,*,2,2,*,*,*,*,*,*,*,*,*,*,*,*,*,*,*
492817601,2,492817501,,1,1,0,*,*,*,*,*,*,*,*,*,*,*,*,*,*,*,*,*,*,*,*,*,*,*,*,*,*,*,*,*,*,1,1,*,*,*,*,*,*,*,*,*,*,*,*,*,*,*
492817621,2,492817501,,3,2,1,*,*,*,*,*,*,*,*,*,*,*,*,*,*,*,*,*,*,*,*,*,*,*,*,*,*,*,*,*,*,2,2,*,*,*,*,*,*,*,*,*,*,*,*,*,*,*
492817642,2,492817644,,5,2,3,*,*,*,*,*,*,*,*,*,*,*,*,*,*,*,*,*,*,*,*,*,*,*,*,*,*,*,*,*,*,3,3,*,*,*,*,*,*,*,*,*,*,*,*,*,*,*
492817643,2,492817644,,4,2,2,*,*,*,*,*,*,*,*,*,*,*,*,*,*,*,*,*,*,*,*,*,*,*,*,*,*,*,*,*,*,2,2,*,*,*,*,*,*,*,*,*,*,*,*,*,*,*
492817644,1,,492817642;492817643,14,7,7,0,0,0,23,11,12,6,2,4,23,11,12,23,11,12,17,9,8,6,3,3,4,3,1,0,0,0,0,0,0,5,5,2,3,5,0,0,0,0,8,8,0,0,10,0,2,2
492817651,2,492817653,,8,4,4,*,*,*,*,*,*,*,*,*,*,*,*,*,*,*,*,*,*,*,*,*,*,*,*,*,*,*,*,*,*,3,3,*,*,*,*,*,*,*,*,*,*,*,*,*,*,*
492817653,1,,492817651,16,8,8,4,1,3,20,11,9,9,5,4,20,11,9,20,11,9,11,6,5,9,5,4,3,2,1,0,0,0,0,0,0,7,7,3,4,0,2,1,0,0,7,6,1,1,7,0,2,2
492817751,2,492817753,,6,2,4,*,*,*,*,*,*,*,*,*,*,*,*,*,*,*,*,*,*,*,*,*,*,*,*,*,*,*,*,*,*,4,4,*,*,*,*,*,*,*,*,*,*,*,*,*,*,*
492817753,1,,492817751,8,2,6,0,0,0,14,4,10,3,0,3,14,4,10,14,4,10,11,4,7,6,1,5,2,0,2,0,0,0,0,0,0,4,4,3,4,1,0,0,0,0,5,4,1,0,8,0,3,2
492817754,0,,,11,6,5,0,0,0,11,6,5,3,2,1,11,6,5,11,6,5,8,4,4,2,1,1,1,0,1,0,0,0,0,0,0,6,6,1,5,0,0,0,0,0,5,5,0,0,6,0,1,3
492817804,1,,492817912,39,19,20,1,0,1,42,21,21,11,7,4,42,21,21,42,21,21,31,14,17,21,8,13,7,1,6,0,0,0,1,1,0,28,28,18,11,1,0,0,0,0,12,12,0,1,24,0,14,8
492817833,2,492817834,,1,0,1,*,*,*,*,*,*,*,*,*,*,*,*,*,*,*,*,*,*,*,*,*,*,*,*,*,*,*,*,*,*,1,1,*,*,*,*,*,*,*,*,*,*,*,*,*,*,*
492817834,1,,492817833,3,0,3,0,0,0,4,0,4,1,0,1,4,0,4,4,0,4,3,0,3,3,0,3,0,0,0,0,0,0,0,0,0,3,3,4,0,0,0,0,0,0,0,0,0,0,3,0,3,0
492817841,2,492817842,,2,1,1,*,*,*,*,*,*,*,*,*,*,*,*,*,*,*,*,*,*,*,*,*,*,*,*,*,*,*,*,*,*,1,1,*,*,*,*,*,*,*,*,*,*,*,*,*,*,*
492817842,1,,492817841;492817843,9,4,5,0,0,0,15,7,8,9,4,5,15,7,8,15,7,8,6,3,3,3,1,2,1,0,1,0,0,0,0,0,0,5,5,2,5,1,0,0,0,0,6,5,1,0,5,0,2,2
492817843,2,492817842,,4,2,2,*,*,*,*,*,*,*,*,*,*,*,*,*,*,*,*,*,*,*,*,*,*,*,*,*,*,*,*,*,*,2,2,*,*,*,*,*,*,*,*,*,*,*,*,*,*,*
492817844,0,,,46,24,22,0,0,0,45,23,22,19,11,8,44,22,22,44,22,22,26,12,14,12,6,6,1,0,1,0,0,0,0,0,0,25,25,9,11,5,0,0,0,0,15,14,1,0,17,0,5,6
492817851,2,492817852,,4,1,3,*,*,*,*,*,*,*,*,*,*,*,*,*,*,*,*,*,*,*,*,*,*,*,*,*,*,*,*,*,*,4,3,*,*,*,*,*,*,*,*,*,*,*,*,*,*,*
492817852,1,,492817851,28,15,13,0,0,0,32,16,16,13,8,5,31,15,16,31,15,16,19,8,11,7,2,5,3,1,2,0,0,0,0,0,0,14,14,5,10,2,0,0,0,0,12,12,0,0,14,0,5,4
492817853,0,,,88,36,52,5,1,4,83,35,48,41,18,23,83,35,48,82,35,47,42,17,25,20,5,15,9,2,7,0,0,0,0,0,0,47,47,18,24,1,2,1,1,0,28,26,2,1,30,0,11,12
492817912,2,492817804,,4,2,2,*,*,*,*,*,*,*,*,*,*,*,*,*,*,*,*,*,*,*,*,*,*,*,*,*,*,*,*,*,*,2,2,*,*,*,*,*,*,*,*,*,*,*,*,*,*,*
492817942,0,,,132,63,69,6,3,3,126,60,66,58,28,30,125,59,66,123,59,64,68,32,36,33,13,20,10,3,7,0,0,0,1,0,1,77,77,39,24,11,3,0,0,0,37,32,5,1,51,3,27,12
492817944,0,,,275,134,141,18,8,10,257,126,131,139,77,62,245,121,124,242,120,122,118,49,69,58,22,36,19,7,12,1,0,1,0,0,0,170,169,93,56,13,5,2,0,0,70,69,1,5,90,4,44,25
492817951,0,,,15,7,8,3,1,2,12,6,6,6,3,3,12,6,6,12,6,6,6,3,3,2,1,1,1,1,0,0,0,0,0,0,0,7,7,1,5,0,1,0,0,0,6,6,0,2,3,0,0,3
492817954,1,,492817963,14,6,8,3,1,2,13,6,7,7,4,3,12,6,6,12,6,6,6,2,4,2,1,1,0,0,0,0,0,0,0,0,0,7,7,4,2,1,0,1,0,0,4,4,0,0,4,0,2,2
492817963,2,492817954,,2,1,1,*,*,*,*,*,*,*,*,*,*,*,*,*,*,*,*,*,*,*,*,*,*,*,*,*,*,*,*,*,*,1,1,*,*,*,*,*,*,*,*,*,*,*,*,*,*,*
492827034,2,492827132,,6,3,3,*,*,*,*,*,*,*,*,*,*,*,*,*,*,*,*,*,*,*,*,*,*,*,*,*,*,*,*,*,*,3,3,*,*,*,*,*,*,*,*,*,*,*,*,*,*,*
492827041,0,,,28,16,12,2,2,0,26,14,12,17,10,7,26,14,12,26,14,12,9,4,5,4,2,2,3,1,2,0,0,0,1,1,0,16,16,6,8,2,0,0,0,0,10,10,0,1,5,0,1,4
492827042,0,,,448,218,230,32,17,15,416,201,215,210,111,99,407,198,209,404,197,207,206,90,116,88,36,52,33,11,22,2,1,1,0,0,0,239,238,95,100,27,11,4,1,0,139,129,10,6,142,4,53,52
492827043,0,,,61,29,32,2,1,1,59,28,31,27,17,10,59,28,31,59,28,31,32,11,21,16,5,11,5,1,4,1,0,1,0,0,0,35,35,15,15,4,1,0,0,0,20,17,3,0,25,0,10,8
492827044,0,,,65,29,36,3,1,2,62,28,34,25,12,13,62,28,34,62,28,34,37,16,21,12,3,9,3,0,3,0,0,0,0,0,0,34,34,11,17,4,2,0,0,0,22,20,2,1,25,0,9,10
492827051,2,492827052,,3,3,0,*,*,*,*,*,*,*,*,*,*,*,*,*,*,*,*,*,*,*,*,*,*,*,*,*,*,*,*,*,*,3,3,*,*,*,*,*,*,*,*,*,*,*,*,*,*,*
492827052,1,,492827051,34,15,19,0,0,0,37,18,19,15,8,7,37,18,19,37,18,19,22,10,12,10,4,6,6,2,4,1,1,0,0,0,0,23,23,15,11,0,0,0,0,0,11,10,1,0,18,0,11,4
492827061,0,,,22,10,12,0,0,0,22,10,12,5,2,3,22,10,12,22,10,12,17,8,9,9,4,5,5,2,3,0,0,0,0,0,0,13,13,4,9,0,0,0,0,0,8,7,1,0,11,0,2,6
492827132,1,,492827034,4,1,3,0,0,0,10,4,6,0,0,0,10,4,6,10,4,6,10,4,6,5,2,3,1,0,1,0,0,0,0,0,0,3,3,2,4,0,0,0,0,0,4,4,0,0,6,0,2,4
492827134,0,,,54,25,29,3,1,2,51,24,27,20,9,11,51,24,27,51,24,27,31,15,16,10,5,5,3,1,2,0,0,0,1,0,1,29,29,11,13,3,2,0,0,0,18,17,1,1,22,0,9,7
492827141,1,,492827143,20,10,10,0,0,0,27,12,15,10,6,4,27,12,15,27,12,15,17,6,11,10,3,7,4,1,3,0,0,0,0,0,0,10,10,5,8,2,0,0,0,0,10,10,0,0,12,0,5,4
492827142,0,,,35,18,17,2,1,1,33,17,16,15,7,8,33,17,16,33,17,16,18,10,8,6,3,3,5,3,2,0,0,0,0,0,0,16,16,1,13,0,2,0,0,0,15,14,1,0,11,0,1,7
492827143,2,492827141,,7,2,5,*,*,*,*,*,*,*,*,*,*,*,*,*,*,*,*,*,*,*,*,*,*,*,*,*,*,*,*,*,*,5,5,*,*,*,*,*,*,*,*,*,*,*,*,*,*,*
492827144,0,,,27,14,13,0,0,0,27,14,13,14,7,7,27,14,13,27,14,13,13,7,6,4,2,2,2,1,1,0,0,0,0,0,0,15,15,5,8,2,0,0,0,0,10,10,0,0,8,0,2,5
492827151,0,,,49,7,42,0,0,0,49,7,42,1,0,1,49,7,42,49,7,42,48,7,41,44,5,39,35,5,30,9,1,8,0,0,0,1,0,0,0,0,0,0,0,0,0,0,0,0,0,0,0,0
492827152,2,492827154,,1,1,0,*,*,*,*,*,*,*,*,*,*,*,*,*,*,*,*,*,*,*,*,*,*,*,*,*,*,*,*,*,*,1,1,*,*,*,*,*,*,*,*,*,*,*,*,*,*,*
492827153,0,,,32,14,18,0,0,0,32,14,18,7,4,3,32,14,18,32,14,18,25,10,15,9,4,5,2,0,2,0,0,0,0,0,0,19,19,7,11,1,0,0,0,0,12,12,0,0,16,0,6,8
492827154,1,,492827152,30,12,18,0,0,0,31,13,18,18,7,11,30,13,17,29,13,16,13,6,7,3,0,3,1,0,1,0,0,0,0,0,0,18,17,8,9,0,1,0,0,0,10,9,1,0,10,0,5,3
492827161,0,,,17,9,8,0,0,0,17,9,8,5,3,2,17,9,8,17,9,8,12,6,6,7,2,5,3,2,1,0,0,0,0,0,0,11,11,6,4,1,0,0,0,0,5,4,1,0,10,0,5,1
492827163,0,,,12,6,6,0,0,0,12,6,6,7,4,3,12,6,6,12,6,6,5,2,3,2,1,1,0,0,0,0,0,0,0,0,0,7,7,2,5,0,0,0,0,0,5,5,0,0,3,0,1,2
492827213,2,492827311,,8,5,3,*,*,*,*,*,*,*,*,*,*,*,*,*,*,*,*,*,*,*,*,*,*,*,*,*,*,*,*,*,*,6,6,*,*,*,*,*,*,*,*,*,*,*,*,*,*,*
492827223,2,492827313,,3,1,2,*,*,*,*,*,*,*,*,*,*,*,*,*,*,*,*,*,*,*,*,*,*,*,*,*,*,*,*,*,*,3,3,*,*,*,*,*,*,*,*,*,*,*,*,*,*,*
492827234,2,492827332,,5,4,1,*,*,*,*,*,*,*,*,*,*,*,*,*,*,*,*,*,*,*,*,*,*,*,*,*,*,*,*,*,*,4,4,*,*,*,*,*,*,*,*,*,*,*,*,*,*,*
492827242,1,,492827244,31,14,17,0,0,0,32,14,18,15,6,9,32,14,18,31,14,17,17,8,9,13,6,7,3,1,2,0,0,0,0,0,0,18,18,8,9,2,0,0,0,0,11,11,0,0,11,0,5,4
492827244,2,492827242,,1,0,1,*,*,*,*,*,*,*,*,*,*,*,*,*,*,*,*,*,*,*,*,*,*,*,*,*,*,*,*,*,*,1,1,*,*,*,*,*,*,*,*,*,*,*,*,*,*,*
492827251,0,,,29,17,12,0,0,0,29,17,12,12,9,3,29,17,12,29,17,12,17,8,9,8,3,5,4,2,2,0,0,0,0,0,0,18,18,9,7,2,0,0,0,0,9,9,0,0,12,0,6,4
492827261,1,,492827262;492827263,24,13,11,0,0,0,33,17,16,9,5,4,33,17,16,33,17,16,24,12,12,14,6,8,8,4,4,1,0,1,0,0,0,16,16,11,8,2,0,0,0,0,10,10,0,0,18,0,10,5
492827262,2,492827261,,5,3,2,*,*,*,*,*,*,*,*,*,*,*,*,*,*,*,*,*,*,*,*,*,*,*,*,*,*,*,*,*,*,3,3,*,*,*,*,*,*,*,*,*,*,*,*,*,*,*
492827263,2,492827261,,4,1,3,*,*,*,*,*,*,*,*,*,*,*,*,*,*,*,*,*,*,*,*,*,*,*,*,*,*,*,*,*,*,2,2,*,*,*,*,*,*,*,*,*,*,*,*,*,*,*
492827311,1,,492827213,6,3,3,0,0,0,14,8,6,2,2,0,14,8,6,14,8,6,12,6,6,9,4,5,3,2,1,0,0,0,0,0,0,3,3,5,3,1,0,0,0,0,4,3,1,0,8,0,4,2
492827313,1,,492827223,50,31,19,0,0,0,53,32,21,15,11,4,53,32,21,53,32,21,38,21,17,22,12,10,9,5,4,1,0,1,0,0,0,32,32,20,12,3,0,0,0,0,15,14,1,0,29,0,15,5
492827331,0,,,28,15,13,0,0,0,28,15,13,2,2,0,28,15,13,28,15,13,26,13,13,14,7,7,8,4,4,1,0,1,0,0,0,19,19,11,7,1,0,0,0,0,8,8,0,0,18,0,10,6
492827332,1,,492827234;492827334,41,22,19,0,0,0,48,27,21,20,14,6,48,27,21,48,27,21,28,13,15,13,6,7,4,1,3,0,0,0,0,0,0,28,28,18,15,0,0,0,0,0,15,14,1,0,23,0,11,6
492827334,2,492827332,,2,1,1,*,*,*,*,*,*,*,*,*,*,*,*,*,*,*,*,*,*,*,*,*,*,*,*,*,*,*,*,*,*,1,1,*,*,*,*,*,*,*,*,*,*,*,*,*,*,*
492827341,2,492827342,,5,2,3,*,*,*,*,*,*,*,*,*,*,*,*,*,*,*,*,*,*,*,*,*,*,*,*,*,*,*,*,*,*,4,4,*,*,*,*,*,*,*,*,*,*,*,*,*,*,*
492827342,1,,492827341,16,9,7,0,0,0,21,11,10,5,4,1,21,11,10,21,11,10,16,7,9,10,4,6,6,2,4,0,0,0,0,0,0,8,8,4,7,1,0,0,0,0,8,8,0,0,11,0,3,6
492827343,0,,,9,5,4,0,0,0,9,5,4,0,0,0,9,5,4,9,5,4,9,5,4,4,2,2,0,0,0,0,0,0,0,0,0,6,6,3,3,0,0,0,0,0,3,3,0,0,6,0,3,3
492827352,2,492827354,,1,0,1,*,*,*,*,*,*,*,*,*,*,*,*,*,*,*,*,*,*,*,*,*,*,*,*,*,*,*,*,*,*,1,1,*,*,*,*,*,*,*,*,*,*,*,*,*,*,*
492827354,1,,492827352,32,16,16,0,0,0,33,16,17,6,4,2,33,16,17,33,16,17,27,12,15,19,9,10,7,3,4,0,0,0,0,0,0,19,19,7,13,0,0,0,0,0,13,12,1,0,17,0,5,10
492827482,0,,,26,9,17,1,0,1,25,9,16,13,4,9,24,9,15,23,8,15,12,5,7,8,3,5,3,1,2,0,0,0,0,0,0,12,12,3,5,3,1,0,0,0,9,7,2,0,8,0,1,3
492827483,0,,,12,6,6,3,1,2,9,5,4,5,2,3,9,5,4,9,5,4,4,3,1,1,0,1,1,0,1,0,0,0,0,0,0,4,4,2,0,1,0,0,0,1,2,1,1,1,4,0,2,0
492827484,0,,,10,4,6,0,0,0,10,4,6,5,2,3,10,4,6,10,4,6,5,2,3,2,1,1,2,1,1,1,0,1,0,0,0,6,6,2,4,0,0,0,0,0,4,4,0,0,4,0,2,2
492827492,1,,492827493;492827494,2,1,1,0,0,0,9,5,4,2,2,0,9,5,4,9,5,4,7,3,4,6,2,4,4,1,3,0,0,0,0,0,0,1,1,0,3,1,0,0,0,0,4,4,0,0,4,0,0,1
492827493,2,492827492,,2,1,1,*,*,*,*,*,*,*,*,*,*,*,*,*,*,*,*,*,*,*,*,*,*,*,*,*,*,*,*,*,*,1,1,*,*,*,*,*,*,*,*,*,*,*,*,*,*,*
492827494,2,492827492,,5,3,2,*,*,*,*,*,*,*,*,*,*,*,*,*,*,*,*,*,*,*,*,*,*,*,*,*,*,*,*,*,*,2,2,*,*,*,*,*,*,*,*,*,*,*,*,*,*,*
492827574,1,,492827672,15,10,5,1,0,1,19,12,7,8,4,4,19,12,7,19,12,7,11,8,3,2,1,1,0,0,0,0,0,0,0,0,0,10,10,6,5,0,1,0,0,0,6,5,1,0,8,0,4,3
492827581,1,,492827583;492827584,25,10,15,0,0,0,34,14,20,12,5,7,34,14,20,34,14,20,22,9,13,14,4,10,8,0,8,0,0,0,0,0,0,14,14,10,6,4,0,0,0,0,10,9,1,0,16,0,9,3
492827583,2,492827581,,2,1,1,*,*,*,*,*,*,*,*,*,*,*,*,*,*,*,*,*,*,*,*,*,*,*,*,*,*,*,*,*,*,2,2,*,*,*,*,*,*,*,*,*,*,*,*,*,*,*
492827584,2,492827581,,7,3,4,*,*,*,*,*,*,*,*,*,*,*,*,*,*,*,*,*,*,*,*,*,*,*,*,*,*,*,*,*,*,4,4,*,*,*,*,*,*,*,*,*,*,*,*,*,*,*
492827591,2,492827592,,2,1,1,*,*,*,*,*,*,*,*,*,*,*,*,*,*,*,*,*,*,*,*,*,*,*,*,*,*,*,*,*,*,1,1,*,*,*,*,*,*,*,*,*,*,*,*,*,*,*
492827592,1,,492827591;492827594,13,5,8,4,1,3,19,9,10,10,5,5,18,9,9,18,9,9,9,4,5,3,1,2,2,1,1,0,0,0,0,0,0,3,3,1,5,1,0,0,0,1,7,6,1,0,5,0,1,2
492827594,2,492827592,,8,4,4,*,*,*,*,*,*,*,*,*,*,*,*,*,*,*,*,*,*,*,*,*,*,*,*,*,*,*,*,*,*,4,4,*,*,*,*,*,*,*,*,*,*,*,*,*,*,*
492827672,2,492827574,,5,2,3,*,*,*,*,*,*,*,*,*,*,*,*,*,*,*,*,*,*,*,*,*,*,*,*,*,*,*,*,*,*,2,2,*,*,*,*,*,*,*,*,*,*,*,*,*,*,*
492827682,2,492827684,,9,3,6,*,*,*,*,*,*,*,*,*,*,*,*,*,*,*,*,*,*,*,*,*,*,*,*,*,*,*,*,*,*,5,5,*,*,*,*,*,*,*,*,*,*,*,*,*,*,*
492827684,1,,492827682;492827693;492827694,8,5,3,3,2,1,23,11,12,9,4,5,23,11,12,23,11,12,14,7,7,11,4,7,8,3,5,2,0,2,0,0,0,3,3,3,4,2,1,1,0,0,8,7,1,1,9,0,2,3
492827693,2,492827684,,6,4,2,*,*,*,*,*,*,*,*,*,*,*,*,*,*,*,*,*,*,*,*,*,*,*,*,*,*,*,*,*,*,2,2,*,*,*,*,*,*,*,*,*,*,*,*,*,*,*
492827694,2,492827684,,3,1,2,*,*,*,*,*,*,*,*,*,*,*,*,*,*,*,*,*,*,*,*,*,*,*,*,*,*,*,*,*,*,1,1,*,*,*,*,*,*,*,*,*,*,*,*,*,*,*
492827793,2,492827892,,4,1,3,*,*,*,*,*,*,*,*,*,*,*,*,*,*,*,*,*,*,*,*,*,*,*,*,*,*,*,*,*,*,2,2,*,*,*,*,*,*,*,*,*,*,*,*,*,*,*
492827794,2,492827892,,4,1,3,*,*,*,*,*,*,*,*,*,*,*,*,*,*,*,*,*,*,*,*,*,*,*,*,*,*,*,*,*,*,2,2,*,*,*,*,*,*,*,*,*,*,*,*,*,*,*
492827854,2,492827961,,5,3,2,*,*,*,*,*,*,*,*,*,*,*,*,*,*,*,*,*,*,*,*,*,*,*,*,*,*,*,*,*,*,3,3,*,*,*,*,*,*,*,*,*,*,*,*,*,*,*
492827864,2,492827873,,6,3,3,*,*,*,*,*,*,*,*,*,*,*,*,*,*,*,*,*,*,*,*,*,*,*,*,*,*,*,*,*,*,2,2,*,*,*,*,*,*,*,*,*,*,*,*,*,*,*
492827873,1,,492827864,12,7,5,5,4,1,13,6,7,7,4,3,13,6,7,13,6,7,6,2,4,2,1,1,1,0,1,0,0,0,0,0,0,5,5,2,2,1,1,1,0,0,5,4,1,0,5,0,2,1
492827884,0,,,28,14,14,0,0,0,28,14,14,14,9,5,26,14,12,26,14,12,14,5,9,7,1,6,6,1,5,0,0,0,0,0,0,15,15,4,10,0,1,0,0,0,11,10,1,0,10,0,2,3
492827892,1,,492827793;492827794,11,5,6,0,0,0,19,7,12,9,4,5,19,7,12,19,7,12,10,3,7,1,0,1,1,0,1,0,0,0,0,0,0,4,4,2,1,5,0,0,0,0,6,4,2,0,6,0,1,1
492827893,0,,,26,10,16,0,0,0,26,10,16,11,4,7,26,10,16,26,10,16,15,6,9,8,2,6,2,1,1,0,0,0,0,0,0,14,14,4,8,2,0,0,0,0,10,10,0,0,11,0,3,4
492827954,2,492827963,,6,3,3,*,*,*,*,*,*,*,*,*,*,*,*,*,*,*,*,*,*,*,*,*,*,*,*,*,*,*,*,*,*,2,2,*,*,*,*,*,*,*,*,*,*,*,*,*,*,*
492827961,1,,492827854,44,24,20,2,2,0,47,25,22,19,14,5,47,25,22,47,25,22,28,11,17,23,9,14,8,3,5,0,0,0,2,2,0,25,25,14,10,1,3,0,0,0,14,10,4,1,22,2,11,4
492827963,1,,492827954,44,27,17,4,4,0,46,26,20,18,11,7,46,26,20,46,26,20,28,15,13,18,8,10,4,2,2,0,0,0,0,0,0,22,22,9,8,6,0,0,0,1,15,13,2,1,19,0,7,5
492827971,0,,,8,4,4,0,0,0,8,4,4,2,1,1,8,4,4,8,4,4,6,3,3,4,1,3,1,0,1,0,0,0,0,0,0,4,4,0,4,0,0,0,0,0,4,4,0,0,3,0,0,2
492827982,2,492827984,,2,1,1,*,*,*,*,*,*,*,*,*,*,*,*,*,*,*,*,*,*,*,*,*,*,*,*,*,*,*,*,*,*,1,1,*,*,*,*,*,*,*,*,*,*,*,*,*,*,*
492827984,1,,492827982,16,10,6,0,0,0,18,11,7,9,5,4,18,11,7,18,11,7,9,6,3,4,4,0,0,0,0,0,0,0,0,0,0,7,7,2,4,1,0,1,0,0,6,6,0,0,6,0,2,2
492827991,0,,,13,6,7,1,1,0,12,5,7,7,2,5,12,5,7,12,5,7,5,3,2,1,1,0,0,0,0,0,0,0,0,0,0,6,6,3,1,0,2,0,0,0,3,2,1,1,3,0,1,1
492837061,2,492837062,,1,0,1,*,*,*,*,*,*,*,*,*,*,*,*,*,*,*,*,*,*,*,*,*,*,*,*,*,*,*,*,*,*,1,1,*,*,*,*,*,*,*,*,*,*,*,*,*,*,*
492837062,1,,492837061;492837071,14,7,7,0,0,0,28,17,11,13,11,2,28,17,11,28,17,11,15,6,9,6,3,3,4,2,2,1,0,1,0,0,0,8,8,10,6,2,0,0,0,0,8,6,2,0,11,0,4,2
492837071,2,492837062,,13,10,3,*,*,*,*,*,*,*,*,*,*,*,*,*,*,*,*,*,*,*,*,*,*,*,*,*,*,*,*,*,*,9,9,*,*,*,*,*,*,*,*,*,*,*,*,*,*,*
492837092,2,492837094,,7,5,2,*,*,*,*,*,*,*,*,*,*,*,*,*,*,*,*,*,*,*,*,*,*,*,*,*,*,*,*,*,*,4,4,*,*,*,*,*,*,*,*,*,*,*,*,*,*,*
492837094,1,,492837092;492837392,6,3,3,0,0,0,21,11,10,10,7,3,20,10,10,20,10,10,11,4,7,5,2,3,2,1,1,0,0,0,0,0,0,2,2,5,3,2,1,0,0,0,6,6,0,0,8,0,3,2
492837392,2,492837094,,8,3,5,*,*,*,*,*,*,*,*,*,*,*,*,*,*,*,*,*,*,*,*,*,*,*,*,*,*,*,*,*,*,5,5,*,*,*,*,*,*,*,*,*,*,*,*,*,*,*
