KEY_CODE,HTKSYORI,HTKSAKI,GASSAN,T001141001,T001141002,T001141003,T001141004,T001141005,T001141006,T001141007,T001141008,T001141009,T001141010,T001141011,T001141012,T001141013,T001141014,T001141015,T001141016,T001141017,T001141018,T001141019,T001141020,T001141021,T001141022,T001141023,T001141024,T001141025,T001141026,T001141027,T001141028,T001141029,T001141030,T001141031,T001141032,T001141033,T001141034,T001141035,T001141036,T001141037,T001141038,T001141039,T001141040,T001141041,T001141042,T001141043,T001141044,T001141045,T001141046,T001141047,T001141048,T001141049,T001141050
,,,,Å@êlå˚ÅiëçêîÅj,Å@êlå˚ÅiëçêîÅjÅ@íj,Å@êlå˚ÅiëçêîÅjÅ@èó,Å@ÇOÅ`ÇPÇSçŒêlå˚Å@ëçêî,Å@ÇOÅ`ÇPÇSçŒêlå˚Å@íj,Å@ÇOÅ`ÇPÇSçŒêlå˚Å@èó,Å@ÇPÇTçŒà»è„êlå˚Å@ëçêî,Å@ÇPÇTçŒà»è„êlå˚Å@íj,Å@ÇPÇTçŒà»è„êlå˚Å@èó,Å@ÇPÇTÅ`ÇUÇSçŒêlå˚Å@ëçêî,Å@ÇPÇTÅ`ÇUÇSçŒêlå˚Å@íj,Å@ÇPÇTÅ`ÇUÇSçŒêlå˚Å@èó,Å@ÇPÇWçŒà»è„êlå˚Å@ëçêî,Å@ÇPÇWçŒà»è„êlå˚Å@íj,Å@ÇPÇWçŒà»è„êlå˚Å@èó,Å@ÇQÇOçŒà»è„êlå˚Å@ëçêî,Å@ÇQÇOçŒà»è„êlå˚Å@íj,Å@ÇQÇOçŒà»è„êlå˚Å@èó,Å@ÇUÇTçŒà»è„êlå˚Å@ëçêî,Å@ÇUÇTçŒà»è„êlå˚Å@íj,Å@ÇUÇTçŒà»è„êlå˚Å@èó,Å@ÇVÇTçŒà»è„êlå˚Å@ëçêî,Å@ÇVÇTçŒà»è„êlå˚Å@íj,Å@ÇVÇTçŒà»è„êlå˚Å@èó,Å@ÇWÇTçŒà»è„êlå˚Å@ëçêî,Å@ÇWÇTçŒà»è„êlå˚Å@íj,Å@ÇWÇTçŒà»è„êlå˚Å@èó,Å@ÇXÇTçŒà»è„êlå˚Å@ëçêî,Å@ÇXÇTçŒà»è„êlå˚Å@íj,Å@ÇXÇTçŒà»è„êlå˚Å@èó,Å@äOçëêlêlå˚Å@ëçêî,Å@äOçëêlêlå˚Å@íj,Å@äOçëêlêlå˚Å@èó,Å@ê¢ë—ëçêî,Å@àÍî ê¢ë—êî,Å@ÇPêlê¢ë—êîÅ@àÍî ê¢ë—êî,Å@ÇQêlê¢ë—êîÅ@àÍî ê¢ë—êî,Å@ÇRêlê¢ë—êîÅ@àÍî ê¢ë—êî,Å@ÇSêlê¢ë—êîÅ@àÍî ê¢ë—êî,Å@ÇTêlê¢ë—êîÅ@àÍî ê¢ë—êî,Å@ÇUêlê¢ë—êîÅ@àÍî ê¢ë—êî,Å@ÇVêlà»è„ê¢ë—êîÅ@àÍî ê¢ë—êî,Å@êeë∞ÇÃÇ›ÇÃê¢ë—êîÅ@àÍî ê¢ë—êî,Å@äjâ∆ë∞ê¢ë—êîÅ@àÍî ê¢ë—êî,Å@äjâ∆ë∞à»äOÇÃê¢ë—êîÅ@àÍî ê¢ë—êî,Å@ÇUçŒñ¢ñûê¢ë—àıÇÃÇ¢ÇÈê¢ë—êîÅ@àÍî ê¢ë—êî,Å@ÇUÇTçŒà»è„ê¢ë—àıÇÃÇ¢ÇÈê¢ë—êîÅ@àÍî ê¢ë—êî,Å@ê¢ë—éÂÇÃîNóÓÇ™ÇQÇOÅ`ÇQÇXçŒÇÃÇPêlê¢ë—êîÅ@àÍî ê¢ë—êî,Å@çÇóÓíPêgê¢ë—êîÅ@àÍî ê¢ë—êî,Å@çÇóÓïvïwê¢ë—êîÅ@àÍî ê¢ë—êî
593907091,0,,,63,36,27,5,2,3,58,34,24,36,24,12,55,32,23,55,32,23,22,10,12,7,2,5,5,2,3,0,0,0,0,0,0,21,21,4,9,0,5,1,0,2,16,11,5,1,16,0,2,3
593907092,0,,,65,35,30,7,4,3,58,31,27,34,22,12,52,26,26,50,24,26,24,9,15,7,2,5,4,1,3,0,0,0,0,0,0,17,17,3,4,2,1,1,4,2,14,5,9,0,14,0,3,1
593907094,0,,,226,108,118,50,23,27,176,85,91,141,67,74,163,78,85,157,76,81,35,18,17,21,11,10,1,0,1,0,0,0,0,0,0,73,73,11,17,16,17,8,3,1,61,50,11,9,22,0,4,3
593965884,2,593965982,,2,1,1,*,*,*,*,*,*,*,*,*,*,*,*,*,*,*,*,*,*,*,*,*,*,*,*,*,*,*,*,*,*,2,2,*,*,*,*,*,*,*,*,*,*,*,*,*,*,*
593965981,0,,,61,30,31,0,0,0,60,29,31,10,6,4,60,29,31,60,29,31,50,23,27,26,12,14,11,4,7,0,0,0,1,1,0,36,36,14,19,3,0,0,0,0,22,19,3,0,31,0,11,15
593965982,1,,593965884,15,9,6,0,0,0,17,10,7,9,5,4,17,10,7,17,10,7,8,5,3,5,3,2,5,3,2,0,0,0,0,0,0,10,10,8,3,1,0,0,0,0,4,4,0,0,7,0,5,1
593966302,0,,,27,13,14,0,0,0,27,13,14,12,6,6,27,13,14,27,13,14,15,7,8,8,2,6,4,0,4,1,0,1,0,0,0,14,14,6,4,3,1,0,0,0,8,7,1,0,12,0,5,2
593966303,0,,,92,46,46,5,2,3,87,44,43,41,20,21,86,44,42,86,44,42,46,24,22,19,9,10,5,2,3,1,1,0,0,0,0,36,36,8,10,14,1,0,3,0,28,22,6,1,29,0,5,4
593966304,0,,,18,8,10,0,0,0,18,8,10,3,2,1,18,8,10,18,8,10,15,6,9,9,3,6,4,2,2,0,0,0,0,0,0,10,10,4,4,2,0,0,0,0,6,5,1,0,10,0,4,3
593966313,0,,,48,22,26,0,0,0,48,22,26,20,12,8,48,22,26,48,22,26,28,10,18,14,4,10,5,2,3,0,0,0,0,0,0,27,27,13,8,5,1,0,0,0,14,13,1,0,22,0,10,4
593966314,0,,,48,23,25,0,0,0,48,23,25,15,5,10,47,23,24,46,23,23,33,18,15,12,7,5,3,2,1,0,0,0,0,0,0,25,25,8,14,1,1,1,0,0,17,15,2,0,20,0,5,12
593966321,2,593966323,,1,0,1,*,*,*,*,*,*,*,*,*,*,*,*,*,*,*,*,*,*,*,*,*,*,*,*,*,*,*,*,*,*,1,1,*,*,*,*,*,*,*,*,*,*,*,*,*,*,*
593966323,1,,593966321,113,60,53,2,1,1,112,59,53,36,22,14,112,59,53,112,59,53,76,37,39,46,18,28,6,2,4,1,0,1,0,0,0,56,56,20,23,9,4,1,0,0,36,32,4,2,50,0,18,14
593966324,0,,,64,31,33,0,0,0,64,31,33,25,13,12,63,31,32,62,31,31,39,18,21,24,11,13,4,1,3,0,0,0,0,0,0,32,32,13,8,9,2,0,0,0,19,16,3,0,26,0,9,7
593966333,2,593966334,,4,2,2,*,*,*,*,*,*,*,*,*,*,*,*,*,*,*,*,*,*,*,*,*,*,*,*,*,*,*,*,*,*,2,2,*,*,*,*,*,*,*,*,*,*,*,*,*,*,*
593966334,1,,593966333,58,20,38,0,0,0,62,22,40,9,4,5,62,22,40,62,22,40,53,18,35,43,14,29,28,6,22,5,1,4,0,0,0,14,13,5,8,1,0,0,1,0,10,9,1,0,14,0,4,6
593966342,0,,,18,10,8,1,0,1,17,10,7,12,7,5,17,10,7,16,9,7,5,3,2,2,1,1,1,1,0,1,1,0,0,0,0,7,7,2,2,2,0,0,1,0,5,3,2,0,4,0,1,1
593966343,0,,,14,8,6,0,0,0,14,8,6,6,3,3,14,8,6,14,8,6,8,5,3,4,2,2,3,1,2,0,0,0,0,0,0,6,6,2,2,0,2,0,0,0,4,3,1,0,6,0,2,1
593966344,0,,,33,11,22,0,0,0,33,11,22,5,3,2,33,11,22,33,11,22,28,8,20,25,7,18,19,5,14,5,1,4,0,0,0,6,5,1,3,1,0,0,0,0,4,4,0,0,4,0,1,2
593966352,0,,,158,64,94,7,3,4,150,60,90,40,23,17,148,58,90,147,58,89,110,37,73,65,16,49,38,6,32,10,0,10,0,0,0,53,52,20,20,6,2,1,3,0,31,22,9,2,43,0,16,8
593966354,1,,593966452,169,74,95,7,4,3,166,73,93,74,37,37,165,72,93,163,72,91,92,36,56,51,18,33,15,4,11,0,0,0,0,0,0,73,73,22,31,13,4,3,2,1,54,39,15,2,61,1,13,19
593966421,2,593966422,,3,2,1,*,*,*,*,*,*,*,*,*,*,*,*,*,*,*,*,*,*,*,*,*,*,*,*,*,*,*,*,*,*,1,1,*,*,*,*,*,*,*,*,*,*,*,*,*,*,*
593966422,1,,593966421,35,14,21,2,1,1,36,15,21,15,5,10,36,15,21,36,15,21,21,10,11,11,4,7,4,3,1,0,0,0,0,0,0,17,17,4,9,4,1,0,0,0,14,12,2,1,14,0,4,7
593966431,0,,,40,17,23,1,1,0,39,16,23,15,10,5,37,15,22,37,15,22,24,6,18,14,3,11,5,0,5,1,0,1,1,0,1,20,20,7,8,3,2,0,0,0,13,12,1,0,17,0,7,4
593966432,0,,,41,23,18,1,1,0,40,22,18,19,11,8,40,22,18,39,22,17,21,11,10,10,5,5,1,1,0,0,0,0,0,0,0,19,19,8,4,3,4,0,0,0,11,10,1,0,15,0,6,2
593966452,2,593966354,,4,3,1,*,*,*,*,*,*,*,*,*,*,*,*,*,*,*,*,*,*,*,*,*,*,*,*,*,*,*,*,*,*,3,3,*,*,*,*,*,*,*,*,*,*,*,*,*,*,*
593966461,0,,,70,31,39,2,1,1,68,30,38,28,15,13,66,29,37,64,27,37,40,15,25,16,3,13,11,1,10,1,0,1,0,0,0,36,36,16,11,6,2,0,1,0,20,15,5,0,25,1,10,7
593966462,1,,593966464,74,37,37,1,0,1,79,40,39,30,17,13,79,40,39,78,40,38,49,23,26,29,12,17,7,4,3,0,0,0,1,0,1,33,33,9,15,11,2,0,0,0,28,24,4,0,33,0,8,10
593966463,0,,,10,4,6,0,0,0,10,4,6,1,1,0,10,4,6,10,4,6,9,3,6,7,1,6,1,0,1,0,0,0,0,0,0,7,7,4,3,0,0,0,0,0,3,3,0,0,7,0,4,2
593966464,2,593966462,,6,3,3,*,*,*,*,*,*,*,*,*,*,*,*,*,*,*,*,*,*,*,*,*,*,*,*,*,*,*,*,*,*,4,4,*,*,*,*,*,*,*,*,*,*,*,*,*,*,*
593966471,0,,,168,83,85,7,6,1,161,77,84,71,35,36,159,76,83,159,76,83,90,42,48,43,19,24,15,4,11,1,1,0,0,0,0,75,75,21,28,17,6,2,1,0,54,39,15,2,61,0,20,15
593966473,0,,,40,20,20,0,0,0,40,20,20,11,6,5,40,20,20,40,20,20,29,14,15,13,7,6,2,0,2,0,0,0,0,0,0,22,22,8,11,2,1,0,0,0,14,12,2,0,18,0,6,7
593966562,1,,593966564,199,102,97,24,13,11,179,91,88,106,53,53,170,86,84,168,86,82,73,38,35,33,15,18,7,4,3,0,0,0,0,0,0,90,90,31,34,8,15,4,0,0,61,57,4,4,53,0,22,17
593966564,2,593966562,,4,2,2,*,*,*,*,*,*,*,*,*,*,*,*,*,*,*,*,*,*,*,*,*,*,*,*,*,*,*,*,*,*,2,2,*,*,*,*,*,*,*,*,*,*,*,*,*,*,*
593966571,0,,,125,66,59,1,0,1,124,66,58,59,39,20,115,57,58,113,56,57,65,27,38,33,11,22,13,3,10,0,0,0,0,0,0,67,66,30,24,10,2,0,0,0,36,29,7,0,43,5,15,15
593966572,0,,,134,61,73,8,4,4,126,57,69,51,25,26,124,57,67,123,56,67,75,32,43,38,15,23,19,8,11,0,0,0,0,0,0,66,66,21,27,13,5,0,0,0,45,38,7,2,48,0,17,19
593966573,0,,,30,10,20,0,0,0,30,10,20,11,5,6,30,10,20,30,10,20,19,5,14,12,3,9,4,1,3,0,0,0,0,0,0,16,16,6,7,2,1,0,0,0,10,10,0,0,15,0,6,3
593966574,1,,593966583,281,132,149,11,4,7,273,128,145,122,62,60,267,124,143,266,124,142,151,66,85,75,26,49,29,8,21,1,0,1,6,5,1,150,150,70,51,16,7,4,1,1,79,69,10,3,104,3,42,30
593966583,2,593966574,,7,2,5,*,*,*,*,*,*,*,*,*,*,*,*,*,*,*,*,*,*,*,*,*,*,*,*,*,*,*,*,*,*,1,0,*,*,*,*,*,*,*,*,*,*,*,*,*,*,*
593966662,0,,,46,25,21,0,0,0,45,24,21,12,9,3,45,24,21,45,24,21,33,15,18,12,5,7,3,1,2,0,0,0,0,0,0,26,26,11,10,5,0,0,0,0,15,14,1,0,20,0,6,9
593966664,0,,,46,23,23,0,0,0,43,21,22,18,11,7,42,20,22,42,20,22,25,10,15,13,5,8,2,1,1,0,0,0,0,0,0,22,22,4,13,4,1,0,0,0,17,15,2,0,16,0,2,7
593966671,0,,,444,202,242,29,14,15,414,187,227,181,86,95,408,185,223,405,183,222,233,101,132,101,42,59,31,10,21,2,0,2,0,0,0,203,203,67,74,31,22,6,3,0,134,113,21,8,154,0,50,44
593966672,0,,,500,241,259,23,13,10,466,221,245,223,121,102,462,220,242,460,219,241,243,100,143,140,47,93,57,20,37,2,0,2,0,0,0,249,248,110,82,30,20,5,0,1,135,113,22,7,161,4,58,41
593966673,0,,,434,214,220,48,27,21,380,183,197,220,119,101,371,179,192,366,176,190,160,64,96,87,32,55,19,9,10,1,0,1,1,0,1,209,209,82,67,30,23,6,1,0,126,107,19,14,118,5,44,32
593966674,0,,,312,147,165,30,13,17,282,134,148,167,90,77,274,128,146,271,127,144,115,44,71,57,21,36,13,6,7,0,0,0,0,0,0,170,170,84,50,24,5,6,1,0,85,80,5,5,85,5,38,19
593966681,2,593966683,,4,1,3,*,*,*,*,*,*,*,*,*,*,*,*,*,*,*,*,*,*,*,*,*,*,*,*,*,*,*,*,*,*,1,1,*,*,*,*,*,*,*,*,*,*,*,*,*,*,*
593966683,1,,593966681,107,39,68,15,4,11,96,36,60,36,18,18,94,35,59,94,35,59,60,18,42,49,12,37,33,7,26,8,0,8,0,0,0,30,29,8,7,8,5,1,1,0,22,21,1,4,17,0,5,4
593966771,2,593966772,,11,7,4,*,*,*,*,*,*,*,*,*,*,*,*,*,*,*,*,*,*,*,*,*,*,*,*,*,*,*,*,*,*,6,6,*,*,*,*,*,*,*,*,*,*,*,*,*,*,*
593966772,1,,593966771,82,39,43,7,2,5,85,43,42,48,22,26,83,42,41,82,42,40,37,21,16,16,6,10,2,0,2,0,0,0,0,0,0,37,37,16,14,6,6,0,0,1,27,23,4,1,30,0,12,5
593966781,0,,,241,127,114,15,9,6,225,117,108,106,61,45,224,116,108,222,115,107,119,56,63,62,26,36,20,7,13,2,1,1,0,0,0,110,110,36,40,20,10,1,1,2,74,64,10,2,79,1,24,25
593966783,2,593966784,,5,2,3,*,*,*,*,*,*,*,*,*,*,*,*,*,*,*,*,*,*,*,*,*,*,*,*,*,*,*,*,*,*,3,3,*,*,*,*,*,*,*,*,*,*,*,*,*,*,*
593966784,1,,593966783,514,246,268,41,21,20,474,225,249,222,109,113,461,218,243,455,215,240,252,116,136,116,45,71,45,16,29,2,0,2,1,1,0,211,211,46,89,49,14,7,6,3,167,141,26,10,165,0,40,47
593966793,1,,593966794,296,152,144,20,13,7,277,138,139,143,78,65,269,134,135,267,132,135,134,60,74,61,25,36,26,12,14,1,1,0,0,0,0,132,132,38,51,24,18,3,0,0,95,82,13,9,86,0,21,28
593966794,2,593966793,,3,1,2,*,*,*,*,*,*,*,*,*,*,*,*,*,*,*,*,*,*,*,*,*,*,*,*,*,*,*,*,*,*,2,2,*,*,*,*,*,*,*,*,*,*,*,*,*,*,*
593966882,0,,,106,55,51,6,5,1,100,50,50,50,27,23,95,47,48,93,46,47,50,23,27,28,14,14,9,5,4,0,0,0,0,0,0,48,48,17,12,13,5,0,1,0,31,26,5,2,36,1,14,8
593966884,0,,,74,35,39,1,1,0,71,33,38,23,11,12,69,33,36,69,33,36,48,22,26,30,12,18,10,6,4,0,0,0,0,0,0,34,34,8,17,6,1,2,0,0,25,21,4,0,30,0,6,9
593966891,0,,,187,84,103,8,5,3,178,78,100,85,41,44,171,74,97,170,73,97,93,37,56,55,20,35,27,6,21,1,0,1,1,0,1,80,79,26,27,18,5,2,0,1,53,46,7,1,52,1,17,16
593966892,0,,,111,50,61,16,6,10,94,44,50,59,27,32,92,43,49,90,42,48,35,17,18,11,7,4,2,2,0,0,0,0,0,0,0,51,51,20,12,13,3,2,1,0,31,28,3,5,24,4,7,6
593966893,0,,,105,52,53,1,1,0,101,49,52,46,24,22,99,48,51,97,46,51,55,25,30,29,14,15,9,4,5,0,0,0,0,0,0,50,50,15,21,10,3,0,1,0,35,32,3,0,36,0,8,12
593966923,0,,,69,60,9,0,0,0,69,60,9,69,60,9,69,60,9,58,50,8,0,0,0,0,0,0,0,0,0,0,0,0,0,0,0,1,0,0,0,0,0,0,0,0,0,0,0,0,0,0,0,0
593966971,0,,,22,10,12,1,0,1,21,10,11,6,3,3,21,10,11,20,9,11,15,7,8,7,2,5,3,1,2,0,0,0,0,0,0,11,11,5,3,2,0,1,0,0,6,5,1,0,10,0,5,3
593966973,0,,,25,10,15,0,0,0,25,10,15,5,3,2,25,10,15,25,10,15,20,7,13,7,2,5,2,0,2,0,0,0,0,0,0,13,13,4,7,1,1,0,0,0,8,7,1,0,13,0,4,4
593966974,0,,,14,6,8,0,0,0,14,6,8,3,1,2,14,6,8,14,6,8,11,5,6,7,3,4,3,1,2,0,0,0,0,0,0,7,7,0,7,0,0,0,0,0,7,7,0,0,7,0,0,5
593966981,0,,,36,15,21,0,0,0,36,15,21,12,6,6,35,15,20,34,14,20,24,9,15,15,5,10,4,1,3,0,0,0,0,0,0,17,17,7,5,2,2,1,0,0,10,7,3,0,16,0,6,3
593966982,0,,,168,45,123,4,2,2,164,43,121,36,17,19,164,43,121,163,43,120,128,26,102,111,19,92,75,8,67,19,2,17,0,0,0,32,31,12,7,5,3,2,0,2,19,14,5,1,24,0,8,6
593966983,0,,,93,44,49,1,0,1,92,44,48,39,20,19,92,44,48,91,43,48,53,24,29,25,12,13,8,3,5,0,0,0,0,0,0,40,40,15,9,7,6,3,0,0,25,17,8,0,33,0,10,8
593966991,0,,,15,8,7,0,0,0,15,8,7,5,3,2,15,8,7,14,7,7,10,5,5,5,3,2,1,0,1,0,0,0,0,0,0,7,7,2,3,1,1,0,0,0,5,4,1,0,6,0,2,2
593967492,0,,,29,15,14,4,2,2,25,13,12,14,8,6,25,13,12,25,13,12,11,5,6,4,1,3,1,1,0,0,0,0,0,0,0,11,11,2,4,3,1,0,1,0,9,8,1,1,7,0,1,3
593967494,0,,,324,155,169,34,20,14,288,133,155,185,87,98,278,127,151,272,123,149,103,46,57,38,16,22,8,2,6,1,0,1,8,5,3,136,136,37,49,23,19,5,2,1,99,82,17,6,74,1,21,26
593967582,0,,,20,8,12,2,1,1,18,7,11,15,5,10,18,7,11,17,7,10,3,2,1,1,0,1,1,0,1,0,0,0,0,0,0,7,7,0,3,2,2,0,0,0,7,7,0,1,3,0,0,1
593967583,2,593967584,,4,2,2,*,*,*,*,*,*,*,*,*,*,*,*,*,*,*,*,*,*,*,*,*,*,*,*,*,*,*,*,*,*,2,2,*,*,*,*,*,*,*,*,*,*,*,*,*,*,*
593967584,1,,593967583,212,104,108,21,11,10,195,95,100,121,62,59,187,89,98,183,85,98,74,33,41,36,15,21,10,4,6,0,0,0,0,0,0,85,85,15,37,20,9,5,1,0,72,59,13,2,52,1,9,16
593967591,0,,,293,142,151,42,23,19,250,118,132,156,75,81,244,115,129,240,113,127,94,43,51,45,21,24,9,3,6,1,0,1,0,0,0,116,116,30,38,20,17,7,4,0,86,73,13,7,63,1,18,21
593967592,0,,,578,265,313,67,34,33,511,231,280,329,159,170,488,222,266,478,216,262,182,72,110,95,33,62,40,8,32,6,1,5,2,0,2,204,203,42,68,33,49,9,1,1,159,137,22,10,93,1,23,28
593967593,0,,,660,301,359,86,47,39,574,254,320,350,163,187,556,248,308,547,242,305,224,91,133,119,39,80,45,9,36,9,2,7,6,0,6,276,275,97,82,45,30,15,5,1,176,142,34,19,136,9,46,37
593967594,0,,,177,93,84,19,11,8,158,82,76,102,57,45,151,76,75,146,74,72,56,25,31,25,9,16,8,2,6,0,0,0,0,0,0,63,63,9,21,12,16,4,1,0,54,43,11,2,40,0,8,11
593967672,2,593967674,,4,1,3,*,*,*,*,*,*,*,*,*,*,*,*,*,*,*,*,*,*,*,*,*,*,*,*,*,*,*,*,*,*,1,1,*,*,*,*,*,*,*,*,*,*,*,*,*,*,*
593967673,0,,,81,42,39,13,9,4,68,33,35,43,23,20,67,33,34,67,33,34,25,10,15,8,3,5,3,0,3,0,0,0,0,0,0,37,37,14,10,8,3,1,1,0,23,21,2,3,19,0,6,5
593967674,1,,593967672,431,222,209,33,21,12,402,202,200,247,127,120,388,196,192,374,189,185,155,75,80,61,29,32,11,4,7,0,0,0,0,0,0,161,161,33,48,38,29,8,6,0,128,102,26,12,100,0,22,19
593967681,0,,,127,60,67,13,6,7,112,53,59,57,26,31,110,53,57,108,51,57,55,27,28,27,14,13,4,2,2,1,1,0,0,0,0,50,50,11,19,7,8,5,0,0,38,27,11,2,37,0,8,10
593967682,0,,,361,166,195,34,20,14,327,146,181,209,95,114,315,144,171,308,141,167,118,51,67,56,19,37,16,4,12,2,0,2,3,0,3,140,140,32,48,25,22,10,1,2,108,85,23,7,82,4,20,20
593967683,0,,,101,52,49,22,14,8,77,37,40,47,21,26,75,36,39,73,36,37,30,16,14,11,5,6,2,0,2,0,0,0,0,0,0,38,38,11,11,7,3,3,1,2,27,22,5,7,20,1,6,4
593967684,0,,,128,57,71,14,6,8,114,51,63,60,28,32,110,49,61,110,49,61,54,23,31,25,8,17,9,2,7,0,0,0,3,2,1,50,50,8,19,13,8,1,1,0,42,37,5,3,35,0,6,11
593967691,1,,593967693,643,307,336,101,46,55,539,257,282,388,192,196,523,249,274,515,245,270,151,65,86,60,24,36,14,6,8,0,0,0,9,6,3,275,275,85,88,51,36,14,2,1,191,172,19,23,102,9,29,24
593967692,0,,,51,26,25,5,3,2,46,23,23,28,16,12,44,21,23,44,21,23,18,7,11,7,4,3,2,1,1,0,0,0,0,0,0,19,19,4,5,5,3,2,0,0,15,13,2,1,13,0,2,1
593967693,2,593967691,,4,2,2,*,*,*,*,*,*,*,*,*,*,*,*,*,*,*,*,*,*,*,*,*,*,*,*,*,*,*,*,*,*,2,2,*,*,*,*,*,*,*,*,*,*,*,*,*,*,*
593967694,0,,,265,129,136,21,11,10,244,118,126,131,68,63,235,112,123,232,111,121,113,50,63,39,18,21,7,3,4,0,0,0,0,0,0,103,103,19,44,21,9,3,6,1,84,66,18,3,77,0,15,21
593967751,0,,,15,5,10,1,0,1,14,5,9,9,4,5,12,4,8,12,4,8,5,1,4,2,0,2,0,0,0,0,0,0,0,0,0,4,4,0,0,1,3,0,0,0,4,1,3,0,4,0,0,0
593967753,0,,,277,137,140,41,23,18,235,113,122,161,81,80,224,109,115,218,104,114,74,32,42,40,15,25,8,3,5,0,0,0,0,0,0,104,104,27,25,21,22,5,4,0,76,65,11,10,50,0,13,13
593967754,0,,,523,222,301,40,21,19,464,193,271,250,119,131,454,187,267,442,181,261,214,74,140,150,43,107,95,23,72,17,5,12,1,1,0,177,175,51,60,33,20,9,2,0,119,106,13,11,65,2,14,22
593967762,2,593967764,,6,2,4,*,*,*,*,*,*,*,*,*,*,*,*,*,*,*,*,*,*,*,*,*,*,*,*,*,*,*,*,*,*,3,3,*,*,*,*,*,*,*,*,*,*,*,*,*,*,*
593967763,0,,,71,33,38,11,7,4,60,26,34,45,21,24,57,24,33,54,22,32,15,5,10,8,3,5,0,0,0,0,0,0,0,0,0,23,23,2,7,5,5,4,0,0,21,18,3,3,11,0,2,2
593967764,1,,593967762,354,165,189,28,17,11,332,150,182,170,84,86,324,144,180,318,140,178,162,66,96,82,32,50,17,4,13,2,0,2,0,0,0,130,130,27,44,24,24,7,7,0,106,72,34,7,104,0,19,27
593967771,0,,,320,147,173,31,18,13,286,127,159,166,78,88,279,125,154,275,124,151,120,49,71,64,30,34,16,9,7,0,0,0,0,0,0,126,126,28,43,24,25,3,2,1,98,73,25,9,80,1,17,21
593967772,0,,,95,49,46,11,5,6,82,43,39,49,25,24,81,42,39,80,42,38,33,18,15,16,9,7,7,3,4,0,0,0,0,0,0,40,40,9,18,5,7,0,0,1,30,26,4,3,22,2,5,7
593967773,0,,,471,211,260,27,15,12,441,195,246,233,109,124,424,186,238,417,183,234,208,86,122,108,40,68,43,14,29,1,0,1,0,0,0,204,204,62,67,45,16,9,4,1,141,113,28,6,140,0,39,41
593967774,0,,,143,72,71,11,5,6,132,67,65,72,38,34,132,67,65,130,67,63,60,29,31,34,16,18,7,4,3,0,0,0,0,0,0,64,63,19,26,9,5,4,0,0,44,36,8,1,41,0,13,14
593967781,0,,,38,19,19,4,3,1,34,16,18,24,12,12,33,16,17,31,16,15,10,4,6,2,1,1,1,0,1,0,0,0,0,0,0,17,17,6,5,3,2,1,0,0,11,11,0,2,7,0,2,1
593967784,0,,,8,4,4,0,0,0,8,4,4,3,1,2,8,4,4,8,4,4,5,3,2,3,2,1,2,2,0,0,0,0,0,0,0,4,4,1,2,1,0,0,0,0,3,3,0,0,3,0,1,2
593967791,0,,,122,52,70,5,2,3,117,50,67,72,29,43,112,48,64,108,47,61,45,21,24,16,8,8,4,1,3,0,0,0,2,1,1,70,70,40,16,9,3,1,1,0,30,28,2,2,39,0,26,5
593967792,0,,,42,23,19,6,4,2,36,19,17,14,6,8,36,19,17,36,19,17,22,13,9,3,1,2,1,0,1,0,0,0,0,0,0,24,24,12,8,2,2,0,0,0,12,11,1,0,16,0,9,4
593967793,0,,,26,10,16,3,2,1,23,8,15,16,7,9,22,8,14,21,8,13,7,1,6,5,1,4,1,0,1,0,0,0,0,0,0,7,7,0,2,2,0,2,1,0,7,4,3,1,6,0,0,0
593967794,0,,,13,7,6,0,0,0,13,7,6,8,5,3,13,7,6,13,7,6,5,2,3,5,2,3,0,0,0,0,0,0,0,0,0,5,5,1,1,2,1,0,0,0,4,2,2,0,3,0,0,1
593967812,0,,,151,78,73,12,8,4,139,70,69,54,34,20,138,69,69,138,69,69,85,36,49,42,18,24,12,6,6,0,0,0,0,0,0,68,68,20,23,16,8,1,0,0,48,40,8,4,54,1,16,14
593967814,0,,,74,39,35,3,0,3,70,38,32,34,22,12,70,38,32,70,38,32,36,16,20,20,9,11,10,4,6,0,0,0,5,4,1,33,33,8,15,7,1,1,1,0,23,18,5,1,23,1,5,9
593967821,0,,,138,66,72,12,7,5,126,59,67,53,28,25,122,58,64,121,57,64,73,31,42,41,15,26,12,7,5,0,0,0,0,0,0,57,57,15,23,8,6,3,1,1,41,33,8,3,51,0,13,15
593967822,0,,,141,71,70,11,6,5,130,65,65,60,36,24,126,63,63,125,62,63,70,29,41,29,8,21,12,3,9,1,0,1,1,0,1,63,63,21,22,11,4,4,0,1,42,31,11,3,49,0,16,8
593967823,0,,,235,106,129,8,3,5,226,103,123,112,55,57,222,100,122,220,99,121,114,48,66,66,26,40,27,8,19,0,0,0,0,0,0,105,105,36,33,21,8,4,3,0,68,48,20,1,82,0,27,19
593967824,0,,,57,26,31,2,0,2,54,25,29,21,12,9,52,24,28,52,24,28,33,13,20,14,6,8,4,3,1,0,0,0,0,0,0,26,26,6,11,7,2,0,0,0,20,16,4,0,24,0,5,7
593967832,2,593967834,,11,6,5,*,*,*,*,*,*,*,*,*,*,*,*,*,*,*,*,*,*,*,*,*,*,*,*,*,*,*,*,*,*,5,5,*,*,*,*,*,*,*,*,*,*,*,*,*,*,*
593967833,2,593967834,,2,1,1,*,*,*,*,*,*,*,*,*,*,*,*,*,*,*,*,*,*,*,*,*,*,*,*,*,*,*,*,*,*,1,1,*,*,*,*,*,*,*,*,*,*,*,*,*,*,*
593967834,1,,593967832;593967833,297,127,170,44,18,26,263,115,148,172,80,92,253,108,145,246,105,141,91,35,56,54,15,39,25,4,21,4,0,4,0,0,0,107,106,25,42,17,25,1,0,2,85,78,7,12,38,3,3,16
593967841,0,,,483,217,266,93,47,46,388,170,218,300,139,161,359,156,203,344,149,195,88,31,57,48,14,34,17,4,13,2,0,2,4,3,1,174,173,36,47,44,33,12,1,0,137,133,4,23,48,1,20,13
593967842,0,,,145,64,81,11,7,4,134,57,77,50,25,25,130,55,75,130,55,75,84,32,52,70,24,46,51,15,36,7,2,5,0,0,0,29,27,5,9,6,5,1,0,1,22,18,4,2,10,0,3,3
593967843,0,,,282,128,154,36,13,23,246,115,131,188,86,102,237,112,125,232,109,123,58,29,29,28,12,16,8,2,6,1,0,1,1,0,1,107,107,15,41,25,21,4,1,0,92,85,7,10,40,1,7,14
593967844,0,,,131,63,68,37,17,20,94,46,48,69,35,34,89,45,44,87,44,43,25,11,14,12,5,7,3,2,1,0,0,0,0,0,0,43,43,5,11,11,9,7,0,0,38,37,1,7,16,0,5,4
593967851,0,,,442,196,246,46,19,27,395,176,219,215,103,112,386,173,213,381,171,210,180,73,107,80,31,49,18,6,12,2,1,1,1,0,1,205,205,61,83,35,21,4,1,0,143,127,16,10,126,1,33,48
593967852,0,,,641,300,341,50,26,24,581,268,313,324,158,166,570,263,307,563,260,303,257,110,147,133,48,85,43,11,32,4,0,4,3,0,3,292,292,87,109,61,24,9,2,0,203,176,27,16,177,7,50,51
593967853,0,,,445,209,236,67,31,36,372,175,197,227,121,106,355,165,190,349,161,188,145,54,91,80,24,56,31,7,24,4,1,3,0,0,0,163,162,42,41,36,27,12,4,0,118,98,20,18,84,3,25,22
593967854,0,,,436,208,228,73,40,33,353,161,192,259,119,140,333,151,182,321,146,175,94,42,52,41,18,23,13,6,7,1,0,1,1,0,1,179,179,53,54,32,26,10,3,1,124,113,11,21,65,6,22,19
593967861,0,,,328,153,175,19,13,6,309,140,169,163,79,84,302,137,165,298,136,162,146,61,85,78,28,50,38,12,26,0,0,0,0,0,0,154,154,55,50,31,13,2,3,0,98,79,19,5,107,0,41,24
593967862,0,,,176,77,99,8,3,5,168,74,94,76,38,38,165,74,91,162,73,89,92,36,56,47,17,30,15,3,12,0,0,0,0,0,0,77,77,17,35,16,5,3,1,0,60,52,8,3,61,0,13,20
593967863,0,,,703,339,364,74,40,34,626,296,330,404,201,203,611,290,321,600,282,318,222,95,127,89,30,59,21,6,15,4,1,3,1,0,1,291,290,68,113,59,36,10,3,1,220,195,25,17,145,3,36,43
593967864,0,,,69,30,39,7,4,3,62,26,36,32,13,19,61,26,35,61,26,35,30,13,17,18,7,11,2,0,2,0,0,0,0,0,0,36,36,15,15,2,3,0,1,0,21,17,4,2,23,0,9,7
593967871,1,,593967872,485,234,251,53,28,25,442,212,230,296,144,152,420,200,220,404,195,209,146,68,78,67,28,39,17,5,12,2,1,1,0,0,0,205,205,60,67,41,29,8,1,2,147,130,17,10,101,1,33,27
593967872,2,593967871,,11,6,5,*,*,*,*,*,*,*,*,*,*,*,*,*,*,*,*,*,*,*,*,*,*,*,*,*,*,*,*,*,*,3,3,*,*,*,*,*,*,*,*,*,*,*,*,*,*,*
593967881,2,593967882,,6,3,3,*,*,*,*,*,*,*,*,*,*,*,*,*,*,*,*,*,*,*,*,*,*,*,*,*,*,*,*,*,*,4,4,*,*,*,*,*,*,*,*,*,*,*,*,*,*,*
593967882,1,,593967881,76,34,42,4,2,2,78,35,43,38,19,19,76,33,43,74,32,42,40,16,24,21,5,16,4,2,2,0,0,0,0,0,0,36,36,18,11,4,5,2,0,0,22,16,6,2,29,0,11,5
593967883,0,,,44,24,20,3,2,1,41,22,19,26,16,10,41,22,19,40,22,18,15,6,9,8,3,5,3,1,2,0,0,0,0,0,0,19,19,6,6,3,3,1,0,0,13,9,4,1,11,0,3,2
593967884,0,,,123,68,55,5,4,1,117,63,54,62,39,23,117,63,54,117,63,54,55,24,31,27,10,17,8,4,4,0,0,0,0,0,0,50,50,13,18,8,8,1,1,1,36,22,14,2,40,0,9,6
593967891,2,593967894,,6,4,2,*,*,*,*,*,*,*,*,*,*,*,*,*,*,*,*,*,*,*,*,*,*,*,*,*,*,*,*,*,*,2,2,*,*,*,*,*,*,*,*,*,*,*,*,*,*,*
593967892,0,,,21,10,11,2,1,1,19,9,10,9,6,3,18,8,10,18,8,10,10,3,7,1,0,1,1,0,1,0,0,0,0,0,0,7,7,2,1,1,2,0,1,0,5,4,1,0,6,0,2,1
593967893,0,,,126,63,63,14,4,10,112,59,53,70,43,27,109,56,53,106,53,53,42,16,26,18,5,13,9,3,6,0,0,0,1,1,0,38,38,7,8,6,9,2,3,3,31,15,16,3,30,0,6,2
593967894,1,,593967891,181,85,96,12,7,5,175,82,93,93,48,45,171,80,91,170,79,91,82,34,48,40,11,29,21,5,16,1,1,0,0,0,0,68,68,15,24,15,6,7,1,2,53,34,19,2,55,0,11,7
593967901,0,,,15,6,9,0,0,0,15,6,9,4,1,3,15,6,9,15,6,9,11,5,6,6,2,4,4,1,3,0,0,0,0,0,0,6,6,0,4,1,1,0,0,0,6,4,2,0,5,0,0,3
593967902,0,,,10,6,4,0,0,0,10,6,4,3,2,1,10,6,4,10,6,4,7,4,3,6,3,3,3,2,1,0,0,0,0,0,0,5,5,2,1,2,0,0,0,0,2,2,0,0,5,0,2,0
593967904,0,,,12,4,8,0,0,0,12,4,8,6,2,4,12,4,8,12,4,8,6,2,4,3,1,2,1,0,1,0,0,0,0,0,0,7,7,3,3,1,0,0,0,0,4,3,1,0,4,0,1,2
593967912,0,,,69,24,45,2,2,0,67,22,45,22,11,11,67,22,45,65,21,44,45,11,34,30,5,25,12,1,11,2,0,2,0,0,0,21,20,4,7,5,2,2,0,0,16,9,7,1,17,0,4,2
593967913,0,,,51,26,25,4,1,3,47,25,22,22,12,10,47,25,22,47,25,22,25,13,12,18,10,8,6,4,2,1,1,0,0,0,0,22,22,7,6,6,2,0,1,0,15,14,1,1,17,0,4,4
593967914,0,,,160,74,86,19,6,13,141,68,73,74,38,36,140,67,73,137,65,72,67,30,37,33,13,20,11,4,7,1,0,1,0,0,0,67,67,16,26,14,6,4,1,0,51,41,10,4,45,0,11,15
593967921,2,593967922,,32,11,21,*,*,*,*,*,*,*,*,*,*,*,*,*,*,*,*,*,*,*,*,*,*,*,*,*,*,*,*,*,*,4,3,*,*,*,*,*,*,*,*,*,*,*,*,*,*,*
593967922,1,,593967921,245,119,126,36,15,21,241,115,126,156,83,73,229,108,121,227,108,119,85,32,53,53,18,35,26,6,20,4,1,3,1,1,0,98,98,30,28,19,14,8,2,0,71,63,8,9,40,2,12,13
593967923,0,,,382,179,203,26,18,8,356,161,195,191,91,100,353,161,192,347,157,190,165,70,95,97,38,59,29,8,21,0,0,0,0,0,0,159,159,32,71,32,12,8,4,0,125,104,21,6,116,0,23,35
593967924,0,,,287,123,164,25,17,8,262,106,156,117,59,58,256,104,152,252,103,149,145,47,98,118,35,83,71,15,56,20,2,18,0,0,0,77,76,12,23,24,14,1,1,1,63,54,9,3,43,0,8,11
593967931,0,,,158,60,98,9,4,5,149,56,93,51,24,27,147,55,92,146,54,92,98,32,66,63,18,45,33,5,28,6,1,5,2,1,1,51,48,9,21,12,5,1,0,0,39,36,3,1,31,0,6,15
593967932,0,,,160,83,77,15,8,7,143,75,68,85,50,35,140,72,68,137,69,68,58,25,33,25,8,17,5,2,3,0,0,0,0,0,0,69,69,19,24,15,8,2,1,0,48,45,3,2,41,0,15,12
593967933,0,,,189,81,108,10,6,4,179,75,104,87,44,43,173,73,100,171,72,99,92,31,61,48,11,37,24,4,20,5,0,5,0,0,0,86,85,35,30,12,7,0,1,0,50,47,3,1,52,1,25,12
593967934,0,,,138,66,72,19,12,7,119,54,65,78,37,41,109,48,61,107,46,61,41,17,24,17,5,12,2,0,2,0,0,0,1,0,1,68,68,30,17,14,6,0,0,1,38,38,0,4,33,1,20,7
593967941,0,,,63,34,29,6,2,4,52,29,23,37,20,17,51,29,22,51,29,22,15,9,6,4,3,1,0,0,0,0,0,0,0,0,0,31,31,11,12,4,4,0,0,0,18,17,1,3,10,1,2,4
593967943,0,,,16,8,8,0,0,0,16,8,8,10,4,6,15,8,7,14,7,7,6,4,2,2,1,1,0,0,0,0,0,0,0,0,0,8,8,1,6,1,0,0,0,0,6,6,0,0,4,1,0,3
593967944,0,,,97,50,47,6,1,5,91,49,42,55,32,23,90,48,42,88,47,41,36,17,19,7,4,3,2,0,2,0,0,0,0,0,0,39,39,7,17,7,5,3,0,0,32,26,6,1,24,0,4,7
593967951,2,593967952,,3,1,2,*,*,*,*,*,*,*,*,*,*,*,*,*,*,*,*,*,*,*,*,*,*,*,*,*,*,*,*,*,*,1,1,*,*,*,*,*,*,*,*,*,*,*,*,*,*,*
593967952,1,,593967951,19,10,9,2,1,1,20,10,10,4,2,2,20,10,10,20,10,10,16,8,8,3,2,1,1,0,1,0,0,0,0,0,0,8,8,0,5,4,0,0,0,0,9,8,1,0,8,0,0,5
593967953,0,,,38,16,22,3,3,0,35,13,22,16,6,10,33,12,21,33,12,21,19,7,12,9,3,6,0,0,0,0,0,0,0,0,0,18,18,5,9,2,1,1,0,0,13,12,1,1,14,0,4,4
593967961,1,,593967962,16,9,7,0,0,0,14,7,7,10,5,5,14,7,7,14,7,7,4,2,2,4,2,2,0,0,0,0,0,0,1,1,0,12,12,8,5,0,0,0,0,0,4,4,0,0,2,2,0,2
593967962,2,593967961,,2,1,1,*,*,*,*,*,*,*,*,*,*,*,*,*,*,*,*,*,*,*,*,*,*,*,*,*,*,*,*,*,*,1,1,*,*,*,*,*,*,*,*,*,*,*,*,*,*,*
593967981,0,,,17,8,9,1,1,0,16,7,9,3,2,1,16,7,9,16,7,9,13,5,8,7,4,3,1,0,1,0,0,0,0,0,0,8,8,1,6,0,1,0,0,0,7,6,1,0,8,0,1,5
593967982,0,,,71,34,37,8,5,3,63,29,34,30,16,14,62,28,34,62,28,34,33,13,20,19,6,13,4,1,3,0,0,0,0,0,0,29,29,7,11,6,2,2,1,0,22,18,4,4,21,0,6,7
593975361,0,,,12,6,6,0,0,0,12,6,6,2,0,2,12,6,6,12,6,6,10,6,4,3,2,1,0,0,0,0,0,0,0,0,0,6,6,1,4,1,0,0,0,0,5,5,0,0,6,0,1,4
593975362,0,,,31,14,17,0,0,0,31,14,17,7,3,4,31,14,17,31,14,17,24,11,13,17,8,9,6,4,2,0,0,0,0,0,0,14,14,2,8,3,1,0,0,0,12,11,1,0,13,0,1,7
593975364,0,,,26,14,12,0,0,0,26,14,12,11,7,4,26,14,12,25,13,12,15,7,8,9,4,5,4,2,2,0,0,0,0,0,0,10,10,1,4,3,2,0,0,0,9,5,4,0,9,0,0,2
593975371,2,593975374,,4,1,3,*,*,*,*,*,*,*,*,*,*,*,*,*,*,*,*,*,*,*,*,*,*,*,*,*,*,*,*,*,*,2,2,*,*,*,*,*,*,*,*,*,*,*,*,*,*,*
593975374,1,,593975371,30,14,16,0,0,0,34,15,19,13,6,7,34,15,19,34,15,19,21,9,12,12,3,9,3,1,2,0,0,0,0,0,0,17,17,8,7,4,0,0,0,0,11,11,0,0,15,1,5,3
593975472,0,,,13,6,7,0,0,0,13,6,7,5,3,2,13,6,7,13,6,7,8,3,5,6,2,4,6,2,4,0,0,0,0,0,0,7,7,3,2,2,0,0,0,0,4,3,1,0,5,0,2,0
593975474,0,,,8,4,4,0,0,0,8,4,4,2,0,2,8,4,4,8,4,4,6,4,2,2,1,1,1,1,0,0,0,0,0,0,0,4,4,1,2,1,0,0,0,0,3,2,1,0,4,0,1,1
593975562,0,,,46,19,27,0,0,0,46,19,27,12,6,6,46,19,27,46,19,27,34,13,21,19,6,13,6,0,6,2,0,2,0,0,0,24,24,5,16,3,0,0,0,0,19,16,3,0,22,0,4,11
593975571,0,,,66,26,40,0,0,0,66,26,40,16,9,7,66,26,40,66,26,40,50,17,33,30,7,23,9,3,6,0,0,0,0,0,0,40,40,17,20,3,0,0,0,0,23,21,2,0,36,0,13,12
593975572,0,,,14,7,7,1,1,0,13,6,7,3,3,0,13,6,7,13,6,7,10,3,7,4,1,3,3,0,3,0,0,0,0,0,0,8,8,5,1,1,1,0,0,0,3,2,1,0,7,0,4,1
593975574,0,,,14,6,8,0,0,0,14,6,8,4,1,3,14,6,8,14,6,8,10,5,5,5,2,3,1,0,1,1,0,1,0,0,0,9,9,5,3,1,0,0,0,0,4,3,1,0,7,0,3,3
593975593,2,593975594,,9,3,6,*,*,*,*,*,*,*,*,*,*,*,*,*,*,*,*,*,*,*,*,*,*,*,*,*,*,*,*,*,*,5,5,*,*,*,*,*,*,*,*,*,*,*,*,*,*,*
593975594,1,,593975593,34,17,17,1,1,0,42,19,23,15,10,5,42,19,23,42,19,23,27,9,18,20,7,13,8,2,6,0,0,0,0,0,0,15,15,6,8,4,1,1,0,0,14,10,4,0,19,0,6,5
593975682,0,,,16,5,11,0,0,0,16,5,11,10,3,7,16,5,11,16,5,11,6,2,4,3,0,3,1,0,1,0,0,0,0,0,0,8,8,4,1,2,1,0,0,0,4,3,1,0,5,0,2,1
593975691,0,,,49,17,32,0,0,0,47,16,31,11,3,8,46,16,30,46,16,30,36,13,23,25,7,18,14,2,12,3,0,3,1,0,1,21,20,12,8,0,0,0,0,0,8,8,0,0,12,0,7,4
593975692,0,,,26,12,14,0,0,0,26,12,14,6,4,2,26,12,14,26,12,14,20,8,12,10,3,7,2,0,2,0,0,0,0,0,0,17,17,9,7,1,0,0,0,0,8,7,1,0,14,0,7,5
593975693,0,,,53,18,35,1,0,1,49,17,32,19,6,13,47,17,30,47,17,30,30,11,19,12,4,8,1,0,1,0,0,0,1,1,0,27,27,12,7,6,1,1,0,0,12,10,2,0,20,0,8,4
593975783,0,,,25,11,14,0,0,0,25,11,14,10,6,4,25,11,14,24,10,14,15,5,10,8,2,6,3,0,3,0,0,0,0,0,0,13,13,6,4,1,2,0,0,0,7,5,2,0,11,0,5,3
593975784,0,,,53,25,28,0,0,0,53,25,28,22,15,7,53,25,28,53,25,28,31,10,21,17,5,12,4,2,2,1,0,1,0,0,0,27,27,12,9,3,2,0,1,0,15,14,1,0,22,0,10,3
593975791,0,,,22,7,15,0,0,0,22,7,15,13,4,9,22,7,15,22,7,15,9,3,6,6,2,4,2,1,1,0,0,0,0,0,0,13,13,9,1,1,2,0,0,0,4,3,1,0,7,1,4,0
593975792,0,,,41,19,22,0,0,0,41,19,22,5,2,3,41,19,22,41,19,22,36,17,19,29,12,17,22,10,12,1,0,1,0,0,0,10,9,2,5,2,0,0,0,0,7,6,1,0,8,0,1,4
593975963,0,,,78,36,42,4,1,3,74,35,39,32,17,15,73,34,39,72,34,38,42,18,24,20,7,13,3,2,1,0,0,0,0,0,0,34,34,10,14,6,2,1,0,1,24,18,6,1,30,0,9,9
593975964,0,,,115,53,62,0,0,0,115,53,62,29,12,17,115,53,62,115,53,62,86,41,45,58,26,32,19,7,12,0,0,0,0,0,0,64,64,25,31,7,0,0,0,1,38,33,5,0,58,0,20,23
593976041,2,593976042,,4,1,3,*,*,*,*,*,*,*,*,*,*,*,*,*,*,*,*,*,*,*,*,*,*,*,*,*,*,*,*,*,*,3,3,*,*,*,*,*,*,*,*,*,*,*,*,*,*,*
593976042,1,,593976041,7,3,4,0,0,0,11,4,7,3,0,3,11,4,7,11,4,7,8,4,4,7,3,4,2,0,2,0,0,0,0,0,0,4,4,4,2,1,0,0,0,0,3,2,1,0,5,0,2,2
593976044,0,,,19,7,12,0,0,0,19,7,12,4,1,3,19,7,12,19,7,12,15,6,9,11,5,6,3,1,2,0,0,0,0,0,0,12,12,5,7,0,0,0,0,0,7,6,1,0,10,0,3,4
593976053,0,,,26,12,14,1,1,0,25,11,14,9,4,5,25,11,14,25,11,14,16,7,9,11,4,7,4,1,3,1,1,0,0,0,0,14,14,5,7,1,1,0,0,0,9,8,1,1,13,0,5,3
593976063,2,593976161,,1,1,0,*,*,*,*,*,*,*,*,*,*,*,*,*,*,*,*,*,*,*,*,*,*,*,*,*,*,*,*,*,*,1,1,*,*,*,*,*,*,*,*,*,*,*,*,*,*,*
593976064,2,593976161,,4,3,1,*,*,*,*,*,*,*,*,*,*,*,*,*,*,*,*,*,*,*,*,*,*,*,*,*,*,*,*,*,*,2,2,*,*,*,*,*,*,*,*,*,*,*,*,*,*,*
593976072,0,,,28,12,16,0,0,0,28,12,16,14,6,8,28,12,16,28,12,16,14,6,8,6,2,4,1,0,1,0,0,0,0,0,0,12,12,1,6,5,0,0,0,0,11,11,0,0,9,0,0,3
593976074,0,,,66,35,31,4,4,0,62,31,31,30,15,15,60,29,31,60,29,31,32,16,16,17,9,8,3,1,2,0,0,0,0,0,0,24,24,7,5,5,3,2,2,0,17,11,6,1,20,0,6,3
593976081,0,,,27,11,16,1,1,0,26,10,16,16,6,10,26,10,16,26,10,16,10,4,6,5,0,5,3,0,3,0,0,0,0,0,0,14,14,5,6,2,1,0,0,0,9,8,1,0,9,0,4,2
593976111,2,593976212,,8,4,4,*,*,*,*,*,*,*,*,*,*,*,*,*,*,*,*,*,*,*,*,*,*,*,*,*,*,*,*,*,*,3,3,*,*,*,*,*,*,*,*,*,*,*,*,*,*,*
593976124,1,,593976133,107,54,53,3,1,2,112,56,56,40,21,19,112,56,56,111,55,56,72,35,37,40,17,23,15,7,8,2,2,0,0,0,0,60,60,25,29,4,2,0,2,0,37,32,5,0,51,0,22,14
593976133,2,593976124,,8,3,5,*,*,*,*,*,*,*,*,*,*,*,*,*,*,*,*,*,*,*,*,*,*,*,*,*,*,*,*,*,*,2,2,*,*,*,*,*,*,*,*,*,*,*,*,*,*,*
593976151,1,,593976153,16,8,8,3,2,1,18,9,9,7,4,3,16,8,8,16,8,8,11,5,6,8,2,6,4,1,3,0,0,0,0,0,0,10,10,7,2,0,0,2,0,0,4,3,1,0,9,0,6,2
593976153,2,593976151,,5,3,2,*,*,*,*,*,*,*,*,*,*,*,*,*,*,*,*,*,*,*,*,*,*,*,*,*,*,*,*,*,*,1,1,*,*,*,*,*,*,*,*,*,*,*,*,*,*,*
593976161,1,,593976063;593976064;593976163,10,5,5,1,1,0,23,11,12,9,4,5,23,11,12,22,11,11,14,7,7,7,3,4,3,1,2,0,0,0,0,0,0,6,6,4,6,1,0,1,0,0,8,7,1,0,9,0,2,3
593976163,2,593976161,,9,3,6,*,*,*,*,*,*,*,*,*,*,*,*,*,*,*,*,*,*,*,*,*,*,*,*,*,*,*,*,*,*,3,3,*,*,*,*,*,*,*,*,*,*,*,*,*,*,*
593976164,0,,,25,13,12,0,0,0,25,13,12,14,7,7,25,13,12,25,13,12,11,6,5,6,2,4,6,2,4,0,0,0,0,0,0,10,10,3,2,3,1,1,0,0,7,4,3,0,8,1,2,1
593976184,0,,,79,45,34,0,0,0,79,45,34,51,30,21,79,45,34,79,45,34,28,15,13,11,6,5,4,2,2,0,0,0,0,0,0,1,0,0,0,0,0,0,0,0,0,0,0,0,0,0,0,0
593976212,1,,593976111,26,11,15,1,1,0,33,14,19,12,6,6,33,14,19,33,14,19,21,8,13,13,5,8,5,2,3,0,0,0,0,0,0,13,13,4,8,2,2,0,0,0,12,8,4,0,15,0,4,2
593976214,0,,,17,8,9,3,1,2,14,7,7,5,3,2,13,6,7,13,6,7,9,4,5,5,3,2,2,1,1,0,0,0,0,0,0,7,7,2,3,1,0,0,1,0,5,5,0,0,5,0,1,3
593976221,2,593976223,,7,3,4,*,*,*,*,*,*,*,*,*,*,*,*,*,*,*,*,*,*,*,*,*,*,*,*,*,*,*,*,*,*,4,4,*,*,*,*,*,*,*,*,*,*,*,*,*,*,*
593976222,2,593976223,,5,3,2,*,*,*,*,*,*,*,*,*,*,*,*,*,*,*,*,*,*,*,*,*,*,*,*,*,*,*,*,*,*,4,4,*,*,*,*,*,*,*,*,*,*,*,*,*,*,*
593976223,1,,593976221;593976222,27,11,16,0,0,0,39,17,22,15,7,8,38,16,22,37,16,21,24,10,14,13,5,8,6,3,3,0,0,0,0,0,0,14,14,11,6,4,1,0,0,0,11,11,0,0,18,0,10,4
593976252,2,593976254,,13,5,8,*,*,*,*,*,*,*,*,*,*,*,*,*,*,*,*,*,*,*,*,*,*,*,*,*,*,*,*,*,*,3,3,*,*,*,*,*,*,*,*,*,*,*,*,*,*,*
593976254,1,,593976252,42,20,22,1,0,1,53,24,29,19,8,11,52,23,29,52,23,29,34,16,18,16,7,9,4,1,3,0,0,0,0,0,0,20,20,5,10,6,0,1,0,1,18,15,3,0,18,0,3,8
593976262,1,,593976263,18,10,8,0,0,0,21,11,10,5,4,1,21,11,10,21,11,10,16,7,9,10,5,5,1,0,1,1,0,1,0,0,0,8,8,3,5,1,0,1,0,0,6,5,1,0,9,0,3,3
593976263,2,593976262,,3,1,2,*,*,*,*,*,*,*,*,*,*,*,*,*,*,*,*,*,*,*,*,*,*,*,*,*,*,*,*,*,*,2,2,*,*,*,*,*,*,*,*,*,*,*,*,*,*,*
593976271,0,,,93,46,47,0,0,0,93,46,47,33,19,14,92,45,47,91,45,46,60,27,33,32,13,19,15,5,10,0,0,0,0,0,0,52,52,24,20,3,5,0,0,0,28,25,3,0,39,0,17,12
593976272,0,,,99,55,44,5,3,2,94,52,42,55,31,24,94,52,42,94,52,42,39,21,18,16,9,7,4,2,2,0,0,0,0,0,0,31,25,5,9,1,5,3,1,1,20,12,8,2,20,0,2,5
593976321,1,,593976324,30,16,14,0,0,0,32,18,14,13,8,5,32,18,14,32,18,14,19,10,9,9,3,6,1,0,1,0,0,0,0,0,0,14,14,6,6,2,2,0,0,0,10,7,3,0,13,0,4,4
593976324,2,593976321,,2,2,0,*,*,*,*,*,*,*,*,*,*,*,*,*,*,*,*,*,*,*,*,*,*,*,*,*,*,*,*,*,*,2,2,*,*,*,*,*,*,*,*,*,*,*,*,*,*,*
593976351,0,,,30,14,16,0,0,0,30,14,16,13,7,6,30,14,16,30,14,16,17,7,10,10,4,6,5,1,4,0,0,0,0,0,0,12,12,2,5,3,1,1,0,0,10,8,2,0,11,0,2,1
593976352,0,,,43,22,21,0,0,0,43,22,21,16,9,7,43,22,21,43,22,21,27,13,14,15,8,7,6,3,3,0,0,0,0,0,0,20,20,6,7,6,0,1,0,0,14,14,0,0,17,0,6,6
593976353,0,,,46,21,25,1,0,1,45,21,24,15,8,7,45,21,24,45,21,24,30,13,17,10,4,6,2,1,1,0,0,0,0,0,0,22,22,5,11,5,1,0,0,0,17,13,4,0,20,0,4,8
593976363,2,593976364,,5,3,2,*,*,*,*,*,*,*,*,*,*,*,*,*,*,*,*,*,*,*,*,*,*,*,*,*,*,*,*,*,*,3,3,*,*,*,*,*,*,*,*,*,*,*,*,*,*,*
593976364,1,,593976363,19,11,8,3,3,0,21,11,10,9,5,4,21,11,10,21,11,10,12,6,6,5,1,4,2,0,2,1,0,1,1,0,1,7,7,2,6,0,0,2,0,0,8,6,2,1,9,0,2,2
593976404,0,,,35,16,19,1,1,0,34,15,19,13,6,7,33,15,18,33,15,18,21,9,12,5,2,3,3,1,2,0,0,0,0,0,0,15,15,4,5,4,1,1,0,0,11,8,3,1,14,0,4,3
593976413,0,,,92,45,47,6,4,2,86,41,45,35,17,18,85,40,45,84,39,45,51,24,27,31,13,18,13,6,7,0,0,0,0,0,0,38,38,10,16,8,0,1,1,2,28,22,6,2,34,0,8,11
593976422,2,593976424,,1,0,1,*,*,*,*,*,*,*,*,*,*,*,*,*,*,*,*,*,*,*,*,*,*,*,*,*,*,*,*,*,*,1,1,*,*,*,*,*,*,*,*,*,*,*,*,*,*,*
593976423,0,,,18,9,9,2,2,0,16,7,9,7,3,4,16,7,9,16,7,9,9,4,5,4,1,3,2,0,2,0,0,0,0,0,0,8,8,3,2,2,0,1,0,0,5,4,1,1,7,0,3,1
593976424,1,,593976422,91,45,46,2,0,2,89,44,45,36,20,16,88,44,44,87,43,44,53,24,29,32,15,17,11,5,6,0,0,0,0,0,0,42,42,14,16,8,3,2,0,0,29,25,4,0,35,0,12,11
593976433,0,,,135,67,68,1,1,0,133,65,68,36,21,15,132,65,67,132,65,67,97,44,53,54,25,29,12,5,7,0,0,0,0,0,0,67,67,21,29,12,5,0,0,0,46,38,8,0,60,0,15,25
593976434,0,,,66,36,30,2,1,1,64,35,29,35,23,12,64,35,29,63,34,29,29,12,17,16,7,9,6,2,4,0,0,0,0,0,0,25,25,5,10,5,1,3,0,1,20,16,4,0,19,0,3,5
593976442,0,,,20,8,12,1,0,1,19,8,11,7,1,6,19,8,11,18,8,10,12,7,5,4,3,1,1,1,0,0,0,0,0,0,0,7,7,1,3,2,0,0,0,1,6,5,1,0,7,0,1,3
593976444,0,,,65,33,32,1,0,1,64,33,31,25,14,11,63,33,30,63,33,30,39,19,20,13,7,6,1,1,0,0,0,0,0,0,0,28,28,9,6,8,5,0,0,0,19,14,5,1,25,0,7,5
593976451,0,,,41,20,21,0,0,0,41,20,21,11,6,5,41,20,21,41,20,21,30,14,16,16,9,7,3,1,2,0,0,0,0,0,0,23,23,9,11,2,1,0,0,0,14,12,2,0,20,0,6,10
593976452,0,,,19,11,8,0,0,0,19,11,8,7,5,2,19,11,8,19,11,8,12,6,6,6,2,4,0,0,0,0,0,0,0,0,0,8,8,2,3,1,2,0,0,0,6,6,0,0,8,0,2,2
593976453,0,,,22,10,12,1,0,1,21,10,11,9,4,5,21,10,11,21,10,11,12,6,6,3,1,2,3,1,2,0,0,0,0,0,0,7,7,0,3,1,2,1,0,0,7,4,3,0,6,0,0,3
593976462,0,,,68,32,36,2,1,1,66,31,35,28,13,15,66,31,35,66,31,35,38,18,20,18,9,9,6,2,4,2,0,2,0,0,0,25,25,1,12,6,5,1,0,0,24,15,9,0,22,0,1,9
593976501,1,,593976502,14,6,8,0,0,0,18,9,9,10,4,6,18,9,9,18,9,9,8,5,3,1,1,0,0,0,0,0,0,0,0,0,0,7,7,2,3,2,1,0,0,0,6,6,0,0,5,0,0,1
593976502,2,593976501,,4,3,1,*,*,*,*,*,*,*,*,*,*,*,*,*,*,*,*,*,*,*,*,*,*,*,*,*,*,*,*,*,*,1,1,*,*,*,*,*,*,*,*,*,*,*,*,*,*,*
593976511,2,593976512,,8,6,2,*,*,*,*,*,*,*,*,*,*,*,*,*,*,*,*,*,*,*,*,*,*,*,*,*,*,*,*,*,*,3,3,*,*,*,*,*,*,*,*,*,*,*,*,*,*,*
593976512,1,,593976511,3,1,2,2,2,0,9,5,4,8,5,3,9,5,4,9,5,4,1,0,1,1,0,1,0,0,0,0,0,0,0,0,0,1,1,1,0,2,1,0,0,0,3,2,1,1,1,0,0,0
593976514,0,,,9,5,4,0,0,0,9,5,4,2,1,1,9,5,4,9,5,4,7,4,3,2,2,0,0,0,0,0,0,0,0,0,0,5,5,1,4,0,0,0,0,0,3,3,0,0,4,0,0,3
593976521,2,593976522,,7,2,5,*,*,*,*,*,*,*,*,*,*,*,*,*,*,*,*,*,*,*,*,*,*,*,*,*,*,*,*,*,*,4,4,*,*,*,*,*,*,*,*,*,*,*,*,*,*,*
593976522,1,,593976521,248,117,131,11,4,7,241,113,128,97,51,46,238,113,125,237,113,124,144,62,82,80,32,48,17,5,12,0,0,0,0,0,0,126,126,51,49,17,10,3,0,0,78,66,12,3,101,0,40,26
593976523,0,,,129,64,65,11,8,3,118,56,62,44,22,22,117,56,61,115,55,60,74,34,40,43,19,24,12,5,7,0,0,0,1,0,1,58,58,16,25,8,7,1,1,0,42,34,8,1,50,0,15,18
593976524,0,,,225,111,114,4,2,2,220,109,111,86,54,32,218,108,110,218,108,110,134,55,79,72,26,46,22,4,18,1,0,1,0,0,0,107,107,28,49,21,9,0,0,0,79,67,12,1,86,0,21,31
593976531,0,,,13,7,6,0,0,0,13,7,6,6,3,3,12,6,6,12,6,6,7,4,3,3,2,1,1,0,1,0,0,0,0,0,0,7,7,4,1,1,1,0,0,0,3,2,1,0,6,0,4,1
593976552,1,,593976561,77,39,38,0,0,0,80,40,40,31,18,13,80,40,40,80,40,40,49,22,27,30,12,18,10,3,7,0,0,0,0,0,0,37,37,11,18,8,1,1,0,0,28,20,8,0,31,0,8,11
593976561,2,593976552,,3,1,2,*,*,*,*,*,*,*,*,*,*,*,*,*,*,*,*,*,*,*,*,*,*,*,*,*,*,*,*,*,*,2,2,*,*,*,*,*,*,*,*,*,*,*,*,*,*,*
593976584,2,593976593,,7,5,2,*,*,*,*,*,*,*,*,*,*,*,*,*,*,*,*,*,*,*,*,*,*,*,*,*,*,*,*,*,*,4,4,*,*,*,*,*,*,*,*,*,*,*,*,*,*,*
593976593,1,,593976584,92,42,50,3,1,2,96,46,50,47,20,27,95,46,49,95,46,49,49,26,23,30,12,18,13,5,8,1,0,1,0,0,0,33,33,5,17,6,4,4,1,0,32,24,8,0,30,0,4,9
593976601,1,,593976602,21,12,9,0,0,0,24,14,10,8,6,2,24,14,10,24,14,10,16,8,8,7,3,4,3,0,3,0,0,0,0,0,0,11,11,4,7,2,0,0,0,0,9,9,0,0,11,0,3,3
593976602,2,593976601,,3,2,1,*,*,*,*,*,*,*,*,*,*,*,*,*,*,*,*,*,*,*,*,*,*,*,*,*,*,*,*,*,*,2,2,*,*,*,*,*,*,*,*,*,*,*,*,*,*,*
593976611,0,,,107,52,55,10,4,6,97,48,49,39,22,17,94,45,49,94,45,49,58,26,32,26,11,15,10,4,6,1,0,1,0,0,0,41,41,8,16,9,4,2,1,1,33,25,8,3,36,0,8,11
593976621,0,,,27,13,14,3,2,1,23,11,12,4,3,1,23,11,12,23,11,12,19,8,11,8,4,4,1,0,1,0,0,0,0,0,0,14,14,7,4,2,0,0,1,0,7,6,1,1,13,0,6,3
593976622,0,,,21,8,13,0,0,0,21,8,13,5,2,3,21,8,13,21,8,13,16,6,10,12,3,9,7,1,6,0,0,0,0,0,0,9,8,5,2,1,0,0,0,0,3,2,1,0,6,0,4,1
593976683,0,,,18,8,10,0,0,0,18,8,10,8,4,4,18,8,10,17,8,9,10,4,6,4,0,4,1,0,1,0,0,0,0,0,0,8,8,4,1,2,0,0,1,0,4,1,3,0,8,0,4,1
593976691,0,,,28,13,15,0,0,0,28,13,15,9,5,4,28,13,15,28,13,15,19,8,11,8,1,7,5,0,5,0,0,0,0,0,0,10,10,1,4,1,4,0,0,0,9,5,4,0,10,0,1,3
593976694,0,,,218,98,120,11,5,6,207,93,114,101,51,50,202,90,112,200,89,111,106,42,64,53,18,35,18,6,12,0,0,0,0,0,0,85,85,22,30,15,9,3,3,3,63,38,25,2,72,0,16,18
593976701,0,,,56,26,30,5,2,3,51,24,27,24,13,11,50,24,26,49,24,25,27,11,16,12,5,7,6,2,4,1,0,1,0,0,0,21,21,4,9,4,2,0,0,2,17,12,5,1,16,0,1,6
593976792,0,,,55,28,27,0,0,0,55,28,27,24,14,10,55,28,27,55,28,27,31,14,17,18,6,12,3,0,3,1,0,1,0,0,0,27,27,8,12,5,2,0,0,0,19,18,1,0,22,0,7,8
593976793,0,,,8,4,4,0,0,0,8,4,4,2,1,1,8,4,4,8,4,4,6,3,3,1,0,1,1,0,1,0,0,0,0,0,0,4,4,1,2,1,0,0,0,0,3,3,0,0,4,0,1,2
593976794,0,,,106,50,56,5,1,4,101,49,52,50,24,26,99,49,50,99,49,50,51,25,26,26,13,13,11,6,5,0,0,0,0,0,0,39,39,6,16,9,2,4,1,1,33,22,11,2,34,0,6,5
593976891,2,593976892,,2,1,1,*,*,*,*,*,*,*,*,*,*,*,*,*,*,*,*,*,*,*,*,*,*,*,*,*,*,*,*,*,*,1,1,*,*,*,*,*,*,*,*,*,*,*,*,*,*,*
593976892,1,,593976891,169,87,82,13,7,6,158,81,77,77,39,38,155,79,76,155,79,76,81,42,39,32,13,19,13,5,8,1,1,0,1,0,1,65,65,14,23,16,6,3,4,0,52,41,11,4,50,0,9,14
593977002,0,,,8,4,4,0,0,0,8,4,4,1,1,0,8,4,4,8,4,4,7,3,4,5,2,3,3,1,2,0,0,0,0,0,0,6,6,4,2,0,0,0,0,0,2,2,0,0,6,0,4,1
593977004,0,,,34,16,18,1,0,1,33,16,17,15,10,5,33,16,17,32,15,17,18,6,12,11,3,8,4,2,2,0,0,0,0,0,0,16,16,6,5,3,1,1,0,0,10,8,2,0,13,0,6,4
593977011,0,,,48,26,22,3,3,0,45,23,22,23,13,10,45,23,22,44,23,21,22,10,12,10,3,7,2,0,2,0,0,0,0,0,0,18,18,4,6,3,3,1,1,0,14,8,6,1,16,0,3,4
593977012,0,,,55,25,30,2,1,1,53,24,29,23,12,11,53,24,29,53,24,29,30,12,18,12,4,8,6,2,4,0,0,0,0,0,0,26,26,9,11,1,4,1,0,0,17,14,3,0,20,0,5,6
593977013,0,,,23,12,11,3,2,1,20,10,10,13,8,5,20,10,10,20,10,10,7,2,5,6,2,4,2,1,1,0,0,0,0,0,0,9,9,1,5,2,0,0,1,0,8,7,1,1,5,0,0,0
593977021,0,,,124,60,64,8,6,2,116,54,62,59,29,30,113,52,61,111,50,61,57,25,32,24,5,19,9,2,7,0,0,0,0,0,0,47,47,11,15,9,8,1,2,1,36,20,16,1,41,0,9,9
593977023,0,,,160,77,83,14,5,9,146,72,74,76,34,42,142,71,71,140,70,70,70,38,32,28,14,14,8,5,3,1,1,0,0,0,0,59,59,10,21,16,6,1,4,1,48,35,13,2,46,0,7,11
593977041,0,,,110,44,66,17,7,10,93,37,56,68,27,41,88,36,52,85,35,50,25,10,15,9,3,6,2,0,2,0,0,0,0,0,0,48,48,10,22,11,3,1,1,0,37,35,2,5,20,0,5,5
593977042,0,,,181,90,91,14,9,5,167,81,86,99,53,46,166,80,86,163,78,85,68,28,40,30,12,18,7,4,3,2,1,1,0,0,0,82,82,21,35,14,12,0,0,0,61,51,10,4,48,0,12,15
593977044,0,,,136,65,71,11,5,6,125,60,65,68,36,32,122,58,64,121,57,64,57,24,33,29,10,19,6,0,6,1,0,1,1,0,1,50,50,9,19,11,3,6,0,2,41,30,11,3,36,0,7,10
593977051,0,,,34,16,18,3,1,2,31,15,16,18,7,11,30,15,15,27,13,14,13,8,5,3,2,1,1,1,0,0,0,0,0,0,0,14,14,2,7,2,3,0,0,0,12,12,0,0,8,0,1,5
593977053,0,,,138,64,74,12,6,6,126,58,68,57,29,28,125,57,68,125,57,68,69,29,40,39,16,23,15,4,11,2,0,2,0,0,0,62,62,18,24,10,8,2,0,0,44,36,8,4,44,0,12,14
593977054,0,,,61,29,32,1,1,0,60,28,32,20,12,8,59,28,31,59,28,31,40,16,24,23,7,16,6,2,4,1,0,1,0,0,0,22,21,6,5,6,2,1,1,0,15,9,6,0,19,0,5,3
593977112,0,,,27,11,16,0,0,0,27,11,16,13,5,8,27,11,16,27,11,16,14,6,8,9,3,6,3,1,2,0,0,0,0,0,0,11,11,3,3,2,3,0,0,0,8,5,3,0,10,0,2,1
593977114,0,,,56,9,47,0,0,0,56,9,47,1,0,1,56,9,47,56,9,47,55,9,46,51,8,43,41,7,34,8,1,7,0,0,0,1,0,0,0,0,0,0,0,0,0,0,0,0,0,0,0,0
593977121,0,,,72,31,41,9,2,7,63,29,34,28,15,13,62,29,33,62,29,33,35,14,21,14,4,10,3,1,2,0,0,0,0,0,0,26,26,9,5,5,2,2,2,1,17,7,10,3,23,0,7,4
593977123,0,,,141,72,69,6,3,3,135,69,66,71,41,30,132,67,65,130,66,64,64,28,36,23,8,15,9,1,8,0,0,0,0,0,0,53,53,11,15,16,5,4,2,0,42,26,16,0,45,0,9,6
593977142,2,593977144,,1,0,1,*,*,*,*,*,*,*,*,*,*,*,*,*,*,*,*,*,*,*,*,*,*,*,*,*,*,*,*,*,*,1,1,*,*,*,*,*,*,*,*,*,*,*,*,*,*,*
593977143,0,,,29,15,14,5,5,0,24,10,14,11,4,7,24,10,14,24,10,14,13,6,7,5,3,2,0,0,0,0,0,0,0,0,0,12,12,5,2,2,1,2,0,0,7,5,2,1,10,0,4,0
593977144,1,,593977142,52,22,30,1,1,0,52,21,31,24,12,12,51,20,31,51,20,31,28,9,19,20,6,14,5,0,5,0,0,0,0,0,0,21,21,7,4,6,5,0,0,0,15,11,4,0,19,0,6,2
593977151,0,,,38,22,16,4,4,0,30,16,14,16,10,6,30,16,14,29,15,14,14,6,8,6,2,4,1,0,1,0,0,0,0,0,0,14,14,1,6,5,0,2,0,0,11,7,4,1,10,0,1,1
593977152,0,,,73,30,43,2,0,2,70,29,41,35,16,19,68,28,40,67,27,40,35,13,22,18,7,11,5,0,5,0,0,0,0,0,0,31,31,7,13,6,3,2,0,0,24,18,6,1,24,0,5,5
593977221,0,,,69,34,35,3,1,2,66,33,33,28,16,12,66,33,33,65,32,33,38,17,21,23,10,13,6,2,4,2,1,1,0,0,0,30,30,6,12,10,1,1,0,0,24,19,5,1,26,0,5,9
593977223,0,,,134,65,69,5,1,4,122,60,62,51,27,24,122,60,62,122,60,62,71,33,38,37,14,23,17,6,11,2,1,1,0,0,0,54,54,16,17,12,4,0,3,2,37,28,9,1,45,0,14,10
593977224,0,,,25,14,11,2,2,0,23,12,11,10,6,4,23,12,11,23,12,11,13,6,7,5,3,2,2,1,1,0,0,0,0,0,0,9,9,1,4,2,1,0,1,0,8,6,2,1,7,0,0,4
593977232,2,593977234,,7,3,4,*,*,*,*,*,*,*,*,*,*,*,*,*,*,*,*,*,*,*,*,*,*,*,*,*,*,*,*,*,*,2,2,*,*,*,*,*,*,*,*,*,*,*,*,*,*,*
593977234,1,,593977232,122,63,59,7,6,1,122,60,62,60,33,27,117,57,60,116,56,60,62,27,35,31,11,20,15,5,10,1,1,0,0,0,0,46,45,10,17,10,4,3,2,1,37,28,9,2,37,0,8,12
593977241,1,,593977244,332,147,185,35,17,18,303,132,171,166,75,91,297,131,166,295,131,164,137,57,80,68,25,43,20,7,13,1,0,1,0,0,0,121,121,32,34,20,16,11,5,4,90,61,29,7,89,0,24,21
593977242,0,,,26,14,12,4,4,0,22,10,12,10,5,5,22,10,12,22,10,12,12,5,7,6,1,5,2,0,2,0,0,0,0,0,0,10,10,2,5,0,1,2,0,0,8,6,2,2,8,0,2,4
593977243,0,,,89,46,43,9,5,4,80,41,39,42,24,18,79,40,39,79,40,39,38,17,21,21,7,14,8,3,5,0,0,0,2,2,0,38,38,11,12,9,4,1,1,0,26,20,6,2,29,0,10,4
593977244,2,593977241,,6,2,4,*,*,*,*,*,*,*,*,*,*,*,*,*,*,*,*,*,*,*,*,*,*,*,*,*,*,*,*,*,*,1,1,*,*,*,*,*,*,*,*,*,*,*,*,*,*,*
593977253,0,,,56,24,32,0,0,0,56,24,32,26,11,15,56,24,32,55,24,31,30,13,17,11,5,6,2,1,1,0,0,0,0,0,0,22,22,3,11,3,3,2,0,0,19,15,4,0,19,0,2,8
593977321,0,,,124,59,65,2,1,1,122,58,64,65,27,38,119,58,61,119,58,61,57,31,26,34,18,16,11,8,3,0,0,0,0,0,0,51,51,9,22,13,3,4,0,0,41,31,10,0,39,0,4,11
593977323,0,,,91,43,48,3,1,2,88,42,46,40,20,20,87,42,45,87,42,45,48,22,26,25,10,15,10,2,8,0,0,0,0,0,0,38,38,11,11,11,2,2,0,1,27,20,7,1,32,0,9,7
593977332,2,593977334,,7,3,4,*,*,*,*,*,*,*,*,*,*,*,*,*,*,*,*,*,*,*,*,*,*,*,*,*,*,*,*,*,*,2,2,*,*,*,*,*,*,*,*,*,*,*,*,*,*,*
593977333,2,593977334,,5,3,2,*,*,*,*,*,*,*,*,*,*,*,*,*,*,*,*,*,*,*,*,*,*,*,*,*,*,*,*,*,*,1,1,*,*,*,*,*,*,*,*,*,*,*,*,*,*,*
593977334,1,,593977332;593977333,44,16,28,0,0,0,56,22,34,19,10,9,54,22,32,53,21,32,37,12,25,26,7,19,15,4,11,1,0,1,0,0,0,13,12,5,6,0,2,1,1,0,10,6,4,0,12,0,4,3
593977351,0,,,57,31,26,6,3,3,51,28,23,27,16,11,47,25,22,47,25,22,24,12,12,7,2,5,3,0,3,0,0,0,0,0,0,22,22,7,5,3,4,3,0,0,15,10,5,1,16,0,5,5
593977421,0,,,70,36,34,3,2,1,67,34,33,37,17,20,67,34,33,67,34,33,30,17,13,16,7,9,9,4,5,0,0,0,0,0,0,29,29,9,6,8,5,1,0,0,20,13,7,1,23,0,6,3
593977424,0,,,16,9,7,0,0,0,16,9,7,4,3,1,16,9,7,16,9,7,12,6,6,9,5,4,4,3,1,0,0,0,0,0,0,6,6,1,2,1,2,0,0,0,5,4,1,0,6,0,1,2
593977431,2,593977432,,8,5,3,*,*,*,*,*,*,*,*,*,*,*,*,*,*,*,*,*,*,*,*,*,*,*,*,*,*,*,*,*,*,2,2,*,*,*,*,*,*,*,*,*,*,*,*,*,*,*
593977432,1,,593977431,185,93,92,13,4,9,180,94,86,86,47,39,170,88,82,167,85,82,94,47,47,34,15,19,10,5,5,1,0,1,1,0,1,63,63,10,24,9,10,6,4,2,55,34,21,2,57,0,9,18
593977433,0,,,79,39,40,5,4,1,74,35,39,34,18,16,74,35,39,74,35,39,40,17,23,27,10,17,5,3,2,1,0,1,0,0,0,35,35,11,10,10,3,0,1,0,24,20,4,1,26,0,8,5
593977504,0,,,58,29,29,0,0,0,58,29,29,15,9,6,58,29,29,58,29,29,43,20,23,18,9,9,10,3,7,0,0,0,0,0,0,24,24,3,11,7,3,0,0,0,21,18,3,0,23,0,3,9
593977521,0,,,114,37,77,0,0,0,114,37,77,15,10,5,114,37,77,114,37,77,99,27,72,87,20,67,71,14,57,9,3,6,0,0,0,20,17,7,5,5,0,0,0,0,10,9,1,0,12,0,5,3
593977522,1,,593977524,199,97,102,7,5,2,188,91,97,100,51,49,185,89,96,181,88,93,88,40,48,46,18,28,18,7,11,1,0,1,0,0,0,88,88,29,31,17,8,5,1,0,59,46,13,2,60,0,17,15
593977524,2,593977522,,6,3,3,*,*,*,*,*,*,*,*,*,*,*,*,*,*,*,*,*,*,*,*,*,*,*,*,*,*,*,*,*,*,3,3,*,*,*,*,*,*,*,*,*,*,*,*,*,*,*
593977531,0,,,129,58,71,11,6,5,118,52,66,62,27,35,117,52,65,116,52,64,56,25,31,29,13,16,11,5,6,1,1,0,0,0,0,56,56,16,21,12,3,2,1,1,39,32,7,4,38,0,10,7
593977533,0,,,36,19,17,2,2,0,34,17,17,17,11,6,34,17,17,34,17,17,17,6,11,10,3,7,2,0,2,0,0,0,0,0,0,15,15,5,4,3,2,0,1,0,10,8,2,1,14,0,5,2
593977602,0,,,116,57,59,6,4,2,110,53,57,56,28,28,106,49,57,106,49,57,54,25,29,31,14,17,12,6,6,2,1,1,0,0,0,42,42,9,13,9,6,3,0,2,33,21,12,3,33,0,6,7
593977603,0,,,54,24,30,0,0,0,54,24,30,16,9,7,54,24,30,53,23,30,38,15,23,26,8,18,17,4,13,0,0,0,0,0,0,15,14,3,4,5,1,0,1,0,11,6,5,0,14,0,3,4
593977611,1,,593977612,13,7,6,0,0,0,15,7,8,7,4,3,14,7,7,14,7,7,8,3,5,4,2,2,2,1,1,0,0,0,0,0,0,5,5,1,4,0,0,0,1,0,5,4,1,0,6,0,1,0
593977612,2,593977611,,2,0,2,*,*,*,*,*,*,*,*,*,*,*,*,*,*,*,*,*,*,*,*,*,*,*,*,*,*,*,*,*,*,1,1,*,*,*,*,*,*,*,*,*,*,*,*,*,*,*
593977614,0,,,12,6,6,0,0,0,12,6,6,5,2,3,11,5,6,11,5,6,7,4,3,2,1,1,1,0,1,1,0,1,0,0,0,6,6,2,3,0,1,0,0,0,4,4,0,0,5,0,2,2
593977622,2,593977631,,8,3,5,*,*,*,*,*,*,*,*,*,*,*,*,*,*,*,*,*,*,*,*,*,*,*,*,*,*,*,*,*,*,3,3,*,*,*,*,*,*,*,*,*,*,*,*,*,*,*
593977631,1,,593977622,189,88,101,19,9,10,178,82,96,98,50,48,171,77,94,170,76,94,80,32,48,30,9,21,9,2,7,0,0,0,0,0,0,77,77,22,21,23,9,3,1,1,58,43,15,4,52,0,15,12
593977633,0,,,34,15,19,0,0,0,34,15,19,10,5,5,34,15,19,34,15,19,24,10,14,13,6,7,6,3,3,1,0,1,0,0,0,16,16,4,8,3,0,1,0,0,12,11,1,0,15,0,4,5
593977704,2,593977713,,8,3,5,*,*,*,*,*,*,*,*,*,*,*,*,*,*,*,*,*,*,*,*,*,*,*,*,*,*,*,*,*,*,4,4,*,*,*,*,*,*,*,*,*,*,*,*,*,*,*
593977713,1,,593977704;593977811,144,68,76,4,1,3,150,72,78,71,35,36,148,71,77,148,71,77,79,37,42,29,8,21,15,2,13,1,0,1,0,0,0,63,63,19,29,11,7,2,1,0,50,36,14,1,56,0,15,15
593977731,0,,,56,23,33,3,2,1,53,21,32,26,11,15,52,20,32,52,20,32,27,10,17,9,2,7,2,0,2,0,0,0,0,0,0,27,27,10,11,2,3,0,1,0,17,13,4,1,20,0,9,4
593977732,0,,,51,26,25,4,2,2,47,24,23,17,11,6,47,24,23,47,24,23,30,13,17,20,9,11,6,4,2,0,0,0,0,0,0,19,19,3,8,5,1,1,0,1,16,11,5,0,16,0,2,5
593977733,2,593977734,,12,8,4,*,*,*,*,*,*,*,*,*,*,*,*,*,*,*,*,*,*,*,*,*,*,*,*,*,*,*,*,*,*,3,3,*,*,*,*,*,*,*,*,*,*,*,*,*,*,*
593977734,1,,593977733,89,48,41,6,5,1,95,51,44,44,27,17,91,49,42,91,49,42,51,24,27,24,13,11,9,5,4,0,0,0,0,0,0,33,33,10,11,6,2,1,4,2,26,15,11,1,32,0,8,6
593977801,2,593977803,,1,0,1,*,*,*,*,*,*,*,*,*,*,*,*,*,*,*,*,*,*,*,*,*,*,*,*,*,*,*,*,*,*,1,1,*,*,*,*,*,*,*,*,*,*,*,*,*,*,*
593977803,1,,593977801,65,32,33,1,1,0,65,31,34,26,12,14,65,31,34,64,30,34,39,19,20,13,7,6,3,0,3,0,0,0,0,0,0,27,27,6,11,7,3,1,0,0,22,17,5,0,25,0,5,6
593977804,1,,593977902,68,33,35,4,0,4,73,38,35,32,20,12,73,38,35,71,36,35,41,18,23,24,10,14,11,2,9,0,0,0,0,0,0,26,26,3,11,10,4,0,1,0,26,20,6,0,24,0,3,7
593977811,2,593977713,,2,2,0,*,*,*,*,*,*,*,*,*,*,*,*,*,*,*,*,*,*,*,*,*,*,*,*,*,*,*,*,*,*,2,2,*,*,*,*,*,*,*,*,*,*,*,*,*,*,*
593977832,0,,,77,38,39,2,2,0,75,36,39,36,19,17,75,36,39,73,35,38,39,17,22,29,14,15,5,2,3,0,0,0,0,0,0,34,34,8,13,10,2,1,0,0,26,20,6,1,25,0,7,8
593977834,0,,,16,8,8,0,0,0,16,8,8,6,3,3,16,8,8,16,8,8,10,5,5,6,3,3,2,1,1,0,0,0,0,0,0,8,8,3,2,3,0,0,0,0,5,4,1,0,6,0,2,2
593977843,0,,,21,13,8,2,2,0,19,11,8,11,7,4,19,11,8,19,11,8,8,4,4,4,3,1,3,2,1,0,0,0,0,0,0,10,10,3,4,2,1,0,0,0,7,5,2,0,7,0,3,0
593977902,2,593977804,,9,5,4,*,*,*,*,*,*,*,*,*,*,*,*,*,*,*,*,*,*,*,*,*,*,*,*,*,*,*,*,*,*,3,3,*,*,*,*,*,*,*,*,*,*,*,*,*,*,*
593977922,0,,,31,12,19,3,2,1,28,10,18,10,2,8,28,10,18,28,10,18,18,8,10,7,2,5,3,0,3,0,0,0,0,0,0,11,11,1,4,4,1,0,1,0,10,6,4,1,11,0,1,4
593977941,0,,,186,83,103,7,4,3,179,79,100,87,44,43,179,79,100,177,79,98,92,35,57,42,15,27,12,4,8,1,0,1,0,0,0,75,75,22,23,13,12,3,0,2,53,32,21,1,60,0,13,13
593977943,0,,,33,15,18,1,0,1,32,15,17,13,7,6,32,15,17,32,15,17,19,8,11,13,4,9,5,2,3,0,0,0,0,0,0,12,12,1,7,1,1,1,1,0,11,7,4,0,12,0,1,3
