KEY_CODE,HTKSYORI,HTKSAKI,GASSAN,T001141001,T001141002,T001141003,T001141004,T001141005,T001141006,T001141007,T001141008,T001141009,T001141010,T001141011,T001141012,T001141013,T001141014,T001141015,T001141016,T001141017,T001141018,T001141019,T001141020,T001141021,T001141022,T001141023,T001141024,T001141025,T001141026,T001141027,T001141028,T001141029,T001141030,T001141031,T001141032,T001141033,T001141034,T001141035,T001141036,T001141037,T001141038,T001141039,T001141040,T001141041,T001141042,T001141043,T001141044,T001141045,T001141046,T001141047,T001141048,T001141049,T001141050
,,,,Å@êlå˚ÅiëçêîÅj,Å@êlå˚ÅiëçêîÅjÅ@íj,Å@êlå˚ÅiëçêîÅjÅ@èó,Å@ÇOÅ`ÇPÇSçŒêlå˚Å@ëçêî,Å@ÇOÅ`ÇPÇSçŒêlå˚Å@íj,Å@ÇOÅ`ÇPÇSçŒêlå˚Å@èó,Å@ÇPÇTçŒà»è„êlå˚Å@ëçêî,Å@ÇPÇTçŒà»è„êlå˚Å@íj,Å@ÇPÇTçŒà»è„êlå˚Å@èó,Å@ÇPÇTÅ`ÇUÇSçŒêlå˚Å@ëçêî,Å@ÇPÇTÅ`ÇUÇSçŒêlå˚Å@íj,Å@ÇPÇTÅ`ÇUÇSçŒêlå˚Å@èó,Å@ÇPÇWçŒà»è„êlå˚Å@ëçêî,Å@ÇPÇWçŒà»è„êlå˚Å@íj,Å@ÇPÇWçŒà»è„êlå˚Å@èó,Å@ÇQÇOçŒà»è„êlå˚Å@ëçêî,Å@ÇQÇOçŒà»è„êlå˚Å@íj,Å@ÇQÇOçŒà»è„êlå˚Å@èó,Å@ÇUÇTçŒà»è„êlå˚Å@ëçêî,Å@ÇUÇTçŒà»è„êlå˚Å@íj,Å@ÇUÇTçŒà»è„êlå˚Å@èó,Å@ÇVÇTçŒà»è„êlå˚Å@ëçêî,Å@ÇVÇTçŒà»è„êlå˚Å@íj,Å@ÇVÇTçŒà»è„êlå˚Å@èó,Å@ÇWÇTçŒà»è„êlå˚Å@ëçêî,Å@ÇWÇTçŒà»è„êlå˚Å@íj,Å@ÇWÇTçŒà»è„êlå˚Å@èó,Å@ÇXÇTçŒà»è„êlå˚Å@ëçêî,Å@ÇXÇTçŒà»è„êlå˚Å@íj,Å@ÇXÇTçŒà»è„êlå˚Å@èó,Å@äOçëêlêlå˚Å@ëçêî,Å@äOçëêlêlå˚Å@íj,Å@äOçëêlêlå˚Å@èó,Å@ê¢ë—ëçêî,Å@àÍî ê¢ë—êî,Å@ÇPêlê¢ë—êîÅ@àÍî ê¢ë—êî,Å@ÇQêlê¢ë—êîÅ@àÍî ê¢ë—êî,Å@ÇRêlê¢ë—êîÅ@àÍî ê¢ë—êî,Å@ÇSêlê¢ë—êîÅ@àÍî ê¢ë—êî,Å@ÇTêlê¢ë—êîÅ@àÍî ê¢ë—êî,Å@ÇUêlê¢ë—êîÅ@àÍî ê¢ë—êî,Å@ÇVêlà»è„ê¢ë—êîÅ@àÍî ê¢ë—êî,Å@êeë∞ÇÃÇ›ÇÃê¢ë—êîÅ@àÍî ê¢ë—êî,Å@äjâ∆ë∞ê¢ë—êîÅ@àÍî ê¢ë—êî,Å@äjâ∆ë∞à»äOÇÃê¢ë—êîÅ@àÍî ê¢ë—êî,Å@ÇUçŒñ¢ñûê¢ë—àıÇÃÇ¢ÇÈê¢ë—êîÅ@àÍî ê¢ë—êî,Å@ÇUÇTçŒà»è„ê¢ë—àıÇÃÇ¢ÇÈê¢ë—êîÅ@àÍî ê¢ë—êî,Å@ê¢ë—éÂÇÃîNóÓÇ™ÇQÇOÅ`ÇQÇXçŒÇÃÇPêlê¢ë—êîÅ@àÍî ê¢ë—êî,Å@çÇóÓíPêgê¢ë—êîÅ@àÍî ê¢ë—êî,Å@çÇóÓïvïwê¢ë—êîÅ@àÍî ê¢ë—êî
573801082,2,573801084,,7,3,4,*,*,*,*,*,*,*,*,*,*,*,*,*,*,*,*,*,*,*,*,*,*,*,*,*,*,*,*,*,*,3,3,*,*,*,*,*,*,*,*,*,*,*,*,*,*,*
573801084,1,,573801082,84,47,37,11,9,2,80,41,39,41,24,17,77,38,39,76,37,39,39,17,22,23,9,14,3,0,3,1,0,1,0,0,0,25,24,4,7,7,3,1,2,3,23,11,12,2,23,0,1,5
573801181,0,,,12,8,4,0,0,0,12,8,4,7,5,2,12,8,4,12,8,4,5,3,2,1,1,0,0,0,0,0,0,0,0,0,0,4,4,0,2,0,2,0,0,0,4,3,1,0,3,0,0,1
573801182,0,,,130,66,64,6,2,4,124,64,60,68,38,30,123,64,59,122,63,59,56,26,30,24,13,11,13,5,8,1,1,0,0,0,0,52,52,11,22,9,5,2,3,0,40,27,13,2,39,0,8,10
573801183,0,,,227,45,182,4,3,1,223,42,181,7,3,4,222,42,180,222,42,180,216,39,177,208,36,172,163,27,136,40,5,35,0,0,0,8,5,2,1,0,1,1,0,0,3,3,0,1,2,0,1,1
573801281,2,573801283,,3,2,1,*,*,*,*,*,*,*,*,*,*,*,*,*,*,*,*,*,*,*,*,*,*,*,*,*,*,*,*,*,*,1,1,*,*,*,*,*,*,*,*,*,*,*,*,*,*,*
573801283,1,,573801281,84,41,43,11,8,3,76,35,41,40,19,21,73,33,40,72,33,39,36,16,20,15,4,11,9,1,8,1,0,1,0,0,0,34,34,12,5,10,5,3,0,0,23,14,9,1,24,1,7,2
573801284,0,,,93,44,49,9,8,1,83,36,47,43,19,24,81,35,46,81,35,46,40,17,23,21,6,15,9,2,7,1,1,0,0,0,0,45,45,18,14,8,3,1,1,0,27,22,5,2,32,0,12,4
573801293,0,,,42,20,22,3,1,2,39,19,20,17,9,8,38,18,20,38,18,20,22,10,12,9,5,4,1,0,1,0,0,0,0,0,0,20,20,4,12,2,2,0,0,0,16,15,1,0,15,0,3,8
573801382,0,,,23,13,10,1,1,0,22,12,10,12,6,6,22,12,10,22,12,10,10,6,4,4,2,2,1,0,1,0,0,0,2,1,1,13,13,5,6,2,0,0,0,0,8,7,1,0,8,0,5,2
573801391,1,,573801392,396,205,191,36,21,15,363,185,178,176,100,76,355,179,176,351,178,173,187,85,102,108,46,62,39,15,24,2,1,1,1,1,0,202,202,96,57,28,12,6,1,3,104,80,24,8,135,4,60,28
573801392,2,573801391,,3,1,2,*,*,*,*,*,*,*,*,*,*,*,*,*,*,*,*,*,*,*,*,*,*,*,*,*,*,*,*,*,*,1,1,*,*,*,*,*,*,*,*,*,*,*,*,*,*,*
573801393,0,,,310,170,140,28,11,17,281,158,123,160,109,51,278,155,123,273,151,122,121,49,72,67,26,41,17,7,10,0,0,0,0,0,0,172,172,95,44,16,9,5,3,0,76,62,14,5,83,19,29,27
573801394,0,,,10,5,5,0,0,0,10,5,5,3,2,1,10,5,5,10,5,5,7,3,4,2,1,1,0,0,0,0,0,0,0,0,0,5,5,1,3,1,0,0,0,0,4,4,0,0,4,0,1,2
573801482,0,,,33,15,18,8,4,4,25,11,14,15,7,8,22,10,12,22,10,12,10,4,6,7,2,5,1,0,1,0,0,0,0,0,0,12,12,6,1,0,2,1,2,0,6,3,3,3,9,0,5,0
573801484,0,,,178,85,93,27,13,14,151,72,79,91,49,42,146,67,79,144,66,78,60,23,37,31,10,21,7,3,4,0,0,0,2,0,2,77,76,24,27,9,10,4,2,0,52,48,4,6,42,1,14,9
573801491,0,,,355,171,184,27,16,11,328,155,173,148,86,62,314,146,168,310,142,168,180,69,111,104,31,73,47,17,30,6,1,5,2,2,0,169,167,72,60,11,16,4,3,1,95,83,12,7,120,1,54,29
573801492,0,,,104,50,54,9,4,5,95,46,49,50,29,21,95,46,49,94,46,48,45,17,28,33,11,22,12,2,10,1,0,1,0,0,0,53,53,23,18,6,3,3,0,0,30,26,4,4,35,0,16,5
573801493,0,,,86,47,39,3,2,1,83,45,38,55,33,22,79,42,37,78,42,36,28,12,16,14,4,10,4,1,3,0,0,0,0,0,0,47,47,25,11,6,4,1,0,0,22,19,3,1,21,4,7,3
573801582,0,,,89,40,49,8,3,5,81,37,44,42,21,21,78,36,42,78,36,42,39,16,23,16,4,12,6,0,6,2,0,2,0,0,0,36,36,8,16,6,3,0,2,1,28,24,4,1,24,0,6,7
573801684,1,,573801693,59,32,27,2,1,1,59,32,27,25,14,11,57,31,26,56,30,26,34,18,16,18,10,8,11,5,6,0,0,0,0,0,0,29,29,13,10,4,1,1,0,1,17,14,3,1,25,0,13,6
573801693,2,573801684,,2,1,1,*,*,*,*,*,*,*,*,*,*,*,*,*,*,*,*,*,*,*,*,*,*,*,*,*,*,*,*,*,*,1,1,*,*,*,*,*,*,*,*,*,*,*,*,*,*,*
573801782,0,,,24,9,15,2,0,2,22,9,13,7,4,3,21,8,13,21,8,13,15,5,10,10,3,7,2,1,1,0,0,0,0,0,0,14,14,7,5,1,1,0,0,0,7,6,1,1,11,0,6,4
573801791,0,,,39,20,19,3,1,2,36,19,17,15,10,5,35,19,16,35,19,16,21,9,12,10,4,6,2,0,2,0,0,0,0,0,0,17,17,7,4,2,3,0,1,0,10,7,3,1,14,0,5,3
573801793,0,,,17,5,12,2,1,1,15,4,11,7,2,5,14,4,10,14,4,10,8,2,6,4,0,4,2,0,2,0,0,0,0,0,0,6,6,3,1,1,0,0,0,1,3,1,2,0,5,0,2,1
573801992,0,,,121,57,64,13,8,5,108,49,59,62,31,31,105,47,58,105,47,58,46,18,28,32,11,21,10,2,8,2,0,2,0,0,0,55,55,18,22,8,2,4,0,1,37,28,9,2,35,0,11,10
573801993,0,,,196,100,96,19,13,6,177,87,90,73,41,32,173,84,89,169,81,88,104,46,58,41,20,21,13,5,8,1,0,1,0,0,0,80,80,21,33,13,4,4,3,2,59,46,13,1,68,0,15,21
573801994,0,,,178,89,89,14,11,3,164,78,86,81,38,43,161,77,84,160,76,84,83,40,43,39,17,22,12,5,7,0,0,0,0,0,0,70,70,17,27,9,10,3,3,1,53,35,18,2,58,0,15,18
573802002,2,573802004,,7,3,4,*,*,*,*,*,*,*,*,*,*,*,*,*,*,*,*,*,*,*,*,*,*,*,*,*,*,*,*,*,*,6,6,*,*,*,*,*,*,*,*,*,*,*,*,*,*,*
573802004,1,,573802002,4,2,2,0,0,0,11,5,6,6,3,3,11,5,6,11,5,6,5,2,3,3,0,3,1,0,1,0,0,0,1,0,1,2,2,5,3,0,0,0,0,0,3,3,0,0,5,0,3,1
573802011,0,,,12,5,7,0,0,0,12,5,7,6,2,4,12,5,7,11,5,6,6,3,3,4,1,3,0,0,0,0,0,0,0,0,0,6,6,2,2,2,0,0,0,0,4,3,1,0,6,0,2,0
573802012,1,,573802014,100,52,48,7,6,1,96,47,49,48,29,19,93,46,47,93,46,47,48,18,30,28,10,18,11,4,7,0,0,0,0,0,0,44,44,15,15,9,5,1,1,0,31,27,4,1,33,0,10,6
573802013,0,,,20,10,10,0,0,0,20,10,10,10,4,6,20,10,10,20,10,10,10,6,4,4,1,3,2,0,2,1,0,1,0,0,0,8,8,2,2,2,2,0,0,0,6,3,3,0,8,0,2,2
573802014,2,573802012,,3,1,2,*,*,*,*,*,*,*,*,*,*,*,*,*,*,*,*,*,*,*,*,*,*,*,*,*,*,*,*,*,*,2,2,*,*,*,*,*,*,*,*,*,*,*,*,*,*,*
573802021,0,,,20,12,8,0,0,0,20,12,8,6,4,2,20,12,8,20,12,8,14,8,6,11,6,5,0,0,0,0,0,0,0,0,0,9,9,2,3,4,0,0,0,0,7,7,0,0,9,0,2,3
573802023,0,,,244,118,126,12,7,5,232,111,121,115,58,57,224,107,117,221,106,115,117,53,64,72,26,46,28,9,19,1,0,1,4,2,2,106,106,35,33,22,9,4,1,2,71,52,19,2,80,1,20,22
573802024,0,,,199,92,107,6,2,4,193,90,103,92,49,43,185,87,98,184,86,98,101,41,60,65,24,41,26,10,16,0,0,0,1,0,1,91,91,28,34,19,6,3,0,1,63,48,15,1,75,0,22,15
573802033,0,,,208,100,108,21,14,7,187,86,101,92,48,44,184,85,99,183,85,98,95,38,57,43,18,25,17,9,8,1,1,0,1,0,1,85,85,23,29,16,12,1,2,2,62,50,12,4,64,0,19,15
573802034,0,,,82,42,40,4,3,1,78,39,39,45,26,19,75,39,36,73,37,36,33,13,20,18,9,9,2,0,2,0,0,0,0,0,0,35,35,11,12,5,5,1,0,1,24,16,8,2,25,0,8,6
573802042,0,,,29,10,19,2,1,1,27,9,18,11,4,7,26,9,17,26,9,17,16,5,11,7,1,6,3,0,3,1,0,1,1,1,0,13,13,3,6,2,2,0,0,0,10,7,3,0,11,0,3,2
573802043,0,,,150,73,77,13,5,8,137,68,69,71,38,33,134,66,68,134,66,68,66,30,36,42,16,26,13,4,9,0,0,0,1,0,1,64,64,12,33,10,6,1,1,1,52,45,7,3,42,0,9,18
573802044,0,,,182,98,84,25,11,14,145,77,68,91,50,41,140,75,65,138,74,64,54,27,27,26,11,15,7,3,4,0,0,0,1,0,1,87,85,39,25,10,5,3,3,0,46,40,6,7,35,2,11,15
573802051,0,,,470,229,241,36,19,17,434,210,224,238,135,103,423,202,221,418,201,217,196,75,121,107,34,73,35,11,24,5,2,3,2,0,2,239,239,104,77,33,18,2,4,1,133,115,18,7,142,9,55,29
573802052,0,,,728,358,370,98,57,41,618,292,326,378,196,182,591,279,312,584,276,308,240,96,144,129,48,81,47,17,30,2,1,1,4,2,2,350,348,144,109,50,30,7,5,3,201,177,24,34,168,15,68,50
573802053,0,,,418,199,219,72,28,44,340,168,172,259,133,126,330,164,166,327,163,164,81,35,46,45,17,28,11,4,7,0,0,0,2,0,2,195,194,82,53,27,20,6,4,2,112,100,12,23,60,8,23,17
573802054,0,,,90,45,45,11,4,7,78,40,38,48,25,23,77,39,38,77,39,38,30,15,15,9,4,5,5,2,3,0,0,0,0,0,0,46,46,19,16,7,2,2,0,0,27,24,3,5,24,2,7,7
573802061,0,,,481,245,236,62,25,37,413,215,198,316,171,145,394,206,188,391,204,187,97,44,53,47,20,27,12,6,6,2,0,2,1,0,1,233,233,100,68,32,19,12,1,1,130,114,16,23,64,25,19,19
573802062,0,,,96,61,35,2,1,1,70,47,23,58,40,18,70,47,23,69,47,22,12,7,5,5,3,2,0,0,0,0,0,0,2,1,1,79,79,65,11,3,0,0,0,0,12,12,0,1,10,10,7,2
573802063,0,,,615,310,305,65,40,25,545,267,278,388,193,195,530,263,267,524,260,264,157,74,83,72,26,46,27,10,17,1,0,1,9,2,7,310,310,145,78,51,26,7,1,2,164,145,19,18,111,24,32,35
573802064,0,,,478,225,253,71,33,38,402,189,213,307,148,159,388,178,210,383,177,206,95,41,54,44,14,30,17,6,11,0,0,0,2,0,2,224,224,90,65,32,28,6,1,2,129,110,19,20,71,12,24,14
573802073,0,,,53,27,26,3,1,2,49,25,24,33,19,14,47,24,23,47,24,23,16,6,10,8,3,5,3,0,3,0,0,0,1,1,0,29,29,14,9,4,1,1,0,0,15,12,3,1,11,2,5,2
573802111,1,,573802112,23,11,12,7,4,3,22,10,12,14,5,9,21,10,11,20,9,11,8,5,3,2,1,1,0,0,0,0,0,0,0,0,0,8,8,2,4,1,0,2,1,0,8,7,1,1,5,0,1,2
573802112,2,573802111,,6,3,3,*,*,*,*,*,*,*,*,*,*,*,*,*,*,*,*,*,*,*,*,*,*,*,*,*,*,*,*,*,*,2,2,*,*,*,*,*,*,*,*,*,*,*,*,*,*,*
573802113,1,,573802201,19,8,11,4,1,3,17,8,9,11,6,5,17,8,9,15,6,9,6,2,4,4,1,3,0,0,0,0,0,0,0,0,0,7,7,2,2,3,0,0,1,0,6,6,0,0,4,0,1,1
573802114,0,,,12,8,4,2,2,0,10,6,4,4,2,2,9,5,4,9,5,4,6,4,2,4,2,2,1,0,1,0,0,0,1,0,1,6,6,3,1,1,1,0,0,0,3,3,0,0,5,0,3,1
573802122,0,,,12,5,7,0,0,0,12,5,7,4,2,2,12,5,7,12,5,7,8,3,5,5,2,3,1,1,0,0,0,0,0,0,0,7,7,2,5,0,0,0,0,0,5,5,0,0,5,0,1,3
573802123,1,,573802212,14,7,7,0,0,0,18,9,9,7,4,3,16,7,9,16,7,9,11,5,6,5,3,2,4,3,1,0,0,0,0,0,0,5,5,1,3,2,0,1,0,0,6,4,2,0,6,0,1,2
573802124,0,,,20,10,10,0,0,0,20,10,10,9,3,6,20,10,10,20,10,10,11,7,4,7,4,3,3,2,1,1,1,0,0,0,0,10,10,2,6,2,0,0,0,0,8,7,1,0,9,0,2,1
573802131,0,,,19,7,12,4,1,3,15,6,9,10,4,6,14,6,8,13,5,8,5,2,3,2,1,1,0,0,0,0,0,0,0,0,0,6,6,1,2,1,0,1,1,0,5,5,0,1,3,0,1,1
573802132,0,,,43,21,22,8,3,5,35,18,17,20,12,8,35,18,17,35,18,17,15,6,9,6,3,3,2,0,2,0,0,0,0,0,0,20,20,7,6,5,1,1,0,0,13,11,2,3,10,0,3,5
573802133,1,,573802134,19,7,12,3,1,2,25,12,13,15,6,9,25,12,13,25,12,13,10,6,4,5,2,3,4,2,2,0,0,0,0,0,0,7,7,2,3,0,1,2,1,0,7,3,4,2,8,0,2,2
573802134,2,573802133,,9,6,3,*,*,*,*,*,*,*,*,*,*,*,*,*,*,*,*,*,*,*,*,*,*,*,*,*,*,*,*,*,*,2,2,*,*,*,*,*,*,*,*,*,*,*,*,*,*,*
573802141,0,,,23,9,14,2,2,0,21,7,14,15,5,10,19,6,13,19,6,13,6,2,4,2,0,2,0,0,0,0,0,0,0,0,0,10,10,5,1,2,0,2,0,0,5,3,2,1,6,0,4,0
573802142,0,,,46,24,22,8,4,4,37,19,18,23,14,9,36,18,18,35,18,17,14,5,9,12,4,8,1,1,0,0,0,0,1,0,1,18,18,4,6,4,2,2,0,0,14,12,2,1,10,0,2,1
573802143,0,,,42,17,25,0,0,0,42,17,25,12,4,8,42,17,25,42,17,25,30,13,17,20,6,14,18,4,14,1,0,1,0,0,0,10,9,2,3,2,1,1,0,0,6,4,2,0,8,0,2,2
573802144,0,,,64,35,29,15,10,5,49,25,24,30,15,15,47,23,24,46,23,23,19,10,9,10,7,3,2,1,1,0,0,0,0,0,0,20,20,3,4,6,2,3,2,0,17,13,4,4,11,0,3,2
573802151,0,,,99,47,52,24,11,13,73,35,38,60,29,31,72,34,38,69,32,37,13,6,7,3,0,3,3,0,3,1,0,1,0,0,0,35,35,9,3,12,7,4,0,0,25,21,4,6,9,1,2,0
573802152,0,,,201,104,97,36,19,17,164,84,80,123,64,59,156,81,75,153,80,73,41,20,21,18,6,12,6,3,3,1,1,0,1,0,1,82,82,30,22,6,17,2,4,1,49,42,7,8,30,3,10,7
573802153,0,,,40,23,17,12,9,3,28,14,14,26,12,14,27,14,13,25,13,12,2,2,0,0,0,0,0,0,0,0,0,0,0,0,0,12,12,0,4,3,2,3,0,0,12,11,1,1,2,0,0,0
573802154,0,,,42,21,21,3,1,2,39,20,19,36,18,18,36,19,17,35,18,17,3,2,1,2,1,1,1,0,1,0,0,0,0,0,0,15,15,4,0,8,1,2,0,0,11,11,0,0,3,0,2,0
573802161,0,,,58,32,26,5,2,3,51,28,23,41,21,20,50,28,22,49,27,22,10,7,3,6,3,3,1,0,1,0,0,0,0,0,0,27,27,12,6,3,5,1,0,0,15,12,3,1,6,4,0,2
573802162,1,,573802164,165,79,86,32,16,16,139,66,73,91,45,46,136,64,72,132,62,70,48,21,27,22,9,13,8,3,5,1,0,1,0,0,0,72,72,27,23,10,6,5,2,1,47,42,5,8,33,8,14,8
573802163,0,,,53,24,29,9,4,5,44,20,24,27,12,15,44,20,24,44,20,24,17,8,9,10,4,6,3,1,2,0,0,0,0,0,0,20,20,2,9,4,4,1,0,0,18,16,2,3,9,0,1,4
573802164,2,573802162,,6,3,3,*,*,*,*,*,*,*,*,*,*,*,*,*,*,*,*,*,*,*,*,*,*,*,*,*,*,*,*,*,*,2,2,*,*,*,*,*,*,*,*,*,*,*,*,*,*,*
573802171,0,,,273,151,122,51,32,19,218,116,102,173,94,79,214,113,101,213,112,101,45,22,23,28,12,16,6,1,5,1,0,1,0,0,0,125,125,55,30,20,9,6,4,1,68,60,8,16,30,18,8,11
573802172,0,,,62,30,32,7,4,3,55,26,29,32,15,17,54,26,28,54,26,28,23,11,12,8,2,6,1,0,1,0,0,0,0,0,0,26,26,8,8,5,3,1,1,0,18,13,5,3,17,0,5,3
573802173,0,,,113,52,61,17,6,11,96,46,50,53,28,25,94,44,50,92,42,50,43,18,25,22,7,15,10,4,6,0,0,0,0,0,0,52,52,22,12,11,3,3,0,1,30,26,4,7,30,0,11,8
573802174,0,,,271,145,126,53,34,19,218,111,107,155,80,75,208,108,100,206,107,99,63,31,32,32,15,17,17,7,10,1,1,0,0,0,0,100,100,22,30,17,22,8,0,1,78,71,7,15,43,0,13,11
573802183,0,,,121,64,57,14,9,5,107,55,52,60,33,27,102,52,50,100,51,49,47,22,25,23,12,11,6,3,3,0,0,0,0,0,0,52,52,22,10,9,6,2,3,0,30,24,6,3,31,4,12,6
573802184,0,,,71,36,35,4,2,2,67,34,33,42,22,20,66,33,33,65,32,33,25,12,13,9,5,4,6,4,2,1,1,0,1,0,1,34,34,11,13,7,2,1,0,0,23,20,3,1,16,2,3,5
573802193,0,,,33,13,20,6,1,5,27,12,15,21,10,11,25,12,13,23,10,13,6,2,4,3,1,2,1,1,0,1,1,0,0,0,0,10,10,1,1,3,4,1,0,0,9,8,1,2,4,0,1,0
573802201,2,573802113,,2,1,1,*,*,*,*,*,*,*,*,*,*,*,*,*,*,*,*,*,*,*,*,*,*,*,*,*,*,*,*,*,*,1,1,*,*,*,*,*,*,*,*,*,*,*,*,*,*,*
573802212,2,573802123,,4,2,2,*,*,*,*,*,*,*,*,*,*,*,*,*,*,*,*,*,*,*,*,*,*,*,*,*,*,*,*,*,*,2,2,*,*,*,*,*,*,*,*,*,*,*,*,*,*,*
573802221,1,,573802401;573802403,11,5,6,0,0,0,17,8,9,11,6,5,17,8,9,16,8,8,6,2,4,0,0,0,0,0,0,0,0,0,0,0,0,5,5,2,5,0,0,1,0,0,6,5,1,0,5,0,0,1
573802222,0,,,18,8,10,0,0,0,18,8,10,5,3,2,18,8,10,18,8,10,13,5,8,7,3,4,2,0,2,0,0,0,0,0,0,9,9,2,5,2,0,0,0,0,7,6,1,0,9,0,2,3
573802224,0,,,20,10,10,1,0,1,19,10,9,11,5,6,18,10,8,18,10,8,8,5,3,6,3,3,3,2,1,0,0,0,0,0,0,5,5,0,1,1,1,1,1,0,5,2,3,0,5,0,0,1
573802231,1,,573802232;573802234,22,9,13,1,0,1,33,16,17,11,6,5,33,16,17,33,16,17,22,10,12,9,5,4,3,1,2,0,0,0,0,0,0,11,11,4,7,3,2,0,0,0,12,10,2,0,13,0,2,7
573802232,2,573802231,,7,3,4,*,*,*,*,*,*,*,*,*,*,*,*,*,*,*,*,*,*,*,*,*,*,*,*,*,*,*,*,*,*,3,3,*,*,*,*,*,*,*,*,*,*,*,*,*,*,*
573802234,2,573802231,,6,4,2,*,*,*,*,*,*,*,*,*,*,*,*,*,*,*,*,*,*,*,*,*,*,*,*,*,*,*,*,*,*,2,2,*,*,*,*,*,*,*,*,*,*,*,*,*,*,*
573802241,0,,,33,16,17,7,6,1,26,10,16,15,7,8,26,10,16,26,10,16,11,3,8,5,1,4,2,0,2,0,0,0,0,0,0,13,13,4,5,1,1,0,2,0,9,7,2,1,8,0,4,2
573802242,0,,,43,19,24,6,2,4,37,17,20,28,13,15,35,17,18,34,16,18,9,4,5,4,1,3,2,0,2,0,0,0,1,0,1,19,19,7,4,4,4,0,0,0,11,9,2,0,6,0,3,0
573802243,0,,,28,12,16,5,2,3,23,10,13,11,5,6,23,10,13,23,10,13,12,5,7,8,4,4,4,1,3,0,0,0,0,0,0,11,11,3,4,1,1,2,0,0,8,6,2,2,7,0,1,3
573802244,0,,,27,14,13,0,0,0,27,14,13,12,8,4,26,14,12,25,13,12,15,6,9,7,2,5,5,1,4,0,0,0,0,0,0,12,12,4,4,2,1,1,0,0,8,5,3,0,11,0,3,3
573802251,0,,,15,8,7,0,0,0,15,8,7,10,5,5,14,8,6,13,7,6,5,3,2,4,2,2,0,0,0,0,0,0,0,0,0,6,6,1,3,1,0,1,0,0,5,4,1,0,4,0,1,2
573802252,0,,,22,11,11,0,0,0,22,11,11,5,4,1,22,11,11,21,10,11,17,7,10,11,3,8,2,1,1,0,0,0,0,0,0,12,12,6,4,1,0,1,0,0,6,5,1,0,12,0,6,2
573802253,0,,,21,9,12,3,1,2,18,8,10,4,1,3,18,8,10,17,8,9,14,7,7,5,2,3,2,0,2,0,0,0,1,0,1,8,8,2,4,1,0,0,0,1,6,4,2,1,8,0,2,4
573802254,0,,,23,11,12,0,0,0,23,11,12,13,6,7,23,11,12,23,11,12,10,5,5,5,2,3,1,1,0,0,0,0,0,0,0,9,9,2,3,2,1,1,0,0,7,6,1,0,7,0,2,2
573802261,0,,,18,10,8,1,1,0,17,9,8,7,4,3,17,9,8,17,9,8,10,5,5,6,3,3,2,0,2,0,0,0,0,0,0,10,10,5,2,3,0,0,0,0,5,3,2,1,7,0,3,1
573802262,0,,,10,4,6,1,0,1,9,4,5,4,2,2,8,3,5,8,3,5,5,2,3,3,1,2,3,1,2,0,0,0,0,0,0,6,6,3,2,1,0,0,0,0,3,3,0,0,4,0,3,1
573802264,0,,,21,10,11,4,2,2,17,8,9,9,5,4,17,8,9,17,8,9,8,3,5,3,1,2,0,0,0,0,0,0,0,0,0,9,9,2,4,1,2,0,0,0,7,6,1,2,6,0,2,2
573802271,0,,,71,32,39,12,1,11,59,31,28,32,19,13,59,31,28,59,31,28,27,12,15,17,7,10,5,1,4,0,0,0,0,0,0,30,30,8,10,7,3,2,0,0,22,19,3,6,19,1,6,4
573802272,0,,,39,17,22,12,7,5,27,10,17,17,8,9,26,10,16,26,10,16,10,2,8,7,1,6,3,0,3,0,0,0,0,0,0,11,11,2,3,1,1,1,2,1,9,6,3,3,7,0,1,1
573802273,0,,,66,29,37,12,5,7,54,24,30,33,17,16,53,23,30,52,23,29,21,7,14,15,4,11,9,2,7,0,0,0,0,0,0,24,24,7,5,1,9,2,0,0,17,10,7,3,16,0,5,2
573802281,0,,,98,48,50,13,7,6,85,41,44,42,22,20,81,38,43,80,37,43,43,19,24,17,6,11,7,1,6,0,0,0,0,0,0,44,44,13,21,3,5,0,1,1,31,28,3,2,30,0,10,11
573802282,0,,,279,139,140,30,16,14,248,122,126,152,81,71,243,120,123,238,117,121,96,41,55,48,19,29,19,9,10,0,0,0,1,0,1,127,127,51,39,14,14,4,3,2,74,59,15,15,63,7,20,17
573802283,0,,,100,49,51,15,10,5,85,39,46,53,21,32,80,37,43,78,37,41,32,18,14,24,13,11,10,6,4,2,2,0,2,0,2,39,39,11,10,7,8,2,1,0,28,22,6,0,23,0,8,8
573802284,0,,,374,178,196,59,32,27,305,142,163,215,106,109,291,135,156,284,132,152,90,36,54,51,17,34,18,9,9,0,0,0,2,1,1,165,165,63,44,26,18,11,3,0,99,85,14,16,63,12,18,21
573802291,1,,573802292,529,237,292,66,34,32,450,195,255,325,145,180,442,192,250,404,183,221,125,50,75,79,31,48,22,7,15,1,0,1,3,2,1,271,268,168,49,19,24,8,2,0,102,83,19,20,85,40,40,16
573802292,2,573802291,,2,2,0,*,*,*,*,*,*,*,*,*,*,*,*,*,*,*,*,*,*,*,*,*,*,*,*,*,*,*,*,*,*,2,2,*,*,*,*,*,*,*,*,*,*,*,*,*,*,*
573802293,0,,,478,245,233,62,40,22,400,198,202,300,152,148,394,195,199,381,184,197,100,46,54,49,23,26,15,3,12,4,1,3,5,0,5,262,261,142,61,33,17,7,1,0,116,109,7,24,71,29,26,20
573802294,0,,,11,5,6,0,0,0,10,5,5,5,3,2,10,5,5,10,5,5,5,2,3,2,1,1,2,1,1,0,0,0,0,0,0,5,5,2,1,1,1,0,0,0,3,1,2,0,3,0,0,1
573802332,1,,573802334,21,11,10,0,0,0,26,13,13,14,7,7,26,13,13,26,13,13,12,6,6,6,3,3,1,0,1,0,0,0,0,0,0,10,10,2,7,2,1,0,0,0,10,9,1,0,9,0,2,3
573802334,2,573802332,,5,2,3,*,*,*,*,*,*,*,*,*,*,*,*,*,*,*,*,*,*,*,*,*,*,*,*,*,*,*,*,*,*,2,2,*,*,*,*,*,*,*,*,*,*,*,*,*,*,*
573802341,0,,,12,7,5,0,0,0,12,7,5,9,7,2,12,7,5,12,7,5,3,0,3,3,0,3,0,0,0,0,0,0,0,0,0,6,6,2,2,2,0,0,0,0,4,3,1,0,3,0,0,0
573802351,2,573802352,,5,3,2,*,*,*,*,*,*,*,*,*,*,*,*,*,*,*,*,*,*,*,*,*,*,*,*,*,*,*,*,*,*,3,3,*,*,*,*,*,*,*,*,*,*,*,*,*,*,*
573802352,1,,573802351,11,3,8,2,1,1,14,5,9,10,3,7,14,5,9,13,5,8,4,2,2,2,1,1,0,0,0,0,0,0,0,0,0,3,3,2,2,0,0,2,0,0,4,3,1,0,2,0,0,1
573802354,0,,,18,9,9,1,0,1,17,9,8,8,4,4,16,8,8,16,8,8,9,5,4,6,4,2,1,0,1,0,0,0,0,0,0,9,9,4,3,0,2,0,0,0,5,4,1,0,6,0,2,3
573802361,0,,,23,13,10,8,5,3,15,8,7,15,8,7,14,8,6,14,8,6,0,0,0,0,0,0,0,0,0,0,0,0,1,0,1,8,8,2,1,2,2,1,0,0,6,6,0,3,0,0,0,0
573802362,0,,,12,5,7,2,0,2,10,5,5,6,4,2,9,4,5,9,4,5,4,1,3,2,0,2,0,0,0,0,0,0,0,0,0,5,5,1,3,0,0,1,0,0,4,4,0,0,3,0,1,1
573802363,0,,,36,14,22,6,0,6,30,14,16,13,6,7,29,14,15,29,14,15,17,8,9,5,2,3,4,1,3,1,0,1,0,0,0,13,13,4,5,1,1,0,0,2,9,5,4,1,12,0,4,2
573802364,0,,,10,4,6,0,0,0,10,4,6,2,1,1,10,4,6,10,4,6,8,3,5,3,1,2,3,1,2,1,1,0,0,0,0,4,4,1,0,3,0,0,0,0,3,3,0,0,4,0,1,0
573802371,0,,,27,12,15,3,0,3,24,12,12,11,8,3,24,12,12,23,11,12,13,4,9,7,1,6,3,0,3,0,0,0,0,0,0,9,9,1,3,2,1,2,0,0,8,5,3,1,7,0,1,1
573802372,0,,,52,27,25,11,5,6,41,22,19,27,15,12,40,22,18,40,22,18,14,7,7,8,3,5,2,0,2,0,0,0,0,0,0,14,14,0,3,5,1,3,2,0,14,10,4,1,9,0,0,1
573802373,1,,573802374,32,14,18,0,0,0,37,17,20,23,10,13,36,17,19,36,17,19,14,7,7,12,5,7,6,3,3,0,0,0,0,0,0,14,14,5,6,2,2,0,1,0,11,9,2,0,10,0,5,0
573802374,2,573802373,,5,3,2,*,*,*,*,*,*,*,*,*,*,*,*,*,*,*,*,*,*,*,*,*,*,*,*,*,*,*,*,*,*,2,2,*,*,*,*,*,*,*,*,*,*,*,*,*,*,*
573802381,0,,,61,31,30,10,7,3,51,24,27,34,17,17,50,24,26,49,24,25,17,7,10,11,3,8,5,2,3,0,0,0,0,0,0,20,20,4,5,3,5,2,0,1,16,11,5,2,13,0,2,0
573802382,0,,,235,113,122,43,24,19,188,87,101,161,77,84,172,81,91,168,79,89,27,10,17,9,2,7,4,0,4,0,0,0,0,0,0,102,102,34,29,22,10,5,2,0,66,64,2,10,18,5,6,5
573802383,0,,,17,9,8,0,0,0,17,9,8,10,5,5,17,9,8,17,9,8,7,4,3,6,3,3,3,2,1,0,0,0,0,0,0,6,6,0,2,3,1,0,0,0,6,3,3,0,5,0,0,0
573802384,0,,,161,67,94,24,14,10,137,53,84,59,26,33,134,50,84,133,49,84,78,27,51,53,15,38,27,6,21,5,1,4,0,0,0,47,46,13,14,7,5,1,4,2,33,26,7,5,30,0,10,10
573802391,0,,,203,98,105,29,14,15,172,82,90,121,58,63,166,80,86,164,79,85,51,24,27,28,12,16,15,4,11,3,1,2,1,0,1,90,90,32,30,13,7,5,2,1,58,47,11,6,36,3,11,7
573802392,0,,,294,140,154,47,21,26,246,119,127,141,66,75,238,114,124,233,110,123,105,53,52,58,27,31,20,9,11,3,2,1,0,0,0,108,107,28,34,14,19,6,1,5,79,58,21,9,71,0,21,16
573802393,0,,,63,36,27,5,3,2,58,33,25,20,11,9,56,32,24,56,32,24,38,22,16,17,10,7,5,2,3,1,0,1,0,0,0,28,28,8,9,8,2,1,0,0,20,16,4,0,24,0,7,6
573802394,0,,,138,64,74,19,11,8,119,53,66,66,32,34,117,53,64,116,53,63,53,21,32,38,15,23,14,6,8,0,0,0,0,0,0,58,58,18,16,15,5,1,3,0,40,31,9,6,39,0,13,6
573802401,2,573802221,,4,2,2,*,*,*,*,*,*,*,*,*,*,*,*,*,*,*,*,*,*,*,*,*,*,*,*,*,*,*,*,*,*,2,2,*,*,*,*,*,*,*,*,*,*,*,*,*,*,*
573802403,2,573802221,,2,1,1,*,*,*,*,*,*,*,*,*,*,*,*,*,*,*,*,*,*,*,*,*,*,*,*,*,*,*,*,*,*,1,1,*,*,*,*,*,*,*,*,*,*,*,*,*,*,*
573802451,0,,,15,9,6,0,0,0,15,9,6,10,5,5,15,9,6,15,9,6,5,4,1,3,2,1,3,2,1,0,0,0,0,0,0,5,5,1,1,1,1,1,0,0,4,1,3,0,3,0,0,0
573802452,1,,573802454,21,9,12,2,0,2,22,10,12,7,3,4,22,10,12,22,10,12,15,7,8,6,2,4,2,0,2,1,0,1,0,0,0,11,11,6,4,2,1,0,0,0,7,5,2,0,11,0,5,3
573802453,1,,573802551,13,4,9,1,0,1,16,6,10,6,1,5,15,6,9,15,6,9,10,5,5,7,3,4,1,1,0,0,0,0,0,0,0,5,5,1,4,1,0,1,0,0,6,5,1,0,6,0,1,2
573802454,2,573802452,,3,1,2,*,*,*,*,*,*,*,*,*,*,*,*,*,*,*,*,*,*,*,*,*,*,*,*,*,*,*,*,*,*,2,2,*,*,*,*,*,*,*,*,*,*,*,*,*,*,*
573802461,0,,,12,7,5,0,0,0,12,7,5,3,1,2,12,7,5,12,7,5,9,6,3,6,5,1,0,0,0,0,0,0,0,0,0,8,8,4,4,0,0,0,0,0,4,4,0,0,6,0,3,3
573802462,0,,,28,13,15,11,5,6,17,8,9,13,7,6,17,8,9,17,8,9,4,1,3,3,1,2,0,0,0,0,0,0,0,0,0,8,8,1,1,1,3,2,0,0,7,6,1,2,3,0,0,0
573802463,0,,,19,8,11,0,0,0,19,8,11,8,3,5,19,8,11,19,8,11,11,5,6,3,0,3,1,0,1,0,0,0,0,0,0,7,7,0,4,2,0,1,0,0,7,5,2,0,7,0,0,4
573802464,1,,573802671,22,12,10,2,1,1,21,12,9,11,6,5,21,12,9,21,12,9,10,6,4,6,3,3,6,3,3,0,0,0,0,0,0,8,8,2,2,3,2,0,0,0,7,4,3,1,7,0,1,2
573802471,0,,,24,9,15,4,1,3,20,8,12,13,5,8,19,8,11,18,8,10,7,3,4,6,2,4,2,0,2,0,0,0,0,0,0,10,10,3,3,2,1,1,0,0,7,7,0,1,6,0,3,2
573802472,0,,,11,4,7,0,0,0,11,4,7,5,2,3,10,3,7,10,3,7,6,2,4,5,1,4,3,0,3,0,0,0,0,0,0,4,4,1,1,1,0,1,0,0,3,1,2,0,4,0,1,0
573802473,0,,,13,5,8,1,0,1,12,5,7,5,2,3,12,5,7,12,5,7,7,3,4,2,0,2,1,0,1,0,0,0,0,0,0,7,7,2,4,1,0,0,0,0,5,5,0,0,5,0,1,3
573802474,0,,,22,11,11,5,1,4,17,10,7,10,6,4,17,10,7,17,10,7,7,4,3,3,1,2,1,0,1,0,0,0,1,1,0,8,8,1,2,4,0,1,0,0,7,6,1,3,5,0,1,1
573802481,2,573802482,,6,2,4,*,*,*,*,*,*,*,*,*,*,*,*,*,*,*,*,*,*,*,*,*,*,*,*,*,*,*,*,*,*,2,2,*,*,*,*,*,*,*,*,*,*,*,*,*,*,*
573802482,1,,573802481,103,50,53,18,7,11,91,45,46,51,28,23,85,41,44,85,41,44,40,17,23,23,9,14,6,2,4,1,1,0,0,0,0,41,41,11,15,6,7,2,2,0,32,27,5,3,30,0,11,8
573802483,2,573802484,,7,4,3,*,*,*,*,*,*,*,*,*,*,*,*,*,*,*,*,*,*,*,*,*,*,*,*,*,*,*,*,*,*,4,4,*,*,*,*,*,*,*,*,*,*,*,*,*,*,*
573802484,1,,573802483,23,11,12,4,3,1,26,12,14,12,7,5,26,12,14,26,12,14,14,5,9,9,3,6,3,0,3,0,0,0,0,0,0,9,9,5,4,1,2,0,1,0,8,7,1,0,10,0,4,1
573802491,0,,,81,40,41,13,9,4,68,31,37,32,15,17,68,31,37,68,31,37,36,16,20,19,9,10,9,3,6,0,0,0,0,0,0,26,26,3,10,5,3,0,4,1,23,15,8,3,22,0,3,5
573802492,0,,,73,37,36,9,3,6,64,34,30,41,25,16,62,32,30,61,32,29,23,9,14,9,3,6,3,1,2,0,0,0,2,0,2,30,30,12,5,7,2,2,2,0,17,12,5,3,15,0,3,1
573802493,1,,573802582;573802591;573802593,41,25,16,8,5,3,45,27,18,26,16,10,45,27,18,44,26,18,19,11,8,13,9,4,5,3,2,0,0,0,1,0,1,17,17,8,7,2,2,1,2,0,14,9,5,1,14,0,4,3
573802494,0,,,14,7,7,2,1,1,12,6,6,7,3,4,12,6,6,12,6,6,5,3,2,4,2,2,0,0,0,0,0,0,0,0,0,5,5,0,2,2,1,0,0,0,5,5,0,1,3,0,0,1
573802551,2,573802453,,4,2,2,*,*,*,*,*,*,*,*,*,*,*,*,*,*,*,*,*,*,*,*,*,*,*,*,*,*,*,*,*,*,2,2,*,*,*,*,*,*,*,*,*,*,*,*,*,*,*
573802582,2,573802493,,2,1,1,*,*,*,*,*,*,*,*,*,*,*,*,*,*,*,*,*,*,*,*,*,*,*,*,*,*,*,*,*,*,1,1,*,*,*,*,*,*,*,*,*,*,*,*,*,*,*
573802591,2,573802493,,5,3,2,*,*,*,*,*,*,*,*,*,*,*,*,*,*,*,*,*,*,*,*,*,*,*,*,*,*,*,*,*,*,2,2,*,*,*,*,*,*,*,*,*,*,*,*,*,*,*
573802593,2,573802493,,5,3,2,*,*,*,*,*,*,*,*,*,*,*,*,*,*,*,*,*,*,*,*,*,*,*,*,*,*,*,*,*,*,2,2,*,*,*,*,*,*,*,*,*,*,*,*,*,*,*
573802671,2,573802464,,1,1,0,*,*,*,*,*,*,*,*,*,*,*,*,*,*,*,*,*,*,*,*,*,*,*,*,*,*,*,*,*,*,1,1,*,*,*,*,*,*,*,*,*,*,*,*,*,*,*
573802691,0,,,12,5,7,1,1,0,11,4,7,10,4,6,9,3,6,7,2,5,1,0,1,0,0,0,0,0,0,0,0,0,0,0,0,4,4,2,0,0,1,0,1,0,2,2,0,0,1,0,1,0
573802901,0,,,21,10,11,4,2,2,17,8,9,11,4,7,16,7,9,16,7,9,6,4,2,2,1,1,1,1,0,0,0,0,0,0,0,6,6,1,2,1,0,1,0,1,5,2,3,2,5,0,0,1
573802972,0,,,76,76,0,0,0,0,76,76,0,76,76,0,76,76,0,66,66,0,0,0,0,0,0,0,0,0,0,0,0,0,0,0,0,1,0,0,0,0,0,0,0,0,0,0,0,0,0,0,0,0
573803011,1,,573803012;573803013,88,43,45,10,5,5,87,43,44,39,22,17,86,43,43,86,43,43,48,21,27,27,11,16,14,4,10,1,0,1,0,0,0,36,36,12,14,8,5,0,1,1,28,22,6,3,31,0,8,7
573803012,2,573803011,,7,4,3,*,*,*,*,*,*,*,*,*,*,*,*,*,*,*,*,*,*,*,*,*,*,*,*,*,*,*,*,*,*,3,3,*,*,*,*,*,*,*,*,*,*,*,*,*,*,*
573803013,2,573803011,,2,1,1,*,*,*,*,*,*,*,*,*,*,*,*,*,*,*,*,*,*,*,*,*,*,*,*,*,*,*,*,*,*,2,2,*,*,*,*,*,*,*,*,*,*,*,*,*,*,*
573803022,0,,,52,29,23,4,3,1,48,26,22,24,13,11,46,25,21,45,24,21,24,13,11,15,6,9,5,1,4,0,0,0,0,0,0,24,24,9,7,5,1,2,0,0,15,12,3,0,16,0,7,3
573803024,0,,,38,17,21,3,1,2,35,16,19,18,9,9,34,15,19,34,15,19,17,7,10,14,5,9,7,3,4,0,0,0,0,0,0,19,19,6,10,1,1,1,0,0,13,12,1,0,13,0,4,6
573803031,0,,,61,25,36,12,3,9,49,22,27,29,14,15,48,21,27,48,21,27,20,8,12,11,4,7,6,2,4,0,0,0,0,0,0,22,22,4,9,4,1,2,1,1,18,13,5,2,12,0,0,6
573803032,0,,,38,17,21,1,1,0,37,16,21,15,6,9,36,16,20,36,16,20,22,10,12,13,5,8,7,2,5,1,1,0,0,0,0,15,15,4,4,4,1,2,0,0,11,6,5,0,14,0,3,3
573803033,0,,,68,31,37,8,5,3,60,26,34,30,13,17,60,26,34,58,26,32,30,13,17,18,7,11,6,1,5,2,0,2,0,0,0,25,25,5,9,5,2,2,2,0,20,11,9,3,18,0,3,4
573803034,0,,,27,14,13,2,2,0,25,12,13,13,7,6,24,12,12,24,12,12,12,5,7,4,0,4,3,0,3,0,0,0,0,0,0,11,11,4,2,3,1,0,1,0,7,5,2,0,9,0,3,1
573803041,2,573803043,,7,4,3,*,*,*,*,*,*,*,*,*,*,*,*,*,*,*,*,*,*,*,*,*,*,*,*,*,*,*,*,*,*,5,5,*,*,*,*,*,*,*,*,*,*,*,*,*,*,*
573803042,0,,,31,17,14,2,2,0,29,15,14,13,9,4,29,15,14,28,14,14,16,6,10,9,3,6,5,3,2,0,0,0,0,0,0,14,14,5,5,1,2,1,0,0,9,6,3,1,12,0,4,2
573803043,1,,573803041,16,9,7,4,3,1,19,10,9,4,2,2,19,10,9,19,10,9,15,8,7,12,6,6,9,4,5,1,1,0,0,0,0,7,7,5,5,1,0,1,0,0,7,7,0,1,10,0,5,3
573803044,0,,,16,6,10,0,0,0,16,6,10,7,2,5,16,6,10,16,6,10,9,4,5,5,1,4,2,0,2,0,0,0,0,0,0,6,6,1,1,3,1,0,0,0,5,2,3,0,6,0,1,1
573803052,0,,,100,61,39,0,0,0,100,61,39,78,51,27,100,61,39,100,61,39,22,10,12,8,4,4,1,1,0,0,0,0,0,0,0,2,0,0,0,0,0,0,0,0,0,0,0,0,0,0,0,0
573803104,0,,,39,18,21,3,2,1,36,16,20,18,7,11,34,16,18,34,16,18,18,9,9,11,6,5,3,2,1,0,0,0,0,0,0,12,12,1,4,2,1,4,0,0,11,5,6,0,12,0,1,4
573803112,2,573803114,,6,4,2,*,*,*,*,*,*,*,*,*,*,*,*,*,*,*,*,*,*,*,*,*,*,*,*,*,*,*,*,*,*,4,4,*,*,*,*,*,*,*,*,*,*,*,*,*,*,*
573803113,0,,,59,30,29,2,2,0,57,28,29,21,11,10,56,28,28,56,28,28,36,17,19,22,10,12,7,3,4,1,0,1,2,1,1,27,27,6,13,6,1,1,0,0,21,18,3,1,22,0,6,8
573803114,1,,573803112,42,20,22,5,2,3,43,22,21,24,13,11,42,22,20,42,22,20,19,9,10,10,6,4,5,1,4,0,0,0,0,0,0,22,22,14,5,5,1,1,0,0,12,11,1,2,15,2,8,2
573803121,0,,,37,19,18,2,1,1,35,18,17,17,9,8,33,17,16,32,16,16,18,9,9,13,5,8,5,2,3,0,0,0,0,0,0,15,15,4,4,4,2,1,0,0,11,7,4,0,12,0,4,4
573803122,0,,,29,16,13,4,4,0,25,12,13,12,7,5,25,12,13,24,11,13,13,5,8,4,2,2,2,0,2,0,0,0,0,0,0,12,12,4,3,2,2,1,0,0,8,6,2,1,8,0,3,2
573803123,0,,,104,53,51,15,7,8,89,46,43,46,23,23,86,44,42,85,43,42,43,23,20,26,13,13,14,8,6,0,0,0,0,0,0,34,34,7,10,8,2,2,0,5,27,18,9,3,25,0,3,7
573803124,0,,,78,38,40,7,4,3,71,34,37,35,18,17,69,33,36,69,33,36,36,16,20,18,7,11,3,0,3,2,0,2,0,0,0,35,35,10,13,8,2,2,0,0,25,17,8,2,25,0,7,6
573803132,0,,,68,34,34,9,3,6,59,31,28,33,17,16,59,31,28,58,30,28,26,14,12,15,8,7,3,2,1,1,1,0,0,0,0,26,26,5,11,5,1,3,0,1,21,17,4,2,18,0,2,6
573803133,0,,,185,102,83,25,14,11,160,88,72,101,61,40,153,81,72,153,81,72,59,27,32,35,13,22,18,7,11,0,0,0,2,0,2,98,97,53,23,10,8,2,1,0,43,37,6,3,45,8,18,9
573803134,0,,,425,181,244,37,24,13,388,157,231,142,69,73,383,156,227,382,155,227,246,88,158,170,47,123,94,20,74,21,1,20,5,1,4,151,150,46,56,24,12,5,5,2,104,78,26,7,114,2,32,29
573803141,2,573803142,,8,6,2,*,*,*,*,*,*,*,*,*,*,*,*,*,*,*,*,*,*,*,*,*,*,*,*,*,*,*,*,*,*,4,4,*,*,*,*,*,*,*,*,*,*,*,*,*,*,*
573803142,1,,573803141,71,34,37,4,2,2,75,38,37,31,17,14,72,37,35,71,37,34,44,21,23,23,9,14,13,5,8,1,0,1,0,0,0,33,33,12,14,6,4,1,0,0,25,22,3,2,29,0,10,7
573803143,0,,,84,39,45,7,1,6,77,38,39,36,20,16,76,37,39,75,37,38,41,18,23,22,9,13,11,4,7,2,0,2,0,0,0,35,35,7,17,7,1,1,1,1,28,24,4,1,24,0,5,10
573803144,0,,,14,8,6,0,0,0,14,8,6,7,5,2,14,8,6,14,8,6,7,3,4,6,2,4,3,2,1,1,0,1,1,0,1,7,7,3,2,1,1,0,0,0,4,2,2,0,5,0,2,1
573803151,2,573803153,,6,4,2,*,*,*,*,*,*,*,*,*,*,*,*,*,*,*,*,*,*,*,*,*,*,*,*,*,*,*,*,*,*,3,3,*,*,*,*,*,*,*,*,*,*,*,*,*,*,*
573803152,0,,,15,9,6,0,0,0,15,9,6,7,3,4,15,9,6,14,8,6,8,6,2,5,4,1,0,0,0,0,0,0,0,0,0,8,8,3,4,0,1,0,0,0,5,4,1,0,6,0,3,2
573803153,1,,573803151,35,20,15,0,0,0,41,24,17,14,8,6,41,24,17,41,24,17,27,16,11,13,7,6,5,3,2,0,0,0,0,0,0,16,16,5,8,4,2,0,0,0,14,12,2,0,17,0,5,3
573803154,0,,,15,8,7,0,0,0,15,8,7,4,2,2,15,8,7,15,8,7,11,6,5,7,3,4,3,1,2,0,0,0,0,0,0,9,9,4,4,1,0,0,0,0,5,4,1,0,8,0,3,3
573803203,0,,,35,19,16,0,0,0,35,19,16,21,14,7,35,19,16,35,19,16,14,5,9,11,4,7,5,1,4,0,0,0,0,0,0,13,13,2,5,1,5,0,0,0,11,6,5,0,11,0,1,2
573803221,0,,,13,7,6,3,1,2,9,5,4,1,0,1,9,5,4,9,5,4,8,5,3,6,5,1,3,2,1,0,0,0,0,0,0,6,6,2,3,0,0,1,0,0,4,3,1,1,5,0,1,3
573803222,0,,,51,27,24,9,7,2,42,20,22,29,13,16,38,19,19,38,19,19,13,7,6,7,4,3,0,0,0,0,0,0,0,0,0,18,18,4,4,5,3,1,0,1,14,11,3,4,9,0,3,2
573803231,0,,,120,56,64,10,5,5,110,51,59,52,26,26,106,50,56,105,50,55,58,25,33,43,16,27,16,7,9,0,0,0,1,1,0,48,48,12,13,12,9,2,0,0,36,25,11,1,36,3,8,11
573803232,0,,,24,12,12,4,3,1,20,9,11,11,4,7,20,9,11,20,9,11,9,5,4,2,1,1,2,1,1,0,0,0,0,0,0,10,10,3,2,4,0,1,0,0,7,5,2,1,6,0,2,1
573803233,0,,,12,6,6,2,1,1,10,5,5,7,3,4,9,4,5,9,4,5,3,2,1,1,0,1,1,0,1,0,0,0,0,0,0,4,4,1,1,0,1,1,0,0,3,2,1,1,3,0,1,1
573803234,0,,,70,33,37,18,10,8,52,23,29,35,16,19,51,23,28,51,23,28,17,7,10,12,6,6,6,3,3,0,0,0,0,0,0,27,27,6,8,5,7,1,0,0,21,19,2,4,12,0,4,5
573803241,0,,,221,97,124,30,14,16,191,83,108,110,49,61,186,81,105,182,78,104,81,34,47,54,20,34,26,7,19,6,1,5,1,1,0,76,74,17,25,15,12,3,2,0,57,52,5,7,34,1,11,8
573803242,0,,,73,40,33,5,3,2,68,37,31,36,21,15,63,33,30,63,33,30,32,16,16,18,11,7,7,3,4,1,1,0,1,0,1,31,31,7,12,7,4,1,0,0,24,20,4,2,20,0,6,7
573803243,0,,,124,55,69,10,7,3,114,48,66,55,25,30,110,47,63,108,47,61,59,23,36,39,13,26,17,5,12,0,0,0,0,0,0,45,45,9,14,7,10,4,1,0,36,19,17,2,37,0,6,7
573803244,0,,,60,32,28,6,4,2,54,28,26,27,16,11,51,26,25,51,26,25,27,12,15,13,6,7,6,1,5,0,0,0,0,0,0,22,22,3,10,4,1,3,1,0,19,11,8,1,18,0,2,6
573803251,0,,,23,11,12,2,1,1,21,10,11,16,7,9,19,9,10,18,8,10,5,3,2,4,2,2,0,0,0,0,0,0,0,0,0,6,6,0,1,1,2,2,0,0,6,6,0,0,3,0,0,1
573803252,1,,573803254,46,23,23,8,6,2,39,18,21,18,6,12,39,18,21,39,18,21,21,12,9,7,3,4,5,2,3,2,1,1,0,0,0,15,15,4,3,6,0,0,2,1,12,5,7,1,13,0,3,1
573803253,0,,,15,9,6,0,0,0,15,9,6,10,6,4,15,9,6,14,8,6,5,3,2,1,1,0,0,0,0,0,0,0,1,0,1,8,8,3,3,2,0,0,0,0,4,4,0,0,4,0,2,1
573803254,2,573803252,,1,1,0,*,*,*,*,*,*,*,*,*,*,*,*,*,*,*,*,*,*,*,*,*,*,*,*,*,*,*,*,*,*,1,1,*,*,*,*,*,*,*,*,*,*,*,*,*,*,*
573803301,0,,,48,21,27,6,3,3,42,18,24,20,10,10,41,17,24,40,16,24,22,8,14,14,5,9,7,2,5,2,1,1,0,0,0,18,18,4,6,4,2,1,0,1,14,9,5,0,15,0,4,3
573803302,0,,,17,9,8,3,2,1,14,7,7,8,5,3,14,7,7,14,7,7,6,2,4,2,0,2,2,0,2,0,0,0,0,0,0,7,7,4,0,2,0,0,0,1,3,1,2,0,5,0,2,0
573803303,0,,,64,30,34,3,1,2,61,29,32,32,18,14,59,29,30,57,27,30,29,11,18,19,7,12,4,1,3,0,0,0,1,1,0,25,25,5,10,5,2,2,1,0,20,16,4,0,20,0,4,8
573803304,0,,,45,21,24,3,1,2,42,20,22,14,6,8,42,20,22,42,20,22,28,14,14,20,8,12,7,3,4,0,0,0,0,0,0,20,20,5,10,4,0,0,0,1,15,11,4,0,19,0,5,6
573803313,0,,,12,6,6,0,0,0,12,6,6,3,2,1,12,6,6,12,6,6,9,4,5,5,1,4,2,0,2,0,0,0,0,0,0,6,6,1,4,1,0,0,0,0,5,5,0,0,6,0,1,2
573803323,0,,,19,7,12,0,0,0,19,7,12,12,3,9,19,7,12,19,7,12,7,4,3,4,1,3,1,0,1,0,0,0,0,0,0,9,9,2,5,1,1,0,0,0,7,6,1,0,6,0,1,2
573803331,0,,,16,7,9,3,2,1,13,5,8,5,1,4,13,5,8,13,5,8,8,4,4,6,3,3,4,1,3,0,0,0,0,0,0,6,6,2,2,1,0,0,0,1,4,3,1,0,6,0,2,2
573803332,0,,,75,38,37,14,7,7,61,31,30,28,16,12,60,30,30,60,30,30,33,15,18,24,11,13,12,5,7,0,0,0,0,0,0,27,27,7,7,4,5,2,2,0,20,11,9,4,21,0,6,6
573803333,0,,,19,8,11,2,0,2,17,8,9,7,5,2,17,8,9,17,8,9,10,3,7,6,2,4,3,1,2,0,0,0,0,0,0,8,8,1,4,2,1,0,0,0,7,7,0,1,7,0,1,1
573803334,0,,,66,28,38,1,0,1,65,28,37,28,16,12,61,27,34,61,27,34,37,12,25,23,6,17,11,2,9,2,1,1,0,0,0,25,25,4,12,4,2,1,1,1,21,14,7,0,23,0,4,5
573803341,1,,573803343,54,26,28,12,7,5,53,25,28,27,12,15,49,23,26,49,23,26,26,13,13,15,7,8,4,3,1,0,0,0,0,0,0,21,21,2,14,2,4,0,1,1,22,19,3,2,16,0,2,9
573803342,0,,,96,49,47,6,4,2,89,44,45,45,26,19,89,44,45,88,43,45,44,18,26,18,5,13,9,2,7,1,0,1,0,0,0,48,48,20,17,5,3,3,0,0,28,22,6,2,30,0,12,8
573803343,2,573803341,,11,6,5,*,*,*,*,*,*,*,*,*,*,*,*,*,*,*,*,*,*,*,*,*,*,*,*,*,*,*,*,*,*,3,3,*,*,*,*,*,*,*,*,*,*,*,*,*,*,*
573803344,0,,,30,16,14,3,2,1,27,14,13,23,12,11,24,11,13,24,11,13,4,2,2,1,0,1,1,0,1,0,0,0,1,0,1,11,11,1,4,3,3,0,0,0,10,9,1,0,3,0,1,1
573803351,0,,,23,12,11,5,5,0,18,7,11,9,4,5,18,7,11,18,7,11,9,3,6,4,1,3,1,0,1,0,0,0,0,0,0,8,8,1,4,1,1,0,0,1,7,5,2,0,6,0,1,3
573803353,0,,,36,17,19,6,3,3,30,14,16,15,8,7,29,14,15,29,14,15,15,6,9,13,4,9,4,1,3,0,0,0,0,0,0,16,16,4,8,2,0,2,0,0,12,10,2,1,11,0,4,3
573803361,0,,,36,20,16,5,2,3,31,18,13,20,12,8,30,18,12,29,18,11,11,6,5,5,3,2,0,0,0,0,0,0,0,0,0,12,12,5,1,1,1,2,2,0,7,3,4,1,7,0,2,1
573803363,0,,,20,10,10,2,1,1,18,9,9,13,7,6,18,9,9,18,9,9,5,2,3,2,0,2,2,0,2,0,0,0,0,0,0,10,10,5,2,2,0,1,0,0,5,3,2,0,4,0,1,1
573803401,0,,,99,43,56,6,2,4,93,41,52,41,16,25,90,41,49,90,41,49,52,25,27,29,12,17,8,4,4,0,0,0,1,0,1,45,45,13,16,11,4,1,0,0,32,26,6,1,33,1,7,15
573803402,0,,,10,4,6,0,0,0,10,4,6,2,1,1,10,4,6,10,4,6,8,3,5,2,0,2,1,0,1,0,0,0,0,0,0,6,6,2,4,0,0,0,0,0,4,4,0,0,6,0,2,3
573803403,0,,,23,14,9,0,0,0,23,14,9,11,8,3,22,14,8,21,13,8,12,6,6,7,3,4,3,1,2,0,0,0,0,0,0,10,10,2,4,3,1,0,0,0,8,8,0,0,8,0,1,2
573803404,0,,,41,18,23,7,2,5,34,16,18,15,8,7,33,15,18,32,15,17,19,8,11,11,4,7,2,1,1,0,0,0,0,0,0,13,13,1,6,2,1,0,3,0,12,8,4,1,11,0,1,5
573803411,1,,573803414,68,29,39,7,1,6,65,30,35,38,19,19,59,28,31,57,28,29,27,11,16,19,8,11,5,2,3,0,0,0,0,0,0,24,24,6,8,3,5,3,1,0,20,13,7,2,18,0,4,4
573803412,0,,,18,8,10,0,0,0,18,8,10,9,4,5,17,8,9,17,8,9,9,4,5,6,2,4,2,0,2,0,0,0,0,0,0,7,7,2,1,2,2,0,0,0,5,3,2,0,6,0,1,1
573803413,0,,,58,29,29,7,3,4,51,26,25,24,15,9,48,25,23,47,24,23,27,11,16,12,3,9,5,1,4,0,0,0,0,0,0,23,23,8,10,0,1,0,2,2,14,10,4,0,18,0,5,4
573803414,2,573803411,,4,2,2,*,*,*,*,*,*,*,*,*,*,*,*,*,*,*,*,*,*,*,*,*,*,*,*,*,*,*,*,*,*,2,2,*,*,*,*,*,*,*,*,*,*,*,*,*,*,*
573803421,0,,,28,13,15,0,0,0,28,13,15,9,5,4,28,13,15,28,13,15,19,8,11,11,3,8,5,1,4,0,0,0,0,0,0,15,15,6,5,4,0,0,0,0,9,8,1,0,12,0,5,3
573803422,0,,,20,11,9,0,0,0,20,11,9,12,7,5,20,11,9,20,11,9,8,4,4,5,2,3,1,0,1,1,0,1,1,0,1,9,9,2,3,4,0,0,0,0,7,6,1,0,5,0,1,2
573803423,2,573803424,,12,8,4,*,*,*,*,*,*,*,*,*,*,*,*,*,*,*,*,*,*,*,*,*,*,*,*,*,*,*,*,*,*,2,2,*,*,*,*,*,*,*,*,*,*,*,*,*,*,*
573803424,1,,573803423,31,12,19,10,4,6,33,16,17,21,10,11,32,16,16,31,16,15,12,6,6,8,3,5,1,0,1,0,0,0,0,0,0,9,9,2,3,1,1,0,2,2,9,4,5,2,10,0,2,3
573803431,1,,573803432,28,17,11,5,4,1,25,14,11,15,8,7,25,14,11,25,14,11,10,6,4,7,4,3,4,3,1,0,0,0,0,0,0,11,11,4,3,3,0,1,1,0,8,4,4,2,8,0,2,3
573803432,2,573803431,,2,1,1,*,*,*,*,*,*,*,*,*,*,*,*,*,*,*,*,*,*,*,*,*,*,*,*,*,*,*,*,*,*,1,1,*,*,*,*,*,*,*,*,*,*,*,*,*,*,*
573803433,0,,,24,11,13,0,0,0,24,11,13,11,7,4,24,11,13,24,11,13,13,4,9,6,2,4,1,0,1,0,0,0,0,0,0,11,11,2,7,0,2,0,0,0,9,6,3,0,8,0,2,3
573803434,0,,,20,10,10,5,3,2,15,7,8,11,5,6,14,7,7,14,7,7,4,2,2,2,1,1,0,0,0,0,0,0,0,0,0,6,6,1,1,1,1,2,0,0,5,4,1,0,2,0,0,1
573803442,0,,,15,9,6,4,3,1,11,6,5,7,4,3,11,6,5,11,6,5,4,2,2,2,1,1,0,0,0,0,0,0,1,0,1,6,6,2,1,1,2,0,0,0,4,4,0,1,3,0,2,0
573803444,0,,,20,12,8,0,0,0,20,12,8,10,6,4,20,12,8,20,12,8,10,6,4,8,4,4,1,1,0,0,0,0,0,0,0,10,10,3,4,3,0,0,0,0,7,6,1,0,7,0,1,3
573803451,1,,573803452,79,38,41,4,3,1,76,35,41,44,23,21,73,32,41,72,32,40,32,12,20,22,7,15,11,3,8,1,0,1,0,0,0,35,35,14,11,4,3,4,0,0,22,13,9,0,23,0,10,2
573803452,2,573803451,,1,0,1,*,*,*,*,*,*,*,*,*,*,*,*,*,*,*,*,*,*,*,*,*,*,*,*,*,*,*,*,*,*,1,1,*,*,*,*,*,*,*,*,*,*,*,*,*,*,*
573803453,1,,573803454,30,15,15,4,3,1,33,15,18,18,9,9,32,14,18,31,14,17,15,6,9,12,4,8,4,1,3,0,0,0,0,0,0,14,13,5,2,6,1,1,0,0,10,8,2,1,9,0,3,2
573803454,2,573803453,,7,3,4,*,*,*,*,*,*,*,*,*,*,*,*,*,*,*,*,*,*,*,*,*,*,*,*,*,*,*,*,*,*,2,2,*,*,*,*,*,*,*,*,*,*,*,*,*,*,*
573803461,2,573803462,,10,4,6,*,*,*,*,*,*,*,*,*,*,*,*,*,*,*,*,*,*,*,*,*,*,*,*,*,*,*,*,*,*,2,2,*,*,*,*,*,*,*,*,*,*,*,*,*,*,*
573803462,1,,573803461;573803464,9,4,5,3,1,2,21,9,12,10,4,6,21,9,12,21,9,12,11,5,6,5,1,4,5,1,4,0,0,0,0,0,0,5,5,4,2,3,0,0,0,1,6,3,3,1,7,0,2,2
573803464,2,573803462,,5,2,3,*,*,*,*,*,*,*,*,*,*,*,*,*,*,*,*,*,*,*,*,*,*,*,*,*,*,*,*,*,*,3,3,*,*,*,*,*,*,*,*,*,*,*,*,*,*,*
573803501,0,,,9,4,5,0,0,0,9,4,5,2,1,1,9,4,5,9,4,5,7,3,4,5,2,3,1,0,1,0,0,0,0,0,0,4,4,1,2,0,1,0,0,0,3,2,1,0,4,0,1,2
573803502,0,,,60,23,37,7,3,4,53,20,33,29,12,17,51,20,31,50,20,30,24,8,16,14,3,11,7,1,6,1,0,1,0,0,0,22,22,7,7,3,1,0,2,2,15,11,4,2,15,0,4,4
573803504,0,,,24,12,12,0,0,0,24,12,12,8,5,3,24,12,12,24,12,12,16,7,9,9,3,6,4,2,2,0,0,0,0,0,0,12,12,5,3,3,1,0,0,0,7,5,2,0,10,0,4,3
573803511,0,,,38,20,18,5,3,2,33,17,16,17,9,8,32,17,15,32,17,15,16,8,8,10,4,6,4,1,3,0,0,0,0,0,0,17,17,4,8,3,1,1,0,0,13,12,1,1,10,0,2,5
573803512,2,573803514,,7,3,4,*,*,*,*,*,*,*,*,*,*,*,*,*,*,*,*,*,*,*,*,*,*,*,*,*,*,*,*,*,*,4,4,*,*,*,*,*,*,*,*,*,*,*,*,*,*,*
573803513,0,,,120,53,67,10,4,6,110,49,61,48,24,24,107,48,59,104,47,57,62,25,37,38,11,27,23,4,19,4,0,4,0,0,0,38,37,6,13,9,5,2,0,2,31,22,9,4,27,0,4,9
573803514,1,,573803512,173,78,95,31,18,13,148,63,85,90,38,52,147,63,84,145,62,83,58,25,33,33,15,18,16,9,7,1,0,1,2,0,2,76,76,25,31,10,8,5,1,0,54,53,1,7,39,7,11,17
573803521,0,,,68,36,32,5,3,2,63,33,30,34,18,16,61,32,29,59,31,28,29,15,14,19,9,10,5,3,2,1,1,0,0,0,0,26,26,6,7,10,0,1,1,1,19,11,8,1,18,0,4,3
573803522,2,573803524,,12,6,6,*,*,*,*,*,*,*,*,*,*,*,*,*,*,*,*,*,*,*,*,*,*,*,*,*,*,*,*,*,*,3,3,*,*,*,*,*,*,*,*,*,*,*,*,*,*,*
573803523,0,,,59,29,30,7,3,4,52,26,26,29,13,16,52,26,26,50,24,26,23,13,10,16,9,7,7,4,3,2,1,1,0,0,0,23,23,7,5,6,3,1,0,1,16,12,4,1,14,0,4,3
573803524,1,,573803522,8,4,4,2,1,1,18,9,9,14,7,7,18,9,9,18,9,9,4,2,2,3,2,1,2,1,1,0,0,0,0,0,0,3,3,1,2,0,1,1,1,0,5,4,1,0,2,0,0,0
573803531,1,,573803532,14,7,7,6,5,1,13,6,7,10,5,5,13,6,7,13,6,7,3,1,2,3,1,2,2,0,2,0,0,0,0,0,0,5,5,1,1,1,2,1,0,0,5,3,2,1,3,0,1,0
573803532,2,573803531,,5,4,1,*,*,*,*,*,*,*,*,*,*,*,*,*,*,*,*,*,*,*,*,*,*,*,*,*,*,*,*,*,*,1,1,*,*,*,*,*,*,*,*,*,*,*,*,*,*,*
573803541,0,,,22,12,10,0,0,0,22,12,10,10,6,4,22,12,10,22,12,10,12,6,6,6,3,3,3,2,1,0,0,0,0,0,0,9,9,0,5,4,0,0,0,0,9,8,1,0,7,0,0,2
573803542,0,,,21,8,13,0,0,0,21,8,13,7,4,3,20,7,13,19,6,13,14,4,10,10,3,7,3,1,2,0,0,0,0,0,0,10,10,5,2,1,1,1,0,0,5,2,3,0,10,0,5,2
573803543,1,,573803544,36,18,18,1,1,0,38,18,20,14,7,7,38,18,20,38,18,20,24,11,13,9,4,5,5,2,3,0,0,0,0,0,0,16,16,4,8,2,2,1,0,0,13,10,3,1,16,0,4,5
573803544,2,573803543,,3,1,2,*,*,*,*,*,*,*,*,*,*,*,*,*,*,*,*,*,*,*,*,*,*,*,*,*,*,*,*,*,*,1,1,*,*,*,*,*,*,*,*,*,*,*,*,*,*,*
573803551,0,,,27,16,11,4,2,2,23,14,9,13,10,3,23,14,9,23,14,9,10,4,6,3,1,2,3,1,2,0,0,0,0,0,0,13,13,7,0,5,0,1,0,0,6,5,1,1,7,3,3,0
573803552,0,,,33,16,17,4,1,3,29,15,14,12,6,6,27,15,12,27,15,12,17,9,8,6,3,3,1,1,0,0,0,0,0,0,0,12,12,2,6,2,0,0,1,1,10,7,3,1,10,0,2,4
573803554,0,,,32,14,18,2,1,1,30,13,17,19,7,12,30,13,17,30,13,17,11,6,5,6,2,4,5,2,3,0,0,0,0,0,0,9,9,2,1,1,2,1,2,0,7,2,5,1,7,0,1,0
573803561,0,,,22,9,13,2,0,2,20,9,11,10,4,6,19,9,10,18,9,9,10,5,5,8,4,4,0,0,0,0,0,0,0,0,0,6,6,0,2,1,1,1,1,0,6,3,3,0,6,0,0,2
573803562,0,,,33,14,19,2,0,2,31,14,17,9,4,5,31,14,17,31,14,17,22,10,12,12,4,8,3,0,3,1,0,1,0,0,0,16,16,6,5,3,2,0,0,0,10,7,3,0,15,0,6,4
573803571,2,573803572,,6,3,3,*,*,*,*,*,*,*,*,*,*,*,*,*,*,*,*,*,*,*,*,*,*,*,*,*,*,*,*,*,*,3,3,*,*,*,*,*,*,*,*,*,*,*,*,*,*,*
573803572,1,,573803571;573803573,36,16,20,1,0,1,50,23,27,24,13,11,50,23,27,50,23,27,26,10,16,17,6,11,12,5,7,1,0,1,1,0,1,14,14,5,6,3,5,1,0,0,14,7,7,0,17,0,4,3
573803573,2,573803572,,9,4,5,*,*,*,*,*,*,*,*,*,*,*,*,*,*,*,*,*,*,*,*,*,*,*,*,*,*,*,*,*,*,3,3,*,*,*,*,*,*,*,*,*,*,*,*,*,*,*
573803602,0,,,16,10,6,0,0,0,16,10,6,5,4,1,16,10,6,16,10,6,11,6,5,7,4,3,2,1,1,0,0,0,0,0,0,10,10,5,4,1,0,0,0,0,5,5,0,0,7,0,2,3
573803604,0,,,41,17,24,4,1,3,37,16,21,17,6,11,37,16,21,37,16,21,20,10,10,9,4,5,5,2,3,0,0,0,0,0,0,16,16,5,3,4,2,2,0,0,11,7,4,2,14,0,5,2
573803611,0,,,63,18,45,7,1,6,56,17,39,27,10,17,56,17,39,56,17,39,29,7,22,19,2,17,14,1,13,2,0,2,0,0,0,27,26,13,9,2,2,0,0,0,13,13,0,2,10,1,7,1
573803612,0,,,138,59,79,16,8,8,122,51,71,77,31,46,121,51,70,118,49,69,45,20,25,22,10,12,4,1,3,0,0,0,0,0,0,65,65,25,17,16,5,1,1,0,40,37,3,4,33,0,15,7
573803613,2,573803614,,3,1,2,*,*,*,*,*,*,*,*,*,*,*,*,*,*,*,*,*,*,*,*,*,*,*,*,*,*,*,*,*,*,1,1,*,*,*,*,*,*,*,*,*,*,*,*,*,*,*
573803614,1,,573803613,100,49,51,17,9,8,84,40,44,65,31,34,80,40,40,76,38,38,19,9,10,4,1,3,3,1,2,0,0,0,1,0,1,40,40,13,9,11,3,3,2,0,26,22,4,6,14,1,5,2
573803621,0,,,53,23,30,7,3,4,46,20,26,20,9,11,45,20,25,44,19,25,26,11,15,12,4,8,6,2,4,3,1,2,0,0,0,20,20,8,6,1,2,1,0,2,11,4,7,2,17,0,7,2
573803622,2,573803624,,11,3,8,*,*,*,*,*,*,*,*,*,*,*,*,*,*,*,*,*,*,*,*,*,*,*,*,*,*,*,*,*,*,3,3,*,*,*,*,*,*,*,*,*,*,*,*,*,*,*
573803623,0,,,19,7,12,2,1,1,17,6,11,8,3,5,16,6,10,15,6,9,9,3,6,5,2,3,2,2,0,0,0,0,0,0,0,8,8,2,3,2,0,1,0,0,6,5,1,0,6,0,2,3
573803624,1,,573803622,28,13,15,7,2,5,32,14,18,11,6,5,32,14,18,32,14,18,21,8,13,16,6,10,2,0,2,0,0,0,0,0,0,14,14,4,9,1,2,0,1,0,13,11,2,1,12,0,3,6
573803631,2,573803634,,5,2,3,*,*,*,*,*,*,*,*,*,*,*,*,*,*,*,*,*,*,*,*,*,*,*,*,*,*,*,*,*,*,2,2,*,*,*,*,*,*,*,*,*,*,*,*,*,*,*
573803632,2,573803634,,7,3,4,*,*,*,*,*,*,*,*,*,*,*,*,*,*,*,*,*,*,*,*,*,*,*,*,*,*,*,*,*,*,5,5,*,*,*,*,*,*,*,*,*,*,*,*,*,*,*
573803633,2,573803634,,5,2,3,*,*,*,*,*,*,*,*,*,*,*,*,*,*,*,*,*,*,*,*,*,*,*,*,*,*,*,*,*,*,1,1,*,*,*,*,*,*,*,*,*,*,*,*,*,*,*
573803634,1,,573803631;573803632;573803633,40,17,23,3,1,2,54,23,31,28,12,16,52,22,30,52,22,30,26,11,15,17,6,11,5,2,3,1,0,1,0,0,0,20,20,11,10,3,3,1,0,0,17,11,6,1,19,0,8,6
573803641,0,,,17,6,11,7,2,5,10,4,6,7,3,4,10,4,6,10,4,6,3,1,2,3,1,2,0,0,0,0,0,0,0,0,0,6,6,3,0,0,1,2,0,0,3,2,1,2,3,0,2,0
573803643,0,,,24,12,12,5,1,4,19,11,8,9,5,4,18,11,7,18,11,7,10,6,4,5,4,1,1,1,0,0,0,0,0,0,0,8,8,2,2,1,2,0,0,1,6,5,1,1,7,0,2,1
573803652,1,,573803654,37,19,18,4,1,3,41,22,19,25,17,8,41,22,19,39,20,19,16,5,11,11,3,8,7,2,5,0,0,0,0,0,0,12,12,2,5,4,2,1,0,1,13,8,5,1,10,0,0,2
573803654,2,573803652,,8,4,4,*,*,*,*,*,*,*,*,*,*,*,*,*,*,*,*,*,*,*,*,*,*,*,*,*,*,*,*,*,*,3,3,*,*,*,*,*,*,*,*,*,*,*,*,*,*,*
573803661,1,,573803664,15,7,8,2,2,0,17,8,9,6,3,3,17,8,9,17,8,9,11,5,6,5,3,2,1,1,0,0,0,0,0,0,0,8,8,3,3,2,1,0,0,0,6,5,1,0,7,0,2,3
573803664,2,573803661,,4,3,1,*,*,*,*,*,*,*,*,*,*,*,*,*,*,*,*,*,*,*,*,*,*,*,*,*,*,*,*,*,*,1,1,*,*,*,*,*,*,*,*,*,*,*,*,*,*,*
573803672,0,,,26,14,12,0,0,0,26,14,12,9,4,5,26,14,12,26,14,12,17,10,7,11,5,6,9,4,5,0,0,0,0,0,0,13,13,8,1,1,2,1,0,0,5,2,3,0,12,0,7,1
573803673,0,,,57,31,26,3,3,0,54,28,26,26,15,11,54,28,26,54,28,26,28,13,15,11,5,6,4,2,2,0,0,0,0,0,0,27,27,6,13,7,1,0,0,0,21,19,2,2,18,0,4,6
573803674,0,,,34,19,15,5,4,1,29,15,14,15,9,6,27,13,14,27,13,14,14,6,8,10,3,7,8,2,6,1,1,0,0,0,0,14,14,7,3,2,0,1,0,1,7,5,2,0,12,0,6,1
573803683,1,,573803684,18,8,10,4,1,3,23,10,13,10,4,6,23,10,13,23,10,13,13,6,7,9,3,6,3,2,1,0,0,0,0,0,0,7,7,1,5,2,1,0,1,0,9,8,1,1,8,0,1,3
573803684,2,573803683,,9,3,6,*,*,*,*,*,*,*,*,*,*,*,*,*,*,*,*,*,*,*,*,*,*,*,*,*,*,*,*,*,*,3,3,*,*,*,*,*,*,*,*,*,*,*,*,*,*,*
573803701,2,573803704,,1,0,1,*,*,*,*,*,*,*,*,*,*,*,*,*,*,*,*,*,*,*,*,*,*,*,*,*,*,*,*,*,*,1,1,*,*,*,*,*,*,*,*,*,*,*,*,*,*,*
573803702,2,573803704,,12,6,6,*,*,*,*,*,*,*,*,*,*,*,*,*,*,*,*,*,*,*,*,*,*,*,*,*,*,*,*,*,*,5,5,*,*,*,*,*,*,*,*,*,*,*,*,*,*,*
573803704,1,,573803701;573803702,14,7,7,3,2,1,24,11,13,14,8,6,23,10,13,22,10,12,10,3,7,6,1,5,1,0,1,0,0,0,0,0,0,7,7,5,5,1,1,1,0,0,8,7,1,0,9,0,5,1
573803711,0,,,31,14,17,3,0,3,28,14,14,19,9,10,25,12,13,25,12,13,9,5,4,5,2,3,2,1,1,0,0,0,0,0,0,10,10,3,3,1,0,2,0,1,7,4,3,1,6,0,2,0
573803712,0,,,18,12,6,3,2,1,15,10,5,8,4,4,15,10,5,15,10,5,7,6,1,0,0,0,0,0,0,0,0,0,0,0,0,10,10,6,2,1,0,1,0,0,3,3,0,0,7,0,4,1
573803713,0,,,24,13,11,2,2,0,22,11,11,10,5,5,21,10,11,21,10,11,12,6,6,7,3,4,1,0,1,0,0,0,1,0,1,11,11,4,4,1,1,1,0,0,7,6,1,1,9,0,3,2
573803714,0,,,47,22,25,9,4,5,38,18,20,24,13,11,37,18,19,36,17,19,14,5,9,11,5,6,4,1,3,1,0,1,0,0,0,19,19,6,3,6,3,1,0,0,13,12,1,2,10,0,5,1
573803721,1,,573803722,28,16,12,2,2,0,33,18,15,16,9,7,33,18,15,33,18,15,17,9,8,6,2,4,3,0,3,2,0,2,0,0,0,13,13,6,4,5,0,0,1,0,10,7,3,0,13,0,4,1
573803722,2,573803721,,7,4,3,*,*,*,*,*,*,*,*,*,*,*,*,*,*,*,*,*,*,*,*,*,*,*,*,*,*,*,*,*,*,3,3,*,*,*,*,*,*,*,*,*,*,*,*,*,*,*
573803723,0,,,133,66,67,31,17,14,102,49,53,72,37,35,99,49,50,98,49,49,30,12,18,19,7,12,7,2,5,0,0,0,1,0,1,57,57,18,21,6,7,3,2,0,38,36,2,7,23,0,10,7
573803724,0,,,20,10,10,1,1,0,19,9,10,13,6,7,19,9,10,19,9,10,6,3,3,2,1,1,1,1,0,0,0,0,0,0,0,9,9,1,5,3,0,0,0,0,8,7,1,0,5,0,1,1
573803732,2,573803733,,8,5,3,*,*,*,*,*,*,*,*,*,*,*,*,*,*,*,*,*,*,*,*,*,*,*,*,*,*,*,*,*,*,2,2,*,*,*,*,*,*,*,*,*,*,*,*,*,*,*
573803733,1,,573803732;573803734,62,31,31,12,8,4,65,32,33,34,17,17,64,32,32,64,32,32,31,15,16,15,6,9,8,3,5,3,1,2,1,0,1,18,18,6,5,4,4,3,3,0,19,11,8,2,21,0,4,3
573803734,2,573803733,,7,4,3,*,*,*,*,*,*,*,*,*,*,*,*,*,*,*,*,*,*,*,*,*,*,*,*,*,*,*,*,*,*,5,5,*,*,*,*,*,*,*,*,*,*,*,*,*,*,*
573803752,1,,573803753,17,9,8,0,0,0,21,12,9,8,5,3,21,12,9,21,12,9,13,7,6,5,3,2,2,1,1,0,0,0,0,0,0,8,8,5,2,1,1,1,0,0,5,3,2,0,7,0,2,2
573803753,2,573803752,,4,3,1,*,*,*,*,*,*,*,*,*,*,*,*,*,*,*,*,*,*,*,*,*,*,*,*,*,*,*,*,*,*,2,2,*,*,*,*,*,*,*,*,*,*,*,*,*,*,*
573803754,0,,,28,15,13,7,6,1,21,9,12,11,6,5,21,9,12,21,9,12,10,3,7,4,2,2,1,0,1,0,0,0,0,0,0,13,13,6,3,2,0,2,0,0,7,5,2,2,8,0,5,2
573803761,0,,,21,11,10,6,3,3,15,8,7,9,5,4,14,8,6,14,8,6,6,3,3,2,1,1,2,1,1,0,0,0,0,0,0,8,8,3,2,1,0,1,1,0,5,4,1,1,4,0,0,2
573803763,0,,,195,93,102,19,9,10,176,84,92,115,58,57,171,83,88,168,82,86,61,26,35,28,12,16,9,3,6,2,2,0,0,0,0,78,78,22,25,17,6,4,3,1,56,45,11,3,43,1,10,11
573803764,0,,,19,7,12,0,0,0,19,7,12,8,5,3,19,7,12,19,7,12,11,2,9,5,0,5,4,0,4,0,0,0,0,0,0,9,9,3,3,2,1,0,0,0,6,4,2,0,8,0,3,1
573803771,0,,,32,17,15,3,1,2,29,16,13,17,10,7,28,15,13,28,15,13,12,6,6,5,3,2,2,0,2,0,0,0,0,0,0,13,13,4,3,3,2,1,0,0,9,6,3,1,8,0,3,2
573803772,0,,,55,24,31,8,4,4,47,20,27,23,13,10,45,19,26,45,19,26,24,7,17,12,2,10,6,1,5,0,0,0,0,0,0,24,24,9,8,1,5,0,0,1,15,12,3,3,18,0,8,4
573803773,0,,,95,40,55,16,6,10,79,34,45,40,19,21,77,34,43,77,34,43,39,15,24,20,4,16,8,1,7,1,0,1,0,0,0,34,34,6,12,8,4,1,2,1,28,17,11,3,24,0,3,7
573803774,0,,,42,20,22,4,4,0,38,16,22,20,7,13,35,15,20,34,15,19,18,9,9,11,5,6,6,2,4,3,1,2,0,0,0,16,16,6,3,2,3,1,0,1,10,8,2,1,11,0,4,3
573803781,0,,,113,54,59,6,2,4,107,52,55,58,32,26,103,50,53,102,50,52,49,20,29,25,8,17,15,4,11,0,0,0,1,0,1,46,46,10,18,11,5,0,0,2,36,26,10,1,35,0,7,9
573803782,0,,,116,59,57,7,4,3,109,55,54,43,26,17,106,53,53,106,53,53,66,29,37,31,10,21,13,4,9,2,0,2,0,0,0,54,54,17,25,5,3,2,2,0,37,27,10,1,45,0,13,15
573803783,0,,,48,24,24,4,2,2,44,22,22,19,12,7,43,21,22,43,21,22,25,10,15,16,5,11,5,2,3,0,0,0,0,0,0,21,21,6,9,3,2,0,0,1,15,10,5,1,17,0,4,5
573803791,0,,,16,9,7,5,4,1,11,5,6,9,4,5,10,5,5,10,5,5,2,1,1,1,0,1,1,0,1,0,0,0,2,0,2,5,5,1,1,1,0,2,0,0,4,2,2,0,2,0,0,0
573803793,0,,,46,23,23,2,0,2,44,23,21,23,13,10,43,23,20,43,23,20,21,10,11,10,5,5,4,1,3,0,0,0,0,0,0,21,21,5,9,5,2,0,0,0,16,13,3,1,15,0,4,3
573803794,0,,,56,28,28,2,2,0,54,26,28,19,10,9,54,26,28,54,26,28,35,16,19,22,8,14,14,5,9,1,0,1,0,0,0,22,22,3,9,6,3,1,0,0,19,12,7,0,20,0,3,5
573803811,2,573803812,,5,2,3,*,*,*,*,*,*,*,*,*,*,*,*,*,*,*,*,*,*,*,*,*,*,*,*,*,*,*,*,*,*,2,2,*,*,*,*,*,*,*,*,*,*,*,*,*,*,*
573803812,1,,573803811,48,27,21,3,2,1,50,27,23,23,11,12,47,26,21,46,25,21,27,16,11,15,10,5,4,2,2,1,1,0,0,0,0,20,20,10,3,3,4,0,2,0,12,5,7,2,18,0,7,3
573803814,0,,,38,20,18,0,0,0,38,20,18,16,11,5,38,20,18,37,20,17,22,9,13,10,3,7,3,0,3,0,0,0,0,0,0,19,19,8,5,4,2,0,0,0,11,8,3,0,14,0,5,2
573803821,0,,,23,9,14,2,0,2,21,9,12,10,4,6,21,9,12,20,9,11,11,5,6,7,3,4,3,2,1,1,0,1,0,0,0,9,9,1,4,2,2,0,0,0,8,6,2,1,6,0,1,2
573803822,0,,,55,24,31,3,1,2,52,23,29,22,9,13,52,23,29,52,23,29,30,14,16,21,10,11,4,2,2,0,0,0,0,0,0,29,29,10,13,5,1,0,0,0,19,16,3,0,20,0,5,9
573803823,0,,,57,26,31,7,3,4,50,23,27,25,13,12,49,22,27,47,22,25,25,10,15,14,5,9,3,0,3,0,0,0,0,0,0,16,16,3,3,4,0,3,1,2,13,5,8,2,16,0,3,3
573803824,0,,,10,4,6,0,0,0,10,4,6,2,1,1,10,4,6,10,4,6,8,3,5,7,3,4,2,1,1,0,0,0,0,0,0,5,5,2,2,0,1,0,0,0,3,2,1,0,5,0,2,2
573803831,1,,573803833,112,53,59,9,1,8,106,53,53,54,32,22,103,51,52,102,50,52,52,21,31,33,13,20,15,5,10,2,1,1,0,0,0,43,43,12,13,9,6,0,2,2,32,24,8,3,37,0,9,4
573803832,1,,573803834,44,21,23,3,1,2,43,22,21,26,13,13,43,22,21,42,21,21,17,9,8,10,4,6,4,0,4,0,0,0,2,1,1,17,17,7,2,7,2,0,1,0,12,7,5,2,10,0,3,1
573803833,2,573803831,,3,1,2,*,*,*,*,*,*,*,*,*,*,*,*,*,*,*,*,*,*,*,*,*,*,*,*,*,*,*,*,*,*,1,1,*,*,*,*,*,*,*,*,*,*,*,*,*,*,*
573803834,2,573803832,,2,2,0,*,*,*,*,*,*,*,*,*,*,*,*,*,*,*,*,*,*,*,*,*,*,*,*,*,*,*,*,*,*,2,2,*,*,*,*,*,*,*,*,*,*,*,*,*,*,*
573803851,0,,,73,47,26,5,4,1,68,43,25,51,37,14,67,43,24,67,43,24,17,6,11,10,3,7,5,2,3,0,0,0,0,0,0,47,47,33,7,3,3,1,0,0,14,11,3,2,11,10,3,5
573803852,0,,,44,22,22,5,2,3,39,20,19,30,17,13,38,20,18,37,20,17,9,3,6,4,2,2,1,1,0,0,0,0,0,0,0,15,15,3,3,5,2,1,0,1,12,9,3,1,7,0,2,1
573803853,0,,,182,92,90,19,12,7,163,80,83,104,57,47,159,77,82,154,73,81,59,23,36,37,12,25,14,4,10,0,0,0,0,0,0,80,79,29,25,7,12,3,3,0,50,40,10,4,42,0,14,9
573803854,0,,,274,128,146,28,13,15,246,115,131,138,66,72,234,110,124,227,105,122,108,49,59,50,19,31,18,6,12,1,0,1,1,0,1,107,107,30,35,15,16,4,4,3,77,59,18,5,71,0,17,18
573803861,1,,573803863,114,65,49,20,17,3,173,73,100,64,36,28,171,72,99,168,69,99,109,37,72,90,29,61,62,14,48,12,2,10,1,0,1,45,45,16,12,9,6,4,0,1,32,22,10,6,25,1,7,5
573803862,0,,,64,36,28,7,2,5,57,34,23,34,22,12,55,33,22,54,32,22,23,12,11,13,8,5,3,2,1,0,0,0,0,0,0,24,24,4,8,8,1,2,1,0,20,16,4,2,16,0,2,3
573803863,2,573803861,,79,25,54,*,*,*,*,*,*,*,*,*,*,*,*,*,*,*,*,*,*,*,*,*,*,*,*,*,*,*,*,*,*,4,3,*,*,*,*,*,*,*,*,*,*,*,*,*,*,*
573803892,0,,,32,17,15,3,3,0,29,14,15,10,6,4,29,14,15,29,14,15,19,8,11,10,2,8,4,1,3,0,0,0,0,0,0,13,13,2,6,2,3,0,0,0,11,9,2,1,12,0,2,3
573803912,1,,573803914,13,8,5,2,1,1,15,8,7,9,4,5,15,8,7,14,8,6,6,4,2,2,2,0,0,0,0,0,0,0,0,0,0,5,5,3,1,2,0,0,1,0,4,3,1,0,5,0,3,1
573803914,2,573803912,,4,1,3,*,*,*,*,*,*,*,*,*,*,*,*,*,*,*,*,*,*,*,*,*,*,*,*,*,*,*,*,*,*,2,2,*,*,*,*,*,*,*,*,*,*,*,*,*,*,*
573803921,0,,,18,12,6,0,0,0,18,12,6,8,7,1,18,12,6,18,12,6,10,5,5,6,3,3,3,1,2,0,0,0,0,0,0,7,7,1,4,0,1,1,0,0,6,5,1,0,6,0,1,2
573803922,0,,,25,10,15,1,1,0,24,9,15,11,3,8,23,9,14,23,9,14,13,6,7,8,4,4,5,2,3,0,0,0,2,0,2,10,10,2,5,1,1,0,1,0,8,5,3,0,8,0,1,4
573803923,0,,,13,7,6,0,0,0,13,7,6,5,4,1,13,7,6,13,7,6,8,3,5,2,1,1,0,0,0,0,0,0,0,0,0,6,6,1,4,0,1,0,0,0,5,4,1,0,6,0,1,1
573803924,0,,,22,11,11,7,5,2,15,6,9,7,3,4,15,6,9,15,6,9,8,3,5,1,0,1,0,0,0,0,0,0,0,0,0,7,7,1,3,0,0,3,0,0,6,4,2,2,5,0,1,2
573803931,0,,,52,26,26,7,2,5,45,24,21,32,16,16,45,24,21,45,24,21,13,8,5,7,4,3,2,0,2,0,0,0,2,1,1,24,24,7,10,5,1,0,1,0,16,13,3,1,10,1,1,2
573803934,0,,,77,39,38,5,3,2,72,36,36,39,21,18,71,36,35,71,36,35,33,15,18,18,9,9,3,2,1,1,0,1,0,0,0,32,32,7,12,6,7,0,0,0,25,21,4,2,21,0,3,7
573803942,0,,,37,15,22,7,2,5,30,13,17,14,7,7,29,13,16,29,13,16,16,6,10,3,1,2,1,0,1,0,0,0,0,0,0,13,13,3,5,1,1,2,0,1,10,6,4,1,12,0,3,2
573803943,0,,,59,31,28,10,6,4,49,25,24,34,17,17,46,24,22,46,24,22,15,8,7,9,6,3,5,2,3,2,1,1,0,0,0,19,19,2,7,2,5,1,2,0,17,14,3,3,9,0,1,3
573803944,0,,,350,175,175,20,13,7,328,160,168,184,96,88,312,153,159,308,151,157,144,64,80,85,36,49,39,20,19,2,1,1,1,1,0,151,151,48,53,19,24,3,1,3,102,79,23,2,94,4,23,24
573803951,0,,,649,300,349,51,22,29,598,278,320,288,154,134,590,274,316,585,274,311,310,124,186,190,59,131,81,19,62,9,1,8,2,0,2,278,274,94,92,42,27,12,3,4,180,134,46,14,198,4,60,47
573803953,0,,,26,10,16,1,0,1,25,10,15,14,5,9,25,10,15,25,10,15,11,5,6,8,2,6,3,0,3,0,0,0,1,0,1,12,12,3,7,1,0,0,1,0,9,8,1,0,8,1,1,3
573804031,0,,,10,5,5,0,0,0,10,5,5,4,3,1,10,5,5,10,5,5,6,2,4,5,1,4,0,0,0,0,0,0,0,0,0,6,6,4,1,0,1,0,0,0,2,1,1,0,5,0,3,0
573804033,1,,573804034;573804132,10,6,4,0,0,0,18,11,7,4,2,2,18,11,7,18,11,7,14,9,5,4,2,2,1,1,0,0,0,0,0,0,0,6,6,3,6,1,0,0,0,0,7,6,1,0,10,0,3,3
573804034,2,573804033,,5,3,2,*,*,*,*,*,*,*,*,*,*,*,*,*,*,*,*,*,*,*,*,*,*,*,*,*,*,*,*,*,*,2,2,*,*,*,*,*,*,*,*,*,*,*,*,*,*,*
573804132,2,573804033,,3,2,1,*,*,*,*,*,*,*,*,*,*,*,*,*,*,*,*,*,*,*,*,*,*,*,*,*,*,*,*,*,*,2,2,*,*,*,*,*,*,*,*,*,*,*,*,*,*,*
573804234,0,,,16,9,7,0,0,0,16,9,7,9,6,3,16,9,7,16,9,7,7,3,4,4,1,3,4,1,3,0,0,0,0,0,0,7,7,3,1,1,2,0,0,0,4,2,2,0,4,0,1,0
573804243,0,,,65,28,37,6,2,4,59,26,33,27,12,15,59,26,33,59,26,33,32,14,18,19,7,12,2,0,2,1,0,1,0,0,0,25,25,5,11,5,1,0,2,1,20,14,6,3,22,0,4,7
573804343,1,,573804441,46,23,23,4,3,1,54,25,29,17,8,9,52,24,28,52,24,28,37,17,20,20,9,11,11,5,6,2,0,2,1,0,1,21,21,5,11,7,0,2,0,0,20,16,4,1,20,0,2,7
573804441,2,573804343,,12,5,7,*,*,*,*,*,*,*,*,*,*,*,*,*,*,*,*,*,*,*,*,*,*,*,*,*,*,*,*,*,*,4,4,*,*,*,*,*,*,*,*,*,*,*,*,*,*,*
573804553,0,,,17,7,10,4,2,2,13,5,8,6,3,3,13,5,8,13,5,8,7,2,5,5,1,4,1,0,1,0,0,0,0,0,0,6,6,1,1,2,2,0,0,0,5,1,4,0,4,0,1,0
573804651,0,,,63,30,33,2,0,2,61,30,31,31,16,15,60,30,30,59,29,30,30,14,16,20,10,10,12,6,6,0,0,0,0,0,0,24,24,8,6,3,3,2,2,0,16,9,7,0,20,0,7,3
573804653,1,,573804752,39,19,20,9,5,4,38,20,18,20,11,9,36,20,16,35,20,15,18,9,9,14,7,7,7,3,4,1,1,0,0,0,0,14,14,6,4,2,1,2,1,1,11,8,3,3,12,0,5,1
573804703,2,573804801,,5,2,3,*,*,*,*,*,*,*,*,*,*,*,*,*,*,*,*,*,*,*,*,*,*,*,*,*,*,*,*,*,*,4,4,*,*,*,*,*,*,*,*,*,*,*,*,*,*,*
573804713,2,573804811,,6,3,3,*,*,*,*,*,*,*,*,*,*,*,*,*,*,*,*,*,*,*,*,*,*,*,*,*,*,*,*,*,*,1,1,*,*,*,*,*,*,*,*,*,*,*,*,*,*,*
573804752,2,573804653,,8,6,2,*,*,*,*,*,*,*,*,*,*,*,*,*,*,*,*,*,*,*,*,*,*,*,*,*,*,*,*,*,*,3,3,*,*,*,*,*,*,*,*,*,*,*,*,*,*,*
573804801,1,,573804703,98,44,54,8,7,1,95,39,56,42,19,23,91,38,53,90,37,53,53,20,33,27,8,19,10,1,9,1,0,1,0,0,0,39,39,14,14,6,4,3,2,0,29,21,8,2,35,0,10,8
573804802,0,,,20,11,9,3,2,1,17,9,8,9,5,4,17,9,8,17,9,8,8,4,4,5,3,2,3,1,2,0,0,0,0,0,0,8,8,3,1,3,0,0,1,0,5,4,1,1,6,0,2,1
573804811,1,,573804713,79,37,42,8,4,4,77,36,41,39,20,19,73,33,40,73,33,40,38,16,22,24,10,14,12,5,7,0,0,0,1,0,1,33,33,14,5,6,4,3,2,0,20,10,10,1,30,0,12,4
573804814,0,,,26,12,14,3,1,2,23,11,12,10,5,5,23,11,12,23,11,12,13,6,7,4,2,2,2,1,1,0,0,0,0,0,0,9,9,0,3,4,2,0,0,0,9,6,3,1,7,0,0,3
573804823,1,,573804824,55,27,28,7,3,4,53,27,26,20,12,8,52,27,25,52,27,25,33,15,18,21,9,12,9,5,4,0,0,0,0,0,0,23,23,8,11,3,1,1,2,0,18,14,4,2,22,0,7,8
573804824,2,573804823,,5,3,2,*,*,*,*,*,*,*,*,*,*,*,*,*,*,*,*,*,*,*,*,*,*,*,*,*,*,*,*,*,*,3,3,*,*,*,*,*,*,*,*,*,*,*,*,*,*,*
573804853,0,,,18,9,9,1,0,1,17,9,8,14,8,6,17,9,8,17,9,8,3,1,2,2,0,2,1,0,1,0,0,0,0,0,0,8,8,2,3,2,1,0,0,0,6,4,2,1,3,0,0,1
573804854,1,,573804952,78,39,39,7,4,3,81,40,41,41,22,19,80,40,40,79,39,40,40,18,22,22,9,13,10,3,7,0,0,0,0,0,0,29,29,11,11,3,4,2,1,2,23,13,10,2,25,0,7,5
573804922,0,,,25,11,14,0,0,0,25,11,14,9,5,4,25,11,14,24,10,14,16,6,10,9,3,6,4,1,3,0,0,0,0,0,0,11,11,2,5,3,1,0,0,0,9,6,3,0,10,0,2,3
573804932,2,573804934,,3,2,1,*,*,*,*,*,*,*,*,*,*,*,*,*,*,*,*,*,*,*,*,*,*,*,*,*,*,*,*,*,*,1,1,*,*,*,*,*,*,*,*,*,*,*,*,*,*,*
573804934,1,,573804932,96,40,56,16,4,12,83,38,45,45,21,24,79,36,43,79,36,43,38,17,21,27,10,17,9,5,4,1,0,1,0,0,0,31,31,5,8,8,4,4,3,0,27,18,9,4,25,0,4,2
573804943,2,573804944,,9,5,4,*,*,*,*,*,*,*,*,*,*,*,*,*,*,*,*,*,*,*,*,*,*,*,*,*,*,*,*,*,*,3,3,*,*,*,*,*,*,*,*,*,*,*,*,*,*,*
573804944,1,,573804943,24,7,17,3,0,3,30,12,18,17,8,9,30,12,18,30,12,18,13,4,9,8,1,7,3,0,3,0,0,0,0,0,0,8,8,3,2,2,2,1,0,1,8,4,4,2,10,0,2,0
573804952,2,573804854,,10,5,5,*,*,*,*,*,*,*,*,*,*,*,*,*,*,*,*,*,*,*,*,*,*,*,*,*,*,*,*,*,*,5,5,*,*,*,*,*,*,*,*,*,*,*,*,*,*,*
573811091,0,,,83,39,44,8,3,5,75,36,39,38,20,18,73,36,37,71,36,35,37,16,21,18,8,10,7,4,3,0,0,0,0,0,0,35,35,11,15,3,1,2,2,1,24,17,7,1,24,0,7,9
573812101,0,,,154,62,92,15,6,9,139,56,83,56,25,31,138,56,82,136,55,81,83,31,52,54,15,39,30,6,24,7,0,7,1,0,1,48,47,12,15,11,2,0,4,3,35,25,10,5,36,0,7,12
573812102,0,,,92,41,51,4,1,3,88,40,48,43,22,21,87,40,47,85,39,46,45,18,27,22,6,16,8,2,6,0,0,0,0,0,0,41,41,15,11,10,3,0,1,1,26,20,6,2,33,0,10,6
573812311,0,,,12,5,7,2,0,2,10,5,5,6,3,3,10,5,5,10,5,5,4,2,2,2,1,1,2,1,1,1,1,0,0,0,0,5,5,1,3,0,0,1,0,0,4,3,1,1,4,0,1,1
573812312,0,,,73,39,34,0,0,0,73,39,34,25,15,10,73,39,34,73,39,34,48,24,24,30,13,17,9,3,6,0,0,0,0,0,0,41,41,19,14,6,2,0,0,0,22,17,5,0,34,0,14,11
573812314,0,,,9,5,4,0,0,0,9,5,4,3,2,1,9,5,4,9,5,4,6,3,3,4,1,3,2,0,2,0,0,0,0,0,0,5,5,2,2,1,0,0,0,0,3,3,0,0,5,0,2,0
573812412,1,,573812421;573812423,100,51,49,6,4,2,102,49,53,41,19,22,101,48,53,99,48,51,61,30,31,36,17,19,12,2,10,1,0,1,0,0,0,45,45,14,18,11,2,2,0,1,34,23,11,1,41,0,13,9
573812414,0,,,18,8,10,0,0,0,18,8,10,7,3,4,18,8,10,17,8,9,11,5,6,5,3,2,0,0,0,0,0,0,0,0,0,10,10,4,4,2,0,0,0,0,6,6,0,0,8,0,3,3
573812421,2,573812412,,7,2,5,*,*,*,*,*,*,*,*,*,*,*,*,*,*,*,*,*,*,*,*,*,*,*,*,*,*,*,*,*,*,2,2,*,*,*,*,*,*,*,*,*,*,*,*,*,*,*
573812423,2,573812412,,1,0,1,*,*,*,*,*,*,*,*,*,*,*,*,*,*,*,*,*,*,*,*,*,*,*,*,*,*,*,*,*,*,1,1,*,*,*,*,*,*,*,*,*,*,*,*,*,*,*
573812743,2,573812841,,7,5,2,*,*,*,*,*,*,*,*,*,*,*,*,*,*,*,*,*,*,*,*,*,*,*,*,*,*,*,*,*,*,2,2,*,*,*,*,*,*,*,*,*,*,*,*,*,*,*
573812841,1,,573812743,98,55,43,10,9,1,95,51,44,50,29,21,94,51,43,92,49,43,45,22,23,23,6,17,9,1,8,2,0,2,0,0,0,44,44,16,17,5,3,3,1,1,30,20,10,2,35,0,11,8
573812843,0,,,59,27,32,5,3,2,54,24,30,16,6,10,53,24,29,53,24,29,38,18,20,13,3,10,3,0,3,0,0,0,0,0,0,27,27,9,10,5,1,1,1,0,17,13,4,1,25,0,7,9
573812941,0,,,73,34,39,1,1,0,72,33,39,28,17,11,71,33,38,70,32,38,44,16,28,23,6,17,10,1,9,5,1,4,0,0,0,33,33,11,12,6,1,2,1,0,22,15,7,1,28,0,8,5
573812943,0,,,26,16,10,2,2,0,24,14,10,8,5,3,24,14,10,24,14,10,16,9,7,10,6,4,6,4,2,0,0,0,0,0,0,10,10,2,4,1,2,1,0,0,8,6,2,0,9,0,2,4
573813012,2,573813021,,1,1,0,*,*,*,*,*,*,*,*,*,*,*,*,*,*,*,*,*,*,*,*,*,*,*,*,*,*,*,*,*,*,1,1,*,*,*,*,*,*,*,*,*,*,*,*,*,*,*
573813021,1,,573813012,49,24,25,3,2,1,47,23,24,21,11,10,43,20,23,43,20,23,26,12,14,13,5,8,4,1,3,1,0,1,0,0,0,18,18,4,7,5,0,1,2,0,15,10,5,1,16,0,3,7
573813022,0,,,10,5,5,0,0,0,10,5,5,2,0,2,10,5,5,10,5,5,8,5,3,3,2,1,3,2,1,2,2,0,0,0,0,5,5,2,1,2,0,0,0,0,3,2,1,0,5,0,2,1
573813031,0,,,29,16,13,2,0,2,27,16,11,12,8,4,27,16,11,27,16,11,15,8,7,7,3,4,1,0,1,0,0,0,0,0,0,11,11,3,2,4,1,0,1,0,8,7,1,0,10,0,3,2
573813032,0,,,347,183,164,45,23,22,302,160,142,182,104,78,297,157,140,291,154,137,120,56,64,72,31,41,21,9,12,1,0,1,3,0,3,164,164,69,49,17,19,8,1,1,93,80,13,11,84,7,29,23
573813033,0,,,12,4,8,1,0,1,11,4,7,6,4,2,10,3,7,10,3,7,5,0,5,4,0,4,4,0,4,0,0,0,0,0,0,5,5,2,1,0,2,0,0,0,3,2,1,1,4,0,2,0
573813034,0,,,355,170,185,46,24,22,309,146,163,187,90,97,303,143,160,298,141,157,122,56,66,60,30,30,17,9,8,2,1,1,1,0,1,142,142,31,56,24,23,3,4,1,111,93,18,9,81,4,19,29
573813041,0,,,380,184,196,30,18,12,350,166,184,184,92,92,339,159,180,336,157,179,166,74,92,92,31,61,30,9,21,1,0,1,4,0,4,181,181,74,57,25,14,7,2,2,105,84,21,9,115,2,50,24
573813042,0,,,595,285,310,32,17,15,563,268,295,275,152,123,557,266,291,552,264,288,288,116,172,157,58,99,55,22,33,4,2,2,6,1,5,321,321,169,81,38,20,8,5,0,148,113,35,7,200,16,85,49
573813043,0,,,571,243,328,42,23,19,529,220,309,173,89,84,523,215,308,520,215,305,356,131,225,252,80,172,147,38,109,28,0,28,0,0,0,175,172,66,56,16,15,11,6,2,102,78,24,7,127,1,48,33
573813044,0,,,427,187,240,37,18,19,390,169,221,177,88,89,382,164,218,375,160,215,213,81,132,126,45,81,53,13,40,4,1,3,3,0,3,207,207,84,71,26,15,6,2,3,119,102,17,8,153,0,67,35
573813131,0,,,41,19,22,3,1,2,38,18,20,17,8,9,38,18,20,38,18,20,21,10,11,12,6,6,3,2,1,0,0,0,0,0,0,15,15,2,7,3,1,1,0,1,13,10,3,0,12,0,1,4
573813132,0,,,217,101,116,16,6,10,201,95,106,140,73,67,194,90,104,192,90,102,61,22,39,26,9,17,9,2,7,1,0,1,0,0,0,102,102,35,41,11,9,5,1,0,67,57,10,5,49,2,18,9
573813134,0,,,81,34,47,13,7,6,68,27,41,37,13,24,66,26,40,66,26,40,31,14,17,21,10,11,5,2,3,0,0,0,0,0,0,33,33,7,15,4,4,2,1,0,26,22,4,3,22,0,5,10
573813141,0,,,90,43,47,3,2,1,87,41,46,47,24,23,85,40,45,84,39,45,40,17,23,19,6,13,9,3,6,1,0,1,1,0,1,44,44,17,16,6,3,1,1,0,27,22,5,1,29,3,9,5
573813142,0,,,253,119,134,40,19,21,213,100,113,136,67,69,206,95,111,204,94,110,77,33,44,53,18,35,21,6,15,0,0,0,0,0,0,106,106,37,29,20,10,4,4,2,68,56,12,9,56,5,16,13
573813143,0,,,503,240,263,76,39,37,427,201,226,294,148,146,400,186,214,390,181,209,133,53,80,76,29,47,26,9,17,2,0,2,1,0,1,183,183,49,47,32,27,15,11,2,132,96,36,20,91,2,23,25
573813144,0,,,89,44,45,12,9,3,77,35,42,43,21,22,72,32,40,72,32,40,34,14,20,18,8,10,5,2,3,0,0,0,0,0,0,39,39,11,17,6,2,1,1,1,28,25,3,4,23,0,5,10
573813231,0,,,42,16,26,3,1,2,39,15,24,21,9,12,38,15,23,38,15,23,18,6,12,12,4,8,6,1,5,1,1,0,0,0,0,16,16,5,5,1,3,0,2,0,11,7,4,1,14,0,5,0
573813232,0,,,107,56,51,9,2,7,98,54,44,53,33,20,96,52,44,96,52,44,45,21,24,25,8,17,6,1,5,0,0,0,0,0,0,48,48,16,18,6,4,3,1,0,32,23,9,3,30,3,8,9
573813233,0,,,38,21,17,1,0,1,37,21,16,17,12,5,35,19,16,34,19,15,20,9,11,13,5,8,4,2,2,0,0,0,0,0,0,14,14,3,6,1,1,2,1,0,11,7,4,0,12,0,2,5
573813234,1,,573813332,15,6,9,2,1,1,14,6,8,4,1,3,14,6,8,14,6,8,10,5,5,7,3,4,6,3,3,0,0,0,0,0,0,6,6,4,0,1,1,1,0,0,3,1,2,1,6,0,4,0
573813241,0,,,137,78,59,21,11,10,116,67,49,74,46,28,109,65,44,107,63,44,42,21,21,20,12,8,3,2,1,1,1,0,1,0,1,56,56,21,14,8,6,3,3,1,35,26,9,5,26,11,3,12
573813242,0,,,51,25,26,7,4,3,44,21,23,21,12,9,43,21,22,43,21,22,23,9,14,11,3,8,7,1,6,0,0,0,0,0,0,18,18,3,5,7,1,1,0,1,15,11,4,1,13,0,1,3
573813243,2,573813244,,1,1,0,*,*,*,*,*,*,*,*,*,*,*,*,*,*,*,*,*,*,*,*,*,*,*,*,*,*,*,*,*,*,1,1,*,*,*,*,*,*,*,*,*,*,*,*,*,*,*
573813244,1,,573813243;573813253,55,25,30,4,1,3,56,26,30,24,12,12,56,26,30,56,26,30,32,14,18,19,7,12,9,2,7,2,1,1,0,0,0,24,24,6,12,3,4,1,0,0,20,15,5,2,24,0,5,8
573813253,2,573813244,,4,1,3,*,*,*,*,*,*,*,*,*,*,*,*,*,*,*,*,*,*,*,*,*,*,*,*,*,*,*,*,*,*,1,1,*,*,*,*,*,*,*,*,*,*,*,*,*,*,*
573813332,2,573813234,,1,1,0,*,*,*,*,*,*,*,*,*,*,*,*,*,*,*,*,*,*,*,*,*,*,*,*,*,*,*,*,*,*,1,1,*,*,*,*,*,*,*,*,*,*,*,*,*,*,*
573813341,0,,,57,28,29,0,0,0,57,28,29,22,11,11,56,28,28,56,28,28,35,17,18,14,5,9,3,2,1,0,0,0,0,0,0,23,23,6,7,5,3,2,0,0,17,11,6,0,22,0,6,5
573813342,0,,,57,30,27,9,8,1,48,22,26,30,14,16,44,21,23,42,19,23,18,8,10,8,3,5,2,0,2,0,0,0,0,0,0,24,24,9,5,4,4,2,0,0,15,13,2,2,15,0,8,2
573813344,0,,,32,13,19,0,0,0,32,13,19,15,7,8,31,12,19,31,12,19,17,6,11,7,2,5,3,0,3,1,0,1,0,0,0,14,14,2,8,3,0,1,0,0,12,11,1,0,12,0,2,4
573813442,1,,573813444,81,43,38,10,6,4,80,41,39,42,23,19,78,39,39,78,39,39,38,18,20,23,8,15,9,3,6,2,0,2,0,0,0,30,30,8,8,7,6,1,1,1,24,17,7,2,25,0,8,3
573813444,2,573813442,,9,4,5,*,*,*,*,*,*,*,*,*,*,*,*,*,*,*,*,*,*,*,*,*,*,*,*,*,*,*,*,*,*,3,2,*,*,*,*,*,*,*,*,*,*,*,*,*,*,*
573813453,0,,,85,39,46,7,1,6,78,38,40,36,17,19,76,37,39,75,37,38,42,21,21,24,8,16,15,4,11,1,0,1,0,0,0,31,31,9,7,5,7,1,1,1,22,12,10,0,26,0,6,4
573813542,2,573813551,,7,4,3,*,*,*,*,*,*,*,*,*,*,*,*,*,*,*,*,*,*,*,*,*,*,*,*,*,*,*,*,*,*,3,3,*,*,*,*,*,*,*,*,*,*,*,*,*,*,*
573813551,1,,573813542,76,38,38,3,3,0,80,39,41,27,15,12,79,38,41,79,38,41,53,24,29,27,11,16,10,2,8,1,0,1,0,0,0,36,36,12,17,7,1,0,2,0,26,22,4,0,34,0,10,9
573813553,0,,,35,19,16,0,0,0,35,19,16,10,7,3,35,19,16,35,19,16,25,12,13,16,8,8,6,3,3,0,0,0,0,0,0,19,19,8,7,3,1,0,0,0,11,8,3,0,16,0,6,5
573813554,0,,,26,12,14,0,0,0,26,12,14,10,7,3,26,12,14,26,12,14,16,5,11,14,5,9,8,3,5,1,0,1,0,0,0,14,14,5,6,3,0,0,0,0,8,6,2,0,11,0,3,5
573813652,0,,,20,9,11,1,1,0,19,8,11,9,6,3,19,8,11,19,8,11,10,2,8,5,1,4,2,0,2,0,0,0,0,0,0,10,10,2,7,0,1,0,0,0,8,7,1,1,7,0,1,2
573813654,0,,,74,35,39,3,2,1,71,33,38,31,15,16,71,33,38,71,33,38,40,18,22,22,7,15,7,1,6,0,0,0,0,0,0,35,35,10,17,4,3,0,1,0,25,20,5,1,29,0,8,9
573813752,2,573813754,,2,2,0,*,*,*,*,*,*,*,*,*,*,*,*,*,*,*,*,*,*,*,*,*,*,*,*,*,*,*,*,*,*,2,2,*,*,*,*,*,*,*,*,*,*,*,*,*,*,*
573813754,1,,573813752,9,4,5,0,0,0,11,6,5,4,2,2,11,6,5,11,6,5,7,4,3,6,3,3,4,2,2,0,0,0,0,0,0,5,5,5,1,0,1,0,0,0,2,1,1,0,6,0,4,1
573813861,0,,,25,11,14,0,0,0,25,11,14,15,7,8,24,11,13,24,11,13,10,4,6,6,2,4,3,1,2,0,0,0,0,0,0,10,10,3,2,3,1,1,0,0,7,3,4,0,8,0,2,1
573813863,0,,,12,6,6,0,0,0,12,6,6,5,2,3,11,6,5,11,6,5,7,4,3,5,3,2,3,2,1,0,0,0,0,0,0,6,6,2,3,0,1,0,0,0,4,4,0,0,5,0,2,1
573813864,1,,573813962;573813964,21,12,9,0,0,0,26,15,11,7,5,2,26,15,11,26,15,11,19,10,9,5,2,3,2,1,1,0,0,0,0,0,0,10,10,2,7,2,1,0,0,0,9,9,0,0,11,0,2,4
573813962,2,573813864,,2,1,1,*,*,*,*,*,*,*,*,*,*,*,*,*,*,*,*,*,*,*,*,*,*,*,*,*,*,*,*,*,*,1,1,*,*,*,*,*,*,*,*,*,*,*,*,*,*,*
573813964,2,573813864,,3,2,1,*,*,*,*,*,*,*,*,*,*,*,*,*,*,*,*,*,*,*,*,*,*,*,*,*,*,*,*,*,*,1,1,*,*,*,*,*,*,*,*,*,*,*,*,*,*,*
573814042,1,,573814051,17,8,9,0,0,0,23,10,13,13,6,7,22,10,12,21,10,11,10,4,6,4,1,3,4,1,3,0,0,0,0,0,0,6,6,0,2,5,1,0,0,0,8,4,4,0,7,0,0,1
573814051,2,573814042,,6,2,4,*,*,*,*,*,*,*,*,*,*,*,*,*,*,*,*,*,*,*,*,*,*,*,*,*,*,*,*,*,*,2,2,*,*,*,*,*,*,*,*,*,*,*,*,*,*,*
573822042,0,,,58,32,26,6,3,3,52,29,23,20,13,7,50,28,22,50,28,22,32,16,16,20,10,10,9,3,6,0,0,0,0,0,0,25,25,8,11,4,0,0,0,2,17,15,2,1,21,1,5,7
573822051,0,,,54,25,29,7,5,2,47,20,27,21,11,10,47,20,27,47,20,27,26,9,17,19,6,13,2,1,1,0,0,0,0,0,0,21,21,5,9,3,1,1,1,1,16,11,5,2,18,0,3,4
573822053,0,,,19,7,12,0,0,0,19,7,12,7,3,4,19,7,12,19,7,12,12,4,8,7,2,5,2,0,2,0,0,0,0,0,0,11,11,6,3,1,1,0,0,0,5,4,1,0,9,0,4,1
573822151,1,,573822152,41,21,20,3,3,0,41,19,22,15,10,5,41,19,22,41,19,22,26,9,17,14,2,12,6,0,6,1,0,1,1,0,1,23,23,11,7,5,1,0,0,0,13,10,3,2,19,0,9,3
573822152,2,573822151,,3,1,2,*,*,*,*,*,*,*,*,*,*,*,*,*,*,*,*,*,*,*,*,*,*,*,*,*,*,*,*,*,*,1,1,*,*,*,*,*,*,*,*,*,*,*,*,*,*,*
573822153,0,,,25,14,11,2,2,0,23,12,11,12,6,6,20,10,10,19,10,9,11,6,5,5,2,3,4,2,2,1,0,1,0,0,0,11,11,4,3,2,1,1,0,0,7,6,1,0,7,0,2,1
573822154,0,,,25,10,15,3,2,1,22,8,14,10,4,6,22,8,14,22,8,14,12,4,8,8,2,6,2,0,2,0,0,0,0,0,0,11,11,5,2,3,0,0,0,1,6,4,2,0,9,0,4,0
573822252,0,,,91,47,44,4,4,0,87,43,44,29,17,12,87,43,44,87,43,44,58,26,32,36,14,22,15,4,11,2,0,2,1,0,1,46,46,16,22,4,3,0,0,1,30,24,6,2,39,0,13,13
573822254,1,,573822263,24,9,15,3,2,1,22,7,15,7,1,6,22,7,15,22,7,15,15,6,9,12,4,8,6,2,4,1,0,1,0,0,0,9,9,4,3,1,1,0,0,1,6,5,1,1,10,0,4,2
573822263,2,573822254,,1,0,1,*,*,*,*,*,*,*,*,*,*,*,*,*,*,*,*,*,*,*,*,*,*,*,*,*,*,*,*,*,*,1,1,*,*,*,*,*,*,*,*,*,*,*,*,*,*,*
573822361,0,,,56,28,28,3,1,2,53,27,26,20,12,8,53,27,26,53,27,26,33,15,18,22,11,11,8,2,6,0,0,0,0,0,0,27,27,8,12,5,1,1,0,0,19,14,5,1,23,0,4,8
573822363,0,,,9,4,5,0,0,0,9,4,5,2,1,1,9,4,5,9,4,5,7,3,4,6,2,4,3,1,2,0,0,0,0,0,0,5,5,2,2,1,0,0,0,0,3,3,0,0,5,0,2,1
573822364,0,,,17,9,8,3,2,1,14,7,7,10,6,4,12,5,7,12,5,7,4,1,3,3,0,3,1,0,1,0,0,0,1,0,1,6,6,2,1,1,0,2,0,0,4,3,1,0,3,0,1,0
573822373,0,,,85,41,44,5,2,3,80,39,41,30,16,14,79,39,40,78,39,39,50,23,27,34,15,19,15,6,9,1,1,0,0,0,0,40,40,14,21,0,1,1,1,2,26,21,5,1,35,0,12,15
573822374,0,,,25,10,15,3,0,3,22,10,12,3,0,3,22,10,12,22,10,12,19,10,9,5,1,4,1,0,1,0,0,0,3,0,3,15,15,7,6,2,0,0,0,0,8,7,1,0,14,0,7,6
573822472,0,,,58,23,35,1,1,0,57,22,35,23,8,15,55,22,33,54,22,32,34,14,20,21,6,15,10,3,7,1,0,1,0,0,0,33,33,15,13,4,0,1,0,0,18,16,2,0,26,1,13,7
573822582,0,,,22,14,8,0,0,0,22,14,8,9,6,3,22,14,8,22,14,8,13,8,5,9,6,3,3,3,0,0,0,0,0,0,0,15,15,9,5,1,0,0,0,0,6,5,1,0,10,0,5,3
573822591,2,573822593,,5,1,4,*,*,*,*,*,*,*,*,*,*,*,*,*,*,*,*,*,*,*,*,*,*,*,*,*,*,*,*,*,*,4,4,*,*,*,*,*,*,*,*,*,*,*,*,*,*,*
573822593,1,,573822591;573822594,17,9,8,1,1,0,25,12,13,6,2,4,24,12,12,24,12,12,19,10,9,13,7,6,2,1,1,0,0,0,0,0,0,7,7,8,5,0,0,0,0,1,6,4,2,1,13,0,7,2
573822594,2,573822593,,4,3,1,*,*,*,*,*,*,*,*,*,*,*,*,*,*,*,*,*,*,*,*,*,*,*,*,*,*,*,*,*,*,3,3,*,*,*,*,*,*,*,*,*,*,*,*,*,*,*
573822692,0,,,63,34,29,1,0,1,62,34,28,20,14,6,62,34,28,62,34,28,42,20,22,20,8,12,9,4,5,1,1,0,0,0,0,29,29,6,15,5,3,0,0,0,23,18,5,1,27,0,4,9
573823071,0,,,43,18,25,5,1,4,38,17,21,20,9,11,38,17,21,37,16,21,18,8,10,10,4,6,4,1,3,0,0,0,0,0,0,18,18,5,6,4,2,0,1,0,13,9,4,2,14,0,5,2
573823072,0,,,11,6,5,0,0,0,11,6,5,5,3,2,11,6,5,11,6,5,6,3,3,4,2,2,1,0,1,0,0,0,0,0,0,7,7,3,4,0,0,0,0,0,3,3,0,0,6,0,2,1
573823073,2,573823074,,2,1,1,*,*,*,*,*,*,*,*,*,*,*,*,*,*,*,*,*,*,*,*,*,*,*,*,*,*,*,*,*,*,1,1,*,*,*,*,*,*,*,*,*,*,*,*,*,*,*
573823074,1,,573823073,74,33,41,8,3,5,68,31,37,30,14,16,68,31,37,68,31,37,38,17,21,11,3,8,5,0,5,2,0,2,0,0,0,29,29,8,10,5,3,3,1,0,22,13,9,3,25,0,5,5
573823172,2,573823183,,5,2,3,*,*,*,*,*,*,*,*,*,*,*,*,*,*,*,*,*,*,*,*,*,*,*,*,*,*,*,*,*,*,3,3,*,*,*,*,*,*,*,*,*,*,*,*,*,*,*
573823174,2,573823183,,6,1,5,*,*,*,*,*,*,*,*,*,*,*,*,*,*,*,*,*,*,*,*,*,*,*,*,*,*,*,*,*,*,4,4,*,*,*,*,*,*,*,*,*,*,*,*,*,*,*
573823183,1,,573823172;573823174,27,14,13,2,1,1,36,16,20,13,7,6,34,15,19,34,15,19,23,9,14,13,4,9,6,1,5,0,0,0,0,0,0,11,11,4,11,1,1,1,0,0,14,12,2,0,16,0,4,6
573823281,2,573823283,,3,2,1,*,*,*,*,*,*,*,*,*,*,*,*,*,*,*,*,*,*,*,*,*,*,*,*,*,*,*,*,*,*,2,2,*,*,*,*,*,*,*,*,*,*,*,*,*,*,*
573823283,1,,573823281,28,12,16,2,0,2,29,14,15,13,8,5,29,14,15,29,14,15,16,6,10,5,2,3,1,0,1,0,0,0,0,0,0,10,10,2,6,1,1,2,0,0,10,7,3,1,10,0,2,4
573823284,1,,573823381,15,8,7,3,1,2,21,11,10,5,3,2,20,10,10,20,10,10,16,8,8,10,5,5,4,3,1,0,0,0,0,0,0,6,6,4,2,0,1,0,2,0,5,3,2,1,9,0,4,2
573823381,2,573823284,,9,4,5,*,*,*,*,*,*,*,*,*,*,*,*,*,*,*,*,*,*,*,*,*,*,*,*,*,*,*,*,*,*,3,3,*,*,*,*,*,*,*,*,*,*,*,*,*,*,*
573823482,0,,,14,6,8,0,0,0,14,6,8,7,3,4,14,6,8,14,6,8,7,3,4,4,1,3,3,0,3,0,0,0,0,0,0,8,8,4,2,2,0,0,0,0,4,3,1,0,5,0,2,0
573823491,1,,573823493,48,22,26,3,2,1,57,26,31,29,14,15,55,24,31,54,23,31,28,12,16,16,4,12,7,3,4,0,0,0,0,0,0,20,20,12,3,2,2,0,1,3,11,5,6,1,21,0,11,1
573823493,2,573823491,,12,6,6,*,*,*,*,*,*,*,*,*,*,*,*,*,*,*,*,*,*,*,*,*,*,*,*,*,*,*,*,*,*,3,3,*,*,*,*,*,*,*,*,*,*,*,*,*,*,*
573823591,0,,,89,46,43,4,3,1,85,43,42,36,22,14,83,43,40,83,43,40,49,21,28,26,9,17,10,3,7,3,1,2,0,0,0,38,38,12,14,3,6,2,1,0,26,19,7,0,30,1,8,8
573823701,0,,,16,8,8,0,0,0,16,8,8,9,6,3,16,8,8,16,8,8,7,2,5,4,0,4,3,0,3,0,0,0,0,0,0,9,9,5,2,1,1,0,0,0,4,4,0,0,6,0,3,1
573823702,1,,573823704,18,8,10,2,2,0,20,9,11,4,1,3,20,9,11,20,9,11,16,8,8,10,4,6,5,2,3,0,0,0,0,0,0,10,10,7,2,2,0,1,0,0,5,3,2,1,11,0,6,1
573823704,2,573823702,,4,3,1,*,*,*,*,*,*,*,*,*,*,*,*,*,*,*,*,*,*,*,*,*,*,*,*,*,*,*,*,*,*,2,2,*,*,*,*,*,*,*,*,*,*,*,*,*,*,*
573823713,0,,,11,6,5,0,0,0,11,6,5,3,3,0,11,6,5,11,6,5,8,3,5,6,1,5,4,1,3,0,0,0,0,0,0,6,6,3,1,2,0,0,0,0,3,2,1,0,6,0,3,0
573823792,0,,,31,14,17,0,0,0,31,14,17,12,6,6,31,14,17,30,14,16,19,8,11,11,4,7,5,2,3,1,1,0,0,0,0,14,14,3,6,4,1,0,0,0,11,10,1,0,12,0,3,5
573823811,0,,,29,13,16,0,0,0,29,13,16,1,1,0,29,13,16,29,13,16,28,12,16,18,7,11,9,3,6,1,1,0,0,0,0,19,19,10,8,1,0,0,0,0,9,7,2,0,19,0,10,5
573823912,0,,,22,7,15,0,0,0,22,7,15,4,2,2,22,7,15,22,7,15,18,5,13,10,0,10,9,0,9,2,0,2,0,0,0,15,15,11,1,3,0,0,0,0,4,2,2,0,14,0,10,1
573823924,0,,,11,7,4,1,1,0,10,6,4,2,1,1,10,6,4,10,6,4,8,5,3,2,1,1,0,0,0,0,0,0,0,0,0,5,5,2,2,0,0,1,0,0,3,2,1,1,5,0,2,2
573823933,0,,,45,23,22,2,0,2,43,23,20,18,11,7,43,23,20,43,23,20,25,12,13,11,3,8,6,0,6,1,0,1,0,0,0,22,22,5,13,2,2,0,0,0,16,13,3,0,17,0,3,6
573824903,0,,,20,8,12,2,1,1,18,7,11,7,4,3,18,7,11,18,7,11,11,3,8,5,1,4,3,0,3,1,0,1,0,0,0,12,12,7,2,3,0,0,0,0,5,5,0,1,9,1,5,1
573833041,2,573833043,,1,1,0,*,*,*,*,*,*,*,*,*,*,*,*,*,*,*,*,*,*,*,*,*,*,*,*,*,*,*,*,*,*,1,1,*,*,*,*,*,*,*,*,*,*,*,*,*,*,*
573833043,1,,573833041;573833044,12,4,8,0,0,0,20,8,12,7,3,4,19,8,11,19,8,11,13,5,8,9,2,7,2,0,2,0,0,0,0,0,0,8,8,8,4,0,1,0,0,0,5,4,1,0,11,0,8,1
573833044,2,573833043,,7,3,4,*,*,*,*,*,*,*,*,*,*,*,*,*,*,*,*,*,*,*,*,*,*,*,*,*,*,*,*,*,*,4,4,*,*,*,*,*,*,*,*,*,*,*,*,*,*,*
573833142,0,,,20,13,7,0,0,0,20,13,7,2,1,1,20,13,7,20,13,7,18,12,6,10,6,4,4,3,1,1,0,1,0,0,0,14,14,9,4,1,0,0,0,0,5,5,0,0,14,0,9,4
573833453,2,573833454,,2,1,1,*,*,*,*,*,*,*,*,*,*,*,*,*,*,*,*,*,*,*,*,*,*,*,*,*,*,*,*,*,*,1,1,*,*,*,*,*,*,*,*,*,*,*,*,*,*,*
573833454,1,,573833453,28,12,16,0,0,0,30,13,17,13,4,9,30,13,17,30,13,17,17,9,8,10,4,6,5,2,3,0,0,0,1,0,1,13,13,5,5,2,1,1,0,0,9,5,4,0,12,0,3,4
573833663,0,,,33,19,14,2,1,1,31,18,13,11,6,5,31,18,13,31,18,13,20,12,8,9,3,6,7,3,4,0,0,0,0,0,0,15,15,6,3,3,3,0,0,0,9,4,5,0,13,1,5,2
573833871,2,573833874,,4,2,2,*,*,*,*,*,*,*,*,*,*,*,*,*,*,*,*,*,*,*,*,*,*,*,*,*,*,*,*,*,*,2,2,*,*,*,*,*,*,*,*,*,*,*,*,*,*,*
573833874,1,,573833871,28,16,12,0,0,0,32,18,14,12,8,4,32,18,14,32,18,14,20,10,10,15,8,7,4,3,1,0,0,0,0,0,0,13,13,3,8,3,1,0,0,0,12,10,2,0,13,0,3,5
573834204,2,573834302,,2,1,1,*,*,*,*,*,*,*,*,*,*,*,*,*,*,*,*,*,*,*,*,*,*,*,*,*,*,*,*,*,*,1,1,*,*,*,*,*,*,*,*,*,*,*,*,*,*,*
573834302,1,,573834204,38,17,21,2,2,0,38,16,22,20,11,9,38,16,22,38,16,22,18,5,13,13,2,11,5,0,5,1,0,1,2,1,1,17,17,6,6,4,1,0,1,0,12,7,5,1,14,0,4,1
573834402,2,573834404,,1,0,1,*,*,*,*,*,*,*,*,*,*,*,*,*,*,*,*,*,*,*,*,*,*,*,*,*,*,*,*,*,*,1,1,*,*,*,*,*,*,*,*,*,*,*,*,*,*,*
573834404,1,,573834402,21,9,12,2,1,1,20,8,12,8,3,5,20,8,12,20,8,12,12,5,7,8,3,5,3,1,2,0,0,0,1,0,1,8,8,3,1,3,2,0,0,0,6,4,2,1,8,0,3,1
573834801,2,573834811,,2,1,1,*,*,*,*,*,*,*,*,*,*,*,*,*,*,*,*,*,*,*,*,*,*,*,*,*,*,*,*,*,*,1,1,*,*,*,*,*,*,*,*,*,*,*,*,*,*,*
573834802,2,573834811,,4,2,2,*,*,*,*,*,*,*,*,*,*,*,*,*,*,*,*,*,*,*,*,*,*,*,*,*,*,*,*,*,*,2,2,*,*,*,*,*,*,*,*,*,*,*,*,*,*,*
573834811,1,,573834801;573834802;573834813,93,43,50,5,3,2,99,44,55,35,18,17,99,44,55,99,44,55,64,26,38,35,11,24,14,3,11,1,0,1,0,0,0,47,47,19,22,8,3,1,0,0,34,25,9,1,40,1,12,13
573834813,2,573834811,,5,1,4,*,*,*,*,*,*,*,*,*,*,*,*,*,*,*,*,*,*,*,*,*,*,*,*,*,*,*,*,*,*,3,3,*,*,*,*,*,*,*,*,*,*,*,*,*,*,*
573834903,1,,573834904,38,18,20,2,1,1,37,18,19,22,14,8,35,17,18,35,17,18,15,4,11,11,3,8,6,0,6,1,0,1,2,0,2,16,16,7,3,4,1,2,0,0,10,6,4,0,12,0,3,0
573834904,2,573834903,,1,1,0,*,*,*,*,*,*,*,*,*,*,*,*,*,*,*,*,*,*,*,*,*,*,*,*,*,*,*,*,*,*,1,1,*,*,*,*,*,*,*,*,*,*,*,*,*,*,*
