KEY_CODE,HTKSYORI,HTKSAKI,GASSAN,T001141001,T001141002,T001141003,T001141004,T001141005,T001141006,T001141007,T001141008,T001141009,T001141010,T001141011,T001141012,T001141013,T001141014,T001141015,T001141016,T001141017,T001141018,T001141019,T001141020,T001141021,T001141022,T001141023,T001141024,T001141025,T001141026,T001141027,T001141028,T001141029,T001141030,T001141031,T001141032,T001141033,T001141034,T001141035,T001141036,T001141037,T001141038,T001141039,T001141040,T001141041,T001141042,T001141043,T001141044,T001141045,T001141046,T001141047,T001141048,T001141049,T001141050
,,,,　人口（総数）,　人口（総数）　男,　人口（総数）　女,　０〜１４歳人口　総数,　０〜１４歳人口　男,　０〜１４歳人口　女,　１５歳以上人口　総数,　１５歳以上人口　男,　１５歳以上人口　女,　１５〜６４歳人口　総数,　１５〜６４歳人口　男,　１５〜６４歳人口　女,　１８歳以上人口　総数,　１８歳以上人口　男,　１８歳以上人口　女,　２０歳以上人口　総数,　２０歳以上人口　男,　２０歳以上人口　女,　６５歳以上人口　総数,　６５歳以上人口　男,　６５歳以上人口　女,　７５歳以上人口　総数,　７５歳以上人口　男,　７５歳以上人口　女,　８５歳以上人口　総数,　８５歳以上人口　男,　８５歳以上人口　女,　９５歳以上人口　総数,　９５歳以上人口　男,　９５歳以上人口　女,　外国人人口　総数,　外国人人口　男,　外国人人口　女,　世帯総数,　一般世帯数,　１人世帯数　一般世帯数,　２人世帯数　一般世帯数,　３人世帯数　一般世帯数,　４人世帯数　一般世帯数,　５人世帯数　一般世帯数,　６人世帯数　一般世帯数,　７人以上世帯数　一般世帯数,　親族のみの世帯数　一般世帯数,　核家族世帯数　一般世帯数,　核家族以外の世帯数　一般世帯数,　６歳未満世帯員のいる世帯数　一般世帯数,　６５歳以上世帯員のいる世帯数　一般世帯数,　世帯主の年齢が２０〜２９歳の１人世帯数　一般世帯数,　高齢単身世帯数　一般世帯数,　高齢夫婦世帯数　一般世帯数
603905061,0,,,40,19,21,0,0,0,40,19,21,19,9,10,40,19,21,40,19,21,21,10,11,7,3,4,5,2,3,0,0,0,0,0,0,17,17,4,7,3,2,1,0,0,13,10,3,0,12,0,1,5
603905062,0,,,10,6,4,0,0,0,10,6,4,4,2,2,10,6,4,10,6,4,6,4,2,4,2,2,3,1,2,1,0,1,0,0,0,5,5,2,2,0,1,0,0,0,3,2,1,0,4,0,1,0
603907012,1,,603907014,6,4,2,0,0,0,10,6,4,4,4,0,10,6,4,10,6,4,6,2,4,4,1,3,3,1,2,0,0,0,0,0,0,3,3,1,3,1,0,0,0,0,4,3,1,0,4,0,1,1
603907014,2,603907012,,4,2,2,*,*,*,*,*,*,*,*,*,*,*,*,*,*,*,*,*,*,*,*,*,*,*,*,*,*,*,*,*,*,2,2,*,*,*,*,*,*,*,*,*,*,*,*,*,*,*
603907021,1,,603907022;603907023;603907024,13,7,6,0,0,0,26,13,13,10,4,6,26,13,13,26,13,13,16,9,7,7,4,3,3,2,1,0,0,0,0,0,0,6,6,2,6,4,0,0,0,0,10,9,1,0,10,0,1,6
603907022,2,603907021,,4,2,2,*,*,*,*,*,*,*,*,*,*,*,*,*,*,*,*,*,*,*,*,*,*,*,*,*,*,*,*,*,*,2,2,*,*,*,*,*,*,*,*,*,*,*,*,*,*,*
603907023,2,603907021,,4,2,2,*,*,*,*,*,*,*,*,*,*,*,*,*,*,*,*,*,*,*,*,*,*,*,*,*,*,*,*,*,*,2,2,*,*,*,*,*,*,*,*,*,*,*,*,*,*,*
603907024,2,603907021,,5,2,3,*,*,*,*,*,*,*,*,*,*,*,*,*,*,*,*,*,*,*,*,*,*,*,*,*,*,*,*,*,*,2,2,*,*,*,*,*,*,*,*,*,*,*,*,*,*,*
603907033,0,,,22,11,11,0,0,0,22,11,11,5,4,1,22,11,11,22,11,11,17,7,10,8,3,5,4,1,3,1,0,1,0,0,0,9,9,3,3,0,2,1,0,0,6,4,2,0,9,0,3,3
603907042,0,,,19,11,8,0,0,0,19,11,8,9,6,3,19,11,8,18,10,8,10,5,5,3,2,1,2,1,1,0,0,0,0,0,0,7,7,2,1,2,1,1,0,0,5,2,3,0,6,0,2,0
603907044,0,,,48,23,25,0,0,0,48,23,25,22,14,8,47,22,25,46,21,25,26,9,17,13,4,9,6,0,6,1,0,1,0,0,0,19,19,6,5,4,1,2,1,0,13,6,7,0,16,0,4,2
603907064,0,,,231,117,114,0,0,0,231,117,114,231,117,114,231,117,114,146,77,69,0,0,0,0,0,0,0,0,0,0,0,0,0,0,0,2,0,0,0,0,0,0,0,0,0,0,0,0,0,0,0,0
603907134,0,,,13,6,7,0,0,0,13,6,7,6,3,3,13,6,7,13,6,7,7,3,4,3,1,2,0,0,0,0,0,0,0,0,0,6,6,1,3,2,0,0,0,0,5,5,0,0,5,0,1,1
603907141,0,,,43,26,17,2,2,0,41,24,17,21,14,7,40,23,17,40,23,17,20,10,10,11,5,6,4,2,2,0,0,0,0,0,0,18,18,1,14,0,2,0,1,0,17,12,5,0,12,0,1,7
603907142,0,,,13,9,4,0,0,0,13,9,4,5,4,1,13,9,4,13,9,4,8,5,3,3,3,0,1,1,0,0,0,0,0,0,0,5,5,0,3,1,1,0,0,0,5,4,1,0,5,0,0,2
603907143,0,,,179,87,92,9,4,5,170,83,87,82,41,41,167,81,86,165,81,84,88,42,46,48,21,27,10,5,5,0,0,0,0,0,0,79,79,22,27,21,6,2,1,0,57,44,13,1,60,0,15,15
603907163,0,,,125,57,68,15,7,8,110,50,60,58,27,31,105,48,57,104,48,56,52,23,29,23,11,12,7,3,4,0,0,0,1,0,1,30,30,0,5,7,6,6,3,3,30,11,19,1,27,0,0,4
603907164,0,,,384,191,193,57,27,30,320,160,160,221,115,106,309,154,155,307,152,155,99,45,54,50,26,24,6,3,3,0,0,0,0,0,0,137,137,31,40,27,16,12,9,2,105,74,31,20,60,5,8,9
603907173,0,,,18,10,8,3,3,0,15,7,8,8,4,4,14,7,7,14,7,7,7,3,4,1,0,1,0,0,0,0,0,0,0,0,0,4,4,0,1,1,1,0,0,1,4,2,2,1,4,0,0,1
603907232,2,603907234,,3,1,2,*,*,*,*,*,*,*,*,*,*,*,*,*,*,*,*,*,*,*,*,*,*,*,*,*,*,*,*,*,*,1,1,*,*,*,*,*,*,*,*,*,*,*,*,*,*,*
603907234,1,,603907232,199,96,103,11,7,4,191,90,101,100,48,52,190,90,100,190,90,100,91,42,49,46,19,27,15,4,11,0,0,0,0,0,0,72,72,17,18,17,13,4,2,2,56,32,24,2,62,0,14,10
603907241,0,,,23,10,13,4,3,1,19,7,12,15,6,9,18,7,11,18,7,11,4,1,3,1,1,0,0,0,0,0,0,0,0,0,0,11,11,4,4,1,2,0,0,0,7,7,0,0,3,0,1,1
603907243,0,,,50,26,24,2,1,1,48,25,23,21,12,9,47,25,22,47,25,22,27,13,14,16,7,9,3,1,2,0,0,0,0,0,0,21,21,2,12,5,1,1,0,0,19,16,3,0,17,0,1,8
603907261,0,,,216,113,103,19,11,8,194,100,94,110,63,47,184,95,89,183,94,89,84,37,47,53,22,31,15,6,9,0,0,0,0,0,0,60,60,4,9,18,13,9,6,1,55,22,33,5,47,0,3,4
603907262,0,,,321,158,163,34,24,10,286,134,152,170,86,84,279,130,149,276,129,147,116,48,68,65,29,36,13,8,5,0,0,0,5,0,5,96,96,16,20,19,18,8,11,4,79,38,41,10,73,1,7,9
603907263,0,,,198,104,94,28,17,11,170,87,83,85,46,39,162,84,78,162,84,78,85,41,44,41,21,20,12,7,5,1,1,0,0,0,0,54,54,4,14,11,9,4,7,5,50,26,24,4,50,0,4,10
603907264,0,,,215,111,104,31,18,13,182,92,90,113,61,52,173,88,85,172,88,84,69,31,38,41,19,22,14,6,8,1,0,1,0,0,0,64,64,10,12,16,11,7,4,4,53,29,24,7,45,0,7,3
603907271,0,,,403,195,208,38,21,17,363,172,191,231,114,117,353,168,185,344,166,178,132,58,74,93,41,52,27,12,15,1,0,1,0,0,0,98,98,4,14,16,26,18,13,7,92,30,62,7,83,0,1,5
603907273,0,,,258,131,127,28,15,13,230,116,114,122,66,56,220,109,111,217,108,109,108,50,58,52,25,27,8,4,4,0,0,0,3,3,0,83,83,14,25,16,8,9,8,3,69,38,31,6,69,3,9,13
603907332,0,,,73,34,39,5,1,4,68,33,35,34,19,15,68,33,35,68,33,35,34,14,20,16,4,12,8,1,7,1,0,1,0,0,0,28,28,10,7,2,6,1,1,1,18,8,10,1,23,0,8,2
603907334,0,,,14,6,8,0,0,0,14,6,8,8,4,4,14,6,8,14,6,8,6,2,4,4,1,3,3,1,2,0,0,0,0,0,0,6,6,2,2,0,2,0,0,0,4,3,1,0,5,0,2,1
603907343,0,,,83,43,40,4,2,2,79,41,38,39,21,18,79,41,38,79,41,38,40,20,20,20,9,11,4,2,2,0,0,0,0,0,0,37,37,9,15,9,3,1,0,0,28,23,5,1,29,1,7,6
603907344,0,,,23,9,14,1,0,1,22,9,13,13,7,6,20,9,11,19,9,10,9,2,7,5,1,4,3,1,2,0,0,0,0,0,0,10,10,3,4,1,1,1,0,0,7,6,1,0,8,0,2,1
603907361,0,,,65,14,51,0,0,0,65,14,51,0,0,0,65,14,51,65,14,51,65,14,51,60,12,48,50,9,41,8,0,8,0,0,0,2,0,0,0,0,0,0,0,0,0,0,0,0,0,0,0,0
603907362,0,,,321,161,160,62,36,26,256,124,132,183,92,91,248,119,129,242,117,125,73,32,41,37,20,17,10,9,1,0,0,0,10,7,3,123,123,44,26,18,14,14,5,2,79,59,20,15,49,10,10,11
603907371,0,,,256,138,118,35,22,13,218,113,105,154,84,70,207,106,101,202,102,100,64,29,35,42,18,24,7,2,5,0,0,0,0,0,0,86,86,23,17,13,16,8,7,2,63,39,24,9,44,0,6,9
603907432,0,,,48,26,22,0,0,0,48,26,22,37,19,18,48,26,22,48,26,22,11,7,4,2,1,1,0,0,0,0,0,0,0,0,0,1,0,0,0,0,0,0,0,0,0,0,0,0,0,0,0,0
603907441,0,,,29,10,19,0,0,0,29,10,19,14,4,10,29,10,19,29,10,19,15,6,9,8,4,4,2,0,2,0,0,0,0,0,0,12,12,1,6,4,1,0,0,0,11,11,0,0,9,0,1,4
603907442,0,,,59,30,29,5,1,4,54,29,25,37,21,16,54,29,25,53,29,24,17,8,9,9,3,6,6,2,4,0,0,0,0,0,0,24,24,7,8,4,3,1,0,1,17,11,6,2,15,0,4,2
603907443,0,,,77,47,30,0,0,0,77,47,30,56,38,18,77,47,30,77,47,30,21,9,12,6,2,4,0,0,0,0,0,0,0,0,0,1,0,0,0,0,0,0,0,0,0,0,0,0,0,0,0,0
603907451,2,603907453,,3,0,3,*,*,*,*,*,*,*,*,*,*,*,*,*,*,*,*,*,*,*,*,*,*,*,*,*,*,*,*,*,*,2,2,*,*,*,*,*,*,*,*,*,*,*,*,*,*,*
603907453,1,,603907451,90,45,45,9,6,3,84,39,45,44,23,21,81,38,43,79,37,42,40,16,24,17,6,11,3,0,3,1,0,1,0,0,0,29,29,8,9,4,3,3,2,2,23,13,10,2,27,0,6,5
603907454,0,,,102,44,58,15,6,9,86,37,49,55,28,27,84,36,48,83,36,47,31,9,22,15,4,11,4,1,3,1,0,1,0,0,0,31,31,6,6,6,5,5,1,2,25,12,13,4,22,0,4,1
603907544,0,,,11,5,6,0,0,0,11,5,6,5,1,4,9,4,5,9,4,5,6,4,2,1,1,0,0,0,0,0,0,0,0,0,0,4,4,1,1,0,2,0,0,0,3,1,2,0,4,0,1,1
603907551,2,603907552,,1,0,1,*,*,*,*,*,*,*,*,*,*,*,*,*,*,*,*,*,*,*,*,*,*,*,*,*,*,*,*,*,*,1,1,*,*,*,*,*,*,*,*,*,*,*,*,*,*,*
603907552,1,,603907551,44,22,22,1,0,1,44,22,22,19,11,8,43,22,21,42,21,21,25,11,14,11,3,8,4,1,3,0,0,0,0,0,0,18,18,7,3,5,3,1,0,0,12,9,3,1,15,0,6,3
603907563,2,603907661,,2,1,1,*,*,*,*,*,*,*,*,*,*,*,*,*,*,*,*,*,*,*,*,*,*,*,*,*,*,*,*,*,*,2,2,*,*,*,*,*,*,*,*,*,*,*,*,*,*,*
603907661,1,,603907563,50,25,25,2,2,0,50,24,26,28,14,14,48,22,26,47,22,25,22,10,12,12,5,7,3,1,2,0,0,0,0,0,0,21,21,8,7,4,3,0,1,0,14,11,3,0,17,0,6,4
603907663,0,,,63,29,34,1,0,1,62,29,33,32,15,17,60,28,32,60,28,32,30,14,16,14,6,8,7,4,3,0,0,0,0,0,0,24,24,4,10,6,1,2,0,1,20,13,7,0,21,0,3,6
603907761,1,,603907762,89,41,48,9,2,7,86,42,44,45,22,23,86,42,44,86,42,44,41,20,21,19,8,11,11,4,7,1,1,0,0,0,0,30,30,3,10,12,3,1,2,1,29,17,12,1,28,0,3,4
603907762,2,603907761,,6,3,3,*,*,*,*,*,*,*,*,*,*,*,*,*,*,*,*,*,*,*,*,*,*,*,*,*,*,*,*,*,*,2,2,*,*,*,*,*,*,*,*,*,*,*,*,*,*,*
603907763,0,,,47,21,26,2,2,0,45,19,26,22,11,11,45,19,26,44,18,26,23,8,15,11,2,9,3,0,3,0,0,0,0,0,0,20,20,3,9,7,0,1,0,0,17,13,4,1,15,0,2,3
603907764,0,,,22,12,10,7,6,1,15,6,9,11,5,6,15,6,9,15,6,9,4,1,3,1,0,1,0,0,0,0,0,0,0,0,0,8,8,2,2,2,1,0,1,0,6,6,0,2,4,0,1,1
603907862,0,,,114,51,63,8,4,4,106,47,59,50,24,26,105,47,58,105,47,58,56,23,33,30,10,20,9,2,7,0,0,0,0,0,0,39,39,6,12,9,7,2,2,1,33,18,15,2,36,0,5,9
603907871,1,,603907873,13,5,8,0,0,0,15,6,9,8,3,5,14,6,8,14,6,8,7,3,4,2,0,2,0,0,0,0,0,0,0,0,0,4,4,0,3,0,1,1,0,0,5,3,2,0,5,0,0,3
603907873,2,603907871,,2,1,1,*,*,*,*,*,*,*,*,*,*,*,*,*,*,*,*,*,*,*,*,*,*,*,*,*,*,*,*,*,*,1,1,*,*,*,*,*,*,*,*,*,*,*,*,*,*,*
603907971,1,,603907972,72,37,35,4,2,2,70,36,34,32,16,16,70,36,34,69,35,34,38,20,18,19,8,11,5,2,3,0,0,0,0,0,0,28,28,7,10,6,3,1,2,0,22,15,7,2,24,0,5,6
603907972,2,603907971,,2,1,1,*,*,*,*,*,*,*,*,*,*,*,*,*,*,*,*,*,*,*,*,*,*,*,*,*,*,*,*,*,*,1,1,*,*,*,*,*,*,*,*,*,*,*,*,*,*,*
603907973,0,,,49,24,25,4,0,4,45,24,21,22,12,10,44,23,21,44,23,21,23,12,11,7,3,4,4,2,2,0,0,0,0,0,0,15,15,1,4,6,2,0,1,1,14,8,6,0,12,0,0,3
603907974,0,,,142,70,72,8,3,5,134,67,67,69,38,31,133,67,66,131,66,65,65,29,36,33,13,20,21,9,12,0,0,0,0,0,0,54,54,15,17,10,6,1,3,2,39,24,15,2,44,0,10,9
603917074,2,603917181,,11,5,6,*,*,*,*,*,*,*,*,*,*,*,*,*,*,*,*,*,*,*,*,*,*,*,*,*,*,*,*,*,*,4,4,*,*,*,*,*,*,*,*,*,*,*,*,*,*,*
603917173,2,603917271,,1,1,0,*,*,*,*,*,*,*,*,*,*,*,*,*,*,*,*,*,*,*,*,*,*,*,*,*,*,*,*,*,*,1,1,*,*,*,*,*,*,*,*,*,*,*,*,*,*,*
603917181,1,,603917074,104,53,51,21,12,9,94,46,48,79,41,38,84,40,44,81,38,43,15,5,10,10,3,7,4,1,3,0,0,0,0,0,0,35,35,2,14,10,10,3,0,0,37,30,7,5,11,0,1,3
603917182,0,,,86,43,43,6,3,3,80,40,40,48,26,22,79,39,40,76,38,38,32,14,18,18,8,10,4,1,3,0,0,0,0,0,0,35,35,10,10,9,2,3,1,0,25,20,5,1,24,0,9,3
603917183,0,,,158,78,80,9,4,5,149,74,75,63,35,28,147,73,74,147,73,74,86,39,47,37,14,23,15,5,10,1,0,1,0,0,0,68,67,20,23,15,7,1,1,0,47,37,10,0,56,0,17,10
603917184,0,,,112,55,57,7,4,3,105,51,54,55,26,29,103,50,53,101,50,51,50,25,25,30,15,15,6,3,3,0,0,0,0,0,0,41,41,12,10,5,8,3,3,0,29,17,12,2,34,0,8,7
603917271,1,,603917173,336,164,172,19,8,11,318,157,161,159,82,77,311,154,157,307,152,155,159,75,84,83,37,46,17,7,10,1,0,1,1,0,1,130,130,31,48,22,15,9,4,2,100,65,35,3,110,0,22,25
603917272,0,,,58,26,32,4,1,3,54,25,29,27,13,14,53,24,29,53,24,29,27,12,15,12,7,5,2,0,2,0,0,0,0,0,0,25,25,5,11,6,2,1,0,0,20,18,2,1,15,0,3,5
603917273,2,603917274,,5,3,2,*,*,*,*,*,*,*,*,*,*,*,*,*,*,*,*,*,*,*,*,*,*,*,*,*,*,*,*,*,*,2,2,*,*,*,*,*,*,*,*,*,*,*,*,*,*,*
603917274,1,,603917273,9,6,3,0,0,0,14,9,5,13,8,5,14,9,5,13,8,5,1,1,0,1,1,0,1,1,0,0,0,0,0,0,0,3,3,0,2,2,1,0,0,0,5,3,2,0,1,0,0,0
603917281,2,603917282,,5,3,2,*,*,*,*,*,*,*,*,*,*,*,*,*,*,*,*,*,*,*,*,*,*,*,*,*,*,*,*,*,*,2,2,*,*,*,*,*,*,*,*,*,*,*,*,*,*,*
603917282,1,,603917281,362,177,185,23,15,8,344,165,179,178,94,84,339,164,175,337,162,175,166,71,95,87,33,54,28,7,21,1,0,1,0,0,0,144,144,31,48,39,20,5,3,0,115,86,29,6,111,0,24,29
603917284,1,,603917382,321,150,171,22,12,10,311,143,168,178,93,85,305,138,167,298,133,165,133,50,83,78,21,57,35,7,28,3,0,3,1,1,0,128,127,32,56,16,15,9,2,0,98,80,18,6,80,0,23,18
603917291,1,,603917293,274,133,141,19,9,10,262,129,133,123,69,54,256,127,129,253,125,128,139,60,79,77,32,45,21,6,15,4,0,4,0,0,0,105,104,19,46,25,6,6,3,2,88,70,18,2,85,0,18,26
603917292,0,,,116,36,80,6,2,4,110,34,76,53,17,36,106,33,73,106,33,73,57,17,40,49,15,34,37,9,28,6,0,6,17,0,17,40,38,22,3,6,5,1,1,0,16,12,4,1,12,1,2,3
603917293,2,603917291,,7,5,2,*,*,*,*,*,*,*,*,*,*,*,*,*,*,*,*,*,*,*,*,*,*,*,*,*,*,*,*,*,*,3,3,*,*,*,*,*,*,*,*,*,*,*,*,*,*,*
603917382,2,603917284,,12,5,7,*,*,*,*,*,*,*,*,*,*,*,*,*,*,*,*,*,*,*,*,*,*,*,*,*,*,*,*,*,*,3,3,*,*,*,*,*,*,*,*,*,*,*,*,*,*,*
603917692,0,,,74,36,38,6,3,3,68,33,35,39,20,19,68,33,35,67,32,35,29,13,16,16,5,11,7,2,5,0,0,0,0,0,0,24,24,3,6,8,3,2,1,1,21,9,12,2,20,0,2,1
603917694,0,,,53,27,26,2,2,0,51,25,26,23,14,9,50,24,26,50,24,26,28,11,17,12,4,8,6,2,4,0,0,0,0,0,0,23,23,7,7,5,3,1,0,0,16,13,3,0,18,0,6,3
603917792,1,,603917794;603917894,32,17,15,0,0,0,43,23,20,22,13,9,41,21,20,41,21,20,21,10,11,7,3,4,1,1,0,0,0,0,0,0,0,10,10,2,4,2,4,1,1,0,11,6,5,0,11,1,0,2
603917794,2,603917792,,7,3,4,*,*,*,*,*,*,*,*,*,*,*,*,*,*,*,*,*,*,*,*,*,*,*,*,*,*,*,*,*,*,3,3,*,*,*,*,*,*,*,*,*,*,*,*,*,*,*
603917894,2,603917792,,4,3,1,*,*,*,*,*,*,*,*,*,*,*,*,*,*,*,*,*,*,*,*,*,*,*,*,*,*,*,*,*,*,1,1,*,*,*,*,*,*,*,*,*,*,*,*,*,*,*
603947593,2,603947594,,8,4,4,*,*,*,*,*,*,*,*,*,*,*,*,*,*,*,*,*,*,*,*,*,*,*,*,*,*,*,*,*,*,3,3,*,*,*,*,*,*,*,*,*,*,*,*,*,*,*
603947594,1,,603947593,152,67,85,18,5,13,142,66,76,75,39,36,138,63,75,137,62,75,67,27,40,30,10,20,10,3,7,1,0,1,0,0,0,64,64,17,27,11,8,2,0,2,50,40,10,4,47,0,14,13
603947691,2,603947692,,3,2,1,*,*,*,*,*,*,*,*,*,*,*,*,*,*,*,*,*,*,*,*,*,*,*,*,*,*,*,*,*,*,1,1,*,*,*,*,*,*,*,*,*,*,*,*,*,*,*
603947692,1,,603947691,13,7,6,3,2,1,13,7,6,7,3,4,13,7,6,13,7,6,6,4,2,1,1,0,0,0,0,0,0,0,0,0,0,5,5,2,1,1,1,1,0,0,4,3,1,1,4,0,1,1
603947782,2,603947783,,4,1,3,*,*,*,*,*,*,*,*,*,*,*,*,*,*,*,*,*,*,*,*,*,*,*,*,*,*,*,*,*,*,2,2,*,*,*,*,*,*,*,*,*,*,*,*,*,*,*
603947783,1,,603947782,71,36,35,2,2,0,73,35,38,36,16,20,71,35,36,70,35,35,37,19,18,18,8,10,7,2,5,0,0,0,0,0,0,30,30,9,11,8,2,1,0,1,22,12,10,0,26,0,5,4
603947864,0,,,24,14,10,0,0,0,24,14,10,9,5,4,24,14,10,24,14,10,15,9,6,7,4,3,0,0,0,0,0,0,0,0,0,11,11,2,6,2,1,0,0,0,9,8,1,0,10,0,2,4
603947871,0,,,37,16,21,1,0,1,36,16,20,18,10,8,36,16,20,35,16,19,18,6,12,6,1,5,3,0,3,0,0,0,0,0,0,14,14,2,7,2,0,3,0,0,12,7,5,1,13,0,2,4
603947872,0,,,229,113,116,7,4,3,222,109,113,112,60,52,219,107,112,216,104,112,110,49,61,63,26,37,17,7,10,2,1,1,1,0,1,94,94,21,38,16,13,4,2,0,73,54,19,3,71,0,14,21
603947873,0,,,164,80,84,6,4,2,158,76,82,76,38,38,154,75,79,151,75,76,82,38,44,47,17,30,16,8,8,1,0,1,0,0,0,73,73,22,27,14,7,2,0,1,51,40,11,0,57,0,16,13
603947874,0,,,74,37,37,9,3,6,65,34,31,26,14,12,62,31,31,62,31,31,39,20,19,19,8,11,7,2,5,0,0,0,0,0,0,32,32,11,10,6,2,1,2,0,21,17,4,3,24,0,7,6
603947881,0,,,32,15,17,0,0,0,32,15,17,18,9,9,32,15,17,32,15,17,14,6,8,8,3,5,4,2,2,0,0,0,0,0,0,12,12,2,3,5,1,1,0,0,10,6,4,0,10,0,1,2
603947971,0,,,18,8,10,2,1,1,16,7,9,6,2,4,16,7,9,16,7,9,10,5,5,4,1,3,1,0,1,0,0,0,0,0,0,8,8,4,1,1,1,1,0,0,4,2,2,0,7,0,3,1
603957153,2,603957251,,5,2,3,*,*,*,*,*,*,*,*,*,*,*,*,*,*,*,*,*,*,*,*,*,*,*,*,*,*,*,*,*,*,3,3,*,*,*,*,*,*,*,*,*,*,*,*,*,*,*
603957251,1,,603957153;603957353,5,3,2,0,0,0,13,5,8,8,3,5,13,5,8,13,5,8,5,2,3,2,1,1,0,0,0,0,0,0,3,0,3,2,2,5,2,0,1,0,0,0,3,2,1,0,4,0,2,0
603957353,2,603957251,,3,0,3,*,*,*,*,*,*,*,*,*,*,*,*,*,*,*,*,*,*,*,*,*,*,*,*,*,*,*,*,*,*,3,3,*,*,*,*,*,*,*,*,*,*,*,*,*,*,*
603957852,0,,,64,29,35,1,1,0,63,28,35,34,14,20,61,27,34,61,27,34,29,14,15,17,7,10,7,3,4,1,0,1,5,0,5,34,34,16,12,3,1,1,1,0,18,13,5,0,21,2,8,4
603957854,0,,,32,17,15,3,3,0,29,14,15,12,5,7,29,14,15,29,14,15,17,9,8,10,6,4,3,1,2,0,0,0,0,0,0,13,13,2,7,2,1,0,1,0,11,8,3,1,10,0,2,3
603957861,2,603957863,,10,7,3,*,*,*,*,*,*,*,*,*,*,*,*,*,*,*,*,*,*,*,*,*,*,*,*,*,*,*,*,*,*,5,5,*,*,*,*,*,*,*,*,*,*,*,*,*,*,*
603957863,1,,603957861,12,5,7,0,0,0,22,12,10,11,8,3,22,12,10,22,12,10,11,4,7,9,3,6,2,1,1,0,0,0,1,0,1,7,7,5,5,1,1,0,0,0,7,6,1,0,8,0,1,2
603957961,0,,,45,21,24,2,1,1,43,20,23,15,5,10,43,20,23,43,20,23,28,15,13,13,4,9,6,3,3,1,1,0,4,0,4,24,24,9,13,1,0,0,0,1,15,13,2,1,19,2,5,8
603957963,0,,,12,7,5,1,0,1,11,7,4,8,5,3,10,6,4,10,6,4,3,2,1,1,1,0,0,0,0,0,0,0,1,0,1,5,5,2,0,2,1,0,0,0,3,3,0,1,2,0,1,0
603967152,0,,,11,6,5,0,0,0,11,6,5,4,3,1,11,6,5,11,6,5,7,3,4,4,2,2,0,0,0,0,0,0,0,0,0,5,5,1,3,0,1,0,0,0,4,4,0,0,4,0,1,2
603967154,0,,,77,38,39,4,2,2,73,36,37,35,21,14,73,36,37,73,36,37,38,15,23,21,8,13,3,0,3,0,0,0,0,0,0,35,35,9,15,6,5,0,0,0,25,21,4,2,24,0,6,8
603967161,0,,,17,7,10,3,0,3,14,7,7,7,4,3,14,7,7,14,7,7,7,3,4,3,2,1,0,0,0,0,0,0,0,0,0,5,5,2,1,0,1,0,0,1,3,1,2,1,4,0,2,0
603967163,0,,,15,8,7,0,0,0,15,8,7,4,1,3,15,8,7,15,8,7,11,7,4,2,1,1,1,1,0,0,0,0,0,0,0,8,8,2,5,1,0,0,0,0,6,5,1,0,7,0,1,2
603967261,0,,,32,14,18,2,1,1,30,13,17,12,5,7,29,13,16,29,13,16,18,8,10,9,4,5,3,0,3,1,0,1,0,0,0,16,16,7,4,3,2,0,0,0,9,7,2,1,13,0,6,1
603967452,0,,,22,9,13,0,0,0,22,9,13,8,4,4,22,9,13,22,9,13,14,5,9,7,1,6,1,0,1,0,0,0,0,0,0,14,14,9,3,1,1,0,0,0,5,4,1,0,12,0,8,1
603967454,0,,,27,12,15,2,0,2,25,12,13,8,4,4,24,12,12,24,12,12,17,8,9,11,6,5,3,2,1,0,0,0,0,0,0,13,13,4,7,1,0,0,1,0,9,7,2,0,11,0,4,5
603967552,0,,,34,16,18,1,1,0,33,15,18,13,6,7,32,15,17,32,15,17,20,9,11,10,3,7,3,0,3,0,0,0,0,0,0,16,16,8,3,2,1,2,0,0,8,5,3,1,14,0,7,3
603967554,1,,603967651,16,8,8,0,0,0,18,9,9,7,4,3,18,9,9,18,9,9,11,5,6,6,2,4,1,0,1,0,0,0,0,0,0,9,9,5,3,1,1,0,0,0,5,4,1,0,8,0,3,2
603967644,2,603967742,,3,2,1,*,*,*,*,*,*,*,*,*,*,*,*,*,*,*,*,*,*,*,*,*,*,*,*,*,*,*,*,*,*,2,2,*,*,*,*,*,*,*,*,*,*,*,*,*,*,*
603967651,2,603967554,,2,1,1,*,*,*,*,*,*,*,*,*,*,*,*,*,*,*,*,*,*,*,*,*,*,*,*,*,*,*,*,*,*,1,1,*,*,*,*,*,*,*,*,*,*,*,*,*,*,*
603967742,1,,603967644;603967744,54,25,29,1,1,0,63,29,34,28,16,12,62,28,34,61,27,34,35,13,22,23,8,15,7,2,5,0,0,0,0,0,0,24,24,9,13,5,1,2,0,0,21,16,5,0,25,0,8,6
603967744,2,603967742,,7,3,4,*,*,*,*,*,*,*,*,*,*,*,*,*,*,*,*,*,*,*,*,*,*,*,*,*,*,*,*,*,*,4,4,*,*,*,*,*,*,*,*,*,*,*,*,*,*,*
603967842,0,,,39,19,20,2,0,2,37,19,18,20,12,8,36,19,17,36,19,17,17,7,10,6,3,3,1,0,1,0,0,0,0,0,0,21,21,11,5,3,1,1,0,0,10,8,2,1,12,1,5,3
603967843,0,,,36,19,17,3,2,1,33,17,16,12,6,6,33,17,16,33,17,16,21,11,10,11,7,4,0,0,0,0,0,0,0,0,0,15,15,2,10,1,1,0,0,1,13,11,2,0,13,0,1,7
603967844,0,,,137,66,71,20,13,7,117,53,64,65,29,36,112,51,61,111,51,60,52,24,28,20,11,9,3,0,3,0,0,0,0,0,0,55,55,21,13,9,5,3,1,3,33,25,8,3,34,2,13,5
603967934,0,,,58,26,32,1,1,0,57,25,32,20,11,9,54,24,30,54,24,30,37,14,23,20,8,12,8,2,6,1,0,1,0,0,0,23,23,9,5,3,2,3,0,1,14,9,5,0,21,0,7,4
603967941,0,,,12,6,6,0,0,0,12,6,6,4,3,1,12,6,6,12,6,6,8,3,5,5,1,4,1,0,1,0,0,0,0,0,0,7,7,3,3,1,0,0,0,0,4,3,1,0,6,0,2,0
603967942,0,,,65,30,35,5,2,3,60,28,32,31,17,14,59,27,32,58,27,31,29,11,18,21,8,13,5,3,2,0,0,0,0,0,0,30,30,10,11,5,2,2,0,0,20,16,4,0,21,0,6,6
603967943,0,,,137,46,91,12,6,6,125,40,85,37,15,22,123,40,83,122,40,82,88,25,63,74,19,55,49,12,37,9,0,9,0,0,0,40,37,15,10,4,6,2,0,0,22,17,5,5,24,0,13,7
603976293,0,,,35,16,19,3,3,0,32,13,19,15,9,6,30,12,18,30,12,18,17,4,13,9,1,8,1,0,1,0,0,0,0,0,0,17,17,9,2,2,4,0,0,0,8,5,3,1,14,0,8,2
603976384,2,603976393,,8,3,5,*,*,*,*,*,*,*,*,*,*,*,*,*,*,*,*,*,*,*,*,*,*,*,*,*,*,*,*,*,*,4,4,*,*,*,*,*,*,*,*,*,*,*,*,*,*,*
603976391,0,,,62,26,36,8,1,7,54,25,29,29,15,14,54,25,29,54,25,29,25,10,15,16,5,11,3,1,2,0,0,0,0,0,0,23,23,7,5,5,3,2,0,1,15,7,8,3,17,0,5,3
603976392,0,,,8,4,4,0,0,0,8,4,4,5,3,2,8,4,4,8,4,4,3,1,2,0,0,0,0,0,0,0,0,0,0,0,0,5,5,3,1,1,0,0,0,0,2,2,0,0,2,1,0,1
603976393,1,,603976384;603976394,60,34,26,11,7,4,59,31,28,35,19,16,59,31,28,59,31,28,24,12,12,9,5,4,2,2,0,0,0,0,5,3,2,22,22,9,7,5,4,2,1,0,19,16,3,4,16,3,4,4
603976394,2,603976393,,2,1,1,*,*,*,*,*,*,*,*,*,*,*,*,*,*,*,*,*,*,*,*,*,*,*,*,*,*,*,*,*,*,2,2,*,*,*,*,*,*,*,*,*,*,*,*,*,*,*
603976492,0,,,18,8,10,0,0,0,18,8,10,7,4,3,18,8,10,18,8,10,11,4,7,6,4,2,4,2,2,0,0,0,0,0,0,11,11,5,5,1,0,0,0,0,6,5,1,0,9,0,3,2
603977002,0,,,118,58,60,9,5,4,109,53,56,54,29,25,108,53,55,106,51,55,55,24,31,24,9,15,3,2,1,0,0,0,0,0,0,51,51,15,20,9,3,2,1,1,36,27,9,3,36,0,8,15
603977011,0,,,59,26,33,2,2,0,57,24,33,20,10,10,54,22,32,53,21,32,37,14,23,27,7,20,6,0,6,1,0,1,0,0,0,25,24,8,8,6,2,0,0,0,16,15,1,0,19,0,7,7
603977012,0,,,90,42,48,8,0,8,82,42,40,34,21,13,81,41,40,80,40,40,48,21,27,23,10,13,10,5,5,1,0,1,0,0,0,38,38,10,16,6,3,2,0,1,28,23,5,0,31,0,8,10
603977022,0,,,75,32,43,3,2,1,72,30,42,26,11,15,71,30,41,71,30,41,46,19,27,29,12,17,9,5,4,0,0,0,0,0,0,39,39,18,12,5,2,2,0,0,20,18,2,2,33,0,15,9
603977024,0,,,18,9,9,2,1,1,16,8,8,8,4,4,16,8,8,16,8,8,8,4,4,6,3,3,1,0,1,0,0,0,0,0,0,7,7,1,3,1,2,0,0,0,6,5,1,1,5,0,0,1
603977031,0,,,62,26,36,0,0,0,62,26,36,22,10,12,62,26,36,62,26,36,40,16,24,26,9,17,8,1,7,0,0,0,0,0,0,31,31,12,12,5,0,1,1,0,19,15,4,0,26,1,8,8
603977032,1,,603977034,235,101,134,10,4,6,233,102,131,88,42,46,230,102,128,230,102,128,145,60,85,71,28,43,21,8,13,0,0,0,0,0,0,113,112,44,46,20,2,4,1,1,74,62,12,3,98,0,32,29
603977033,0,,,21,11,10,0,0,0,21,11,10,1,0,1,21,11,10,21,11,10,20,11,9,11,8,3,3,1,2,1,0,1,0,0,0,13,13,5,8,0,0,0,0,0,8,8,0,0,13,0,5,7
603977034,2,603977032,,8,5,3,*,*,*,*,*,*,*,*,*,*,*,*,*,*,*,*,*,*,*,*,*,*,*,*,*,*,*,*,*,*,6,6,*,*,*,*,*,*,*,*,*,*,*,*,*,*,*
603977041,0,,,11,5,6,0,0,0,11,5,6,2,1,1,11,5,6,11,5,6,9,4,5,4,1,3,2,0,2,0,0,0,0,0,0,8,8,6,1,1,0,0,0,0,2,2,0,0,8,0,6,0
603977394,2,603977861,,4,2,2,*,*,*,*,*,*,*,*,*,*,*,*,*,*,*,*,*,*,*,*,*,*,*,*,*,*,*,*,*,*,2,2,*,*,*,*,*,*,*,*,*,*,*,*,*,*,*
603977401,1,,603977403,5,1,4,0,0,0,12,5,7,3,2,1,12,5,7,12,5,7,9,3,6,6,1,5,2,0,2,0,0,0,0,0,0,3,3,2,0,2,1,0,0,0,3,0,3,0,5,0,2,0
603977403,2,603977401,,7,4,3,*,*,*,*,*,*,*,*,*,*,*,*,*,*,*,*,*,*,*,*,*,*,*,*,*,*,*,*,*,*,2,2,*,*,*,*,*,*,*,*,*,*,*,*,*,*,*
603977502,0,,,30,17,13,0,0,0,30,17,13,14,9,5,30,17,13,30,17,13,16,8,8,7,3,4,1,1,0,0,0,0,0,0,0,16,16,5,8,3,0,0,0,0,11,11,0,0,11,0,2,3
603977511,0,,,14,9,5,0,0,0,14,9,5,12,7,5,14,9,5,14,9,5,2,2,0,0,0,0,0,0,0,0,0,0,0,0,0,7,7,2,3,2,0,0,0,0,5,5,0,0,2,0,0,1
603977513,0,,,93,45,48,7,2,5,86,43,43,48,26,22,80,41,39,80,41,39,38,17,21,23,9,14,6,2,4,0,0,0,0,0,0,36,36,10,10,8,3,4,0,1,26,18,8,1,28,0,9,3
603977514,1,,603977612,69,33,36,4,2,2,70,34,36,40,23,17,69,33,36,69,33,36,30,11,19,19,8,11,8,3,5,0,0,0,0,0,0,28,28,8,9,8,2,2,1,0,22,14,8,3,21,0,7,5
603977583,2,603977861,,1,1,0,*,*,*,*,*,*,*,*,*,*,*,*,*,*,*,*,*,*,*,*,*,*,*,*,*,*,*,*,*,*,1,1,*,*,*,*,*,*,*,*,*,*,*,*,*,*,*
603977592,1,,603977594;603977692,9,5,4,0,0,0,20,10,10,7,5,2,20,10,10,20,10,10,13,5,8,7,2,5,3,1,2,0,0,0,0,0,0,5,5,4,3,2,1,0,0,0,6,5,1,0,9,0,3,2
603977594,2,603977592,,7,3,4,*,*,*,*,*,*,*,*,*,*,*,*,*,*,*,*,*,*,*,*,*,*,*,*,*,*,*,*,*,*,3,3,*,*,*,*,*,*,*,*,*,*,*,*,*,*,*
603977612,2,603977514,,5,3,2,*,*,*,*,*,*,*,*,*,*,*,*,*,*,*,*,*,*,*,*,*,*,*,*,*,*,*,*,*,*,2,2,*,*,*,*,*,*,*,*,*,*,*,*,*,*,*
603977632,2,603977634,,4,3,1,*,*,*,*,*,*,*,*,*,*,*,*,*,*,*,*,*,*,*,*,*,*,*,*,*,*,*,*,*,*,2,2,*,*,*,*,*,*,*,*,*,*,*,*,*,*,*
603977633,0,,,8,4,4,0,0,0,8,4,4,5,3,2,8,4,4,8,4,4,3,1,2,2,1,1,0,0,0,0,0,0,0,0,0,5,5,3,1,1,0,0,0,0,2,2,0,0,2,0,1,0
603977634,1,,603977632,127,57,70,5,3,2,126,57,69,49,26,23,124,55,69,123,55,68,77,31,46,48,20,28,16,4,12,0,0,0,0,0,0,61,61,24,24,7,4,3,0,1,39,29,10,2,54,0,20,13
603977642,2,603977643,,4,2,2,*,*,*,*,*,*,*,*,*,*,*,*,*,*,*,*,*,*,*,*,*,*,*,*,*,*,*,*,*,*,1,1,*,*,*,*,*,*,*,*,*,*,*,*,*,*,*
603977643,1,,603977642,272,125,147,21,9,12,255,118,137,119,62,57,250,117,133,249,117,132,136,56,80,79,31,48,19,2,17,1,0,1,0,0,0,123,123,45,41,18,12,2,5,1,79,56,23,6,94,0,35,22
603977644,0,,,41,18,23,4,1,3,37,17,20,18,6,12,36,17,19,36,17,19,19,11,8,10,5,5,1,1,0,0,0,0,0,0,0,20,20,9,6,2,1,2,0,0,11,9,2,0,16,1,8,2
603977692,2,603977592,,4,2,2,*,*,*,*,*,*,*,*,*,*,*,*,*,*,*,*,*,*,*,*,*,*,*,*,*,*,*,*,*,*,2,2,*,*,*,*,*,*,*,*,*,*,*,*,*,*,*
603977722,2,603977731,,8,5,3,*,*,*,*,*,*,*,*,*,*,*,*,*,*,*,*,*,*,*,*,*,*,*,*,*,*,*,*,*,*,3,3,*,*,*,*,*,*,*,*,*,*,*,*,*,*,*
603977731,1,,603977722,14,8,6,0,0,0,22,13,9,7,5,2,22,13,9,22,13,9,15,8,7,4,4,0,0,0,0,0,0,0,0,0,0,7,7,2,6,0,2,0,0,0,8,7,1,0,10,0,2,4
603977732,0,,,172,83,89,11,7,4,161,76,85,71,34,37,156,71,85,154,71,83,90,42,48,49,21,28,12,8,4,0,0,0,1,0,1,78,78,29,25,11,8,2,3,0,49,35,14,3,62,0,22,19
603977741,0,,,80,37,43,1,0,1,79,37,42,32,17,15,79,37,42,79,37,42,47,20,27,27,13,14,8,2,6,0,0,0,0,0,0,36,36,9,15,8,3,1,0,0,26,19,7,1,29,0,8,9
603977742,0,,,62,31,31,8,6,2,54,25,29,24,13,11,52,24,28,52,24,28,30,12,18,12,5,7,4,0,4,0,0,0,0,0,0,21,21,5,5,6,1,1,2,1,16,10,6,3,18,0,3,5
603977743,0,,,176,84,92,14,6,8,162,78,84,75,40,35,157,75,82,157,75,82,87,38,49,55,24,31,17,6,11,2,0,2,0,0,0,75,75,20,28,16,4,6,1,0,55,39,16,3,57,0,15,15
603977744,0,,,127,60,67,8,5,3,119,55,64,64,28,36,117,54,63,117,54,63,55,27,28,31,14,17,6,2,4,0,0,0,0,0,0,59,59,21,19,10,7,2,0,0,38,31,7,2,39,0,12,9
603977841,0,,,60,25,35,1,0,1,59,25,34,33,9,24,57,25,32,57,25,32,26,16,10,13,8,5,5,3,2,0,0,0,0,0,0,33,33,14,13,4,2,0,0,0,19,16,3,0,18,0,3,7
603977842,1,,603977844,192,87,105,12,5,7,182,84,98,89,47,42,175,83,92,172,82,90,93,37,56,51,21,30,12,4,8,0,0,0,0,0,0,93,93,35,34,14,7,3,1,0,58,50,8,4,66,1,24,19
603977844,2,603977842,,2,2,0,*,*,*,*,*,*,*,*,*,*,*,*,*,*,*,*,*,*,*,*,*,*,*,*,*,*,*,*,*,*,1,1,*,*,*,*,*,*,*,*,*,*,*,*,*,*,*
603977851,0,,,35,14,21,1,0,1,34,14,20,16,7,9,33,13,20,33,13,20,18,7,11,11,4,7,3,1,2,0,0,0,0,0,0,20,20,7,12,0,1,0,0,0,13,13,0,0,13,0,4,5
603977853,0,,,76,20,56,0,0,0,76,20,56,17,8,9,76,20,56,76,20,56,59,12,47,51,8,43,36,3,33,5,0,5,0,0,0,19,16,11,5,0,0,0,0,0,5,5,0,0,4,3,1,1
603977854,0,,,22,11,11,1,0,1,21,11,10,9,6,3,21,11,10,21,11,10,12,5,7,4,3,1,1,1,0,0,0,0,0,0,0,11,11,3,5,3,0,0,0,0,8,8,0,0,10,0,3,1
603977861,1,,603977394;603977583,22,11,11,3,2,1,24,12,12,11,4,7,24,12,12,24,12,12,13,8,5,6,3,3,3,1,2,0,0,0,0,0,0,12,12,9,3,2,0,0,1,0,6,5,1,1,11,0,9,0
603977863,0,,,27,15,12,4,1,3,23,14,9,16,11,5,21,12,9,21,12,9,7,3,4,1,1,0,0,0,0,0,0,0,0,0,0,8,8,0,3,2,1,1,1,0,8,7,1,0,4,0,0,2
603977951,0,,,58,29,29,7,4,3,51,25,26,38,19,19,48,22,26,46,22,24,13,6,7,6,2,4,1,0,1,0,0,0,0,0,0,27,27,9,9,5,4,0,0,0,17,17,0,4,11,1,6,2
603977952,0,,,107,53,54,4,2,2,103,51,52,38,23,15,101,50,51,101,50,51,65,28,37,45,22,23,27,11,16,5,2,3,0,0,0,38,36,14,11,9,2,0,0,0,22,20,2,1,19,2,6,6
603977953,0,,,39,19,20,1,0,1,38,19,19,16,8,8,37,19,18,37,19,18,22,11,11,9,5,4,2,1,1,0,0,0,0,0,0,23,23,12,6,5,0,0,0,0,11,10,1,1,16,0,8,4
603977954,0,,,51,24,27,4,1,3,47,23,24,24,12,12,46,22,24,45,21,24,23,11,12,18,7,11,5,2,3,1,0,1,0,0,0,26,26,13,8,1,2,1,1,0,12,11,1,0,17,1,6,2
