KEY_CODE,HTKSYORI,HTKSAKI,GASSAN,T001141001,T001141002,T001141003,T001141004,T001141005,T001141006,T001141007,T001141008,T001141009,T001141010,T001141011,T001141012,T001141013,T001141014,T001141015,T001141016,T001141017,T001141018,T001141019,T001141020,T001141021,T001141022,T001141023,T001141024,T001141025,T001141026,T001141027,T001141028,T001141029,T001141030,T001141031,T001141032,T001141033,T001141034,T001141035,T001141036,T001141037,T001141038,T001141039,T001141040,T001141041,T001141042,T001141043,T001141044,T001141045,T001141046,T001141047,T001141048,T001141049,T001141050
,,,,Å@êlå˚ÅiëçêîÅj,Å@êlå˚ÅiëçêîÅjÅ@íj,Å@êlå˚ÅiëçêîÅjÅ@èó,Å@ÇOÅ`ÇPÇSçŒêlå˚Å@ëçêî,Å@ÇOÅ`ÇPÇSçŒêlå˚Å@íj,Å@ÇOÅ`ÇPÇSçŒêlå˚Å@èó,Å@ÇPÇTçŒà»è„êlå˚Å@ëçêî,Å@ÇPÇTçŒà»è„êlå˚Å@íj,Å@ÇPÇTçŒà»è„êlå˚Å@èó,Å@ÇPÇTÅ`ÇUÇSçŒêlå˚Å@ëçêî,Å@ÇPÇTÅ`ÇUÇSçŒêlå˚Å@íj,Å@ÇPÇTÅ`ÇUÇSçŒêlå˚Å@èó,Å@ÇPÇWçŒà»è„êlå˚Å@ëçêî,Å@ÇPÇWçŒà»è„êlå˚Å@íj,Å@ÇPÇWçŒà»è„êlå˚Å@èó,Å@ÇQÇOçŒà»è„êlå˚Å@ëçêî,Å@ÇQÇOçŒà»è„êlå˚Å@íj,Å@ÇQÇOçŒà»è„êlå˚Å@èó,Å@ÇUÇTçŒà»è„êlå˚Å@ëçêî,Å@ÇUÇTçŒà»è„êlå˚Å@íj,Å@ÇUÇTçŒà»è„êlå˚Å@èó,Å@ÇVÇTçŒà»è„êlå˚Å@ëçêî,Å@ÇVÇTçŒà»è„êlå˚Å@íj,Å@ÇVÇTçŒà»è„êlå˚Å@èó,Å@ÇWÇTçŒà»è„êlå˚Å@ëçêî,Å@ÇWÇTçŒà»è„êlå˚Å@íj,Å@ÇWÇTçŒà»è„êlå˚Å@èó,Å@ÇXÇTçŒà»è„êlå˚Å@ëçêî,Å@ÇXÇTçŒà»è„êlå˚Å@íj,Å@ÇXÇTçŒà»è„êlå˚Å@èó,Å@äOçëêlêlå˚Å@ëçêî,Å@äOçëêlêlå˚Å@íj,Å@äOçëêlêlå˚Å@èó,Å@ê¢ë—ëçêî,Å@àÍî ê¢ë—êî,Å@ÇPêlê¢ë—êîÅ@àÍî ê¢ë—êî,Å@ÇQêlê¢ë—êîÅ@àÍî ê¢ë—êî,Å@ÇRêlê¢ë—êîÅ@àÍî ê¢ë—êî,Å@ÇSêlê¢ë—êîÅ@àÍî ê¢ë—êî,Å@ÇTêlê¢ë—êîÅ@àÍî ê¢ë—êî,Å@ÇUêlê¢ë—êîÅ@àÍî ê¢ë—êî,Å@ÇVêlà»è„ê¢ë—êîÅ@àÍî ê¢ë—êî,Å@êeë∞ÇÃÇ›ÇÃê¢ë—êîÅ@àÍî ê¢ë—êî,Å@äjâ∆ë∞ê¢ë—êîÅ@àÍî ê¢ë—êî,Å@äjâ∆ë∞à»äOÇÃê¢ë—êîÅ@àÍî ê¢ë—êî,Å@ÇUçŒñ¢ñûê¢ë—àıÇÃÇ¢ÇÈê¢ë—êîÅ@àÍî ê¢ë—êî,Å@ÇUÇTçŒà»è„ê¢ë—àıÇÃÇ¢ÇÈê¢ë—êîÅ@àÍî ê¢ë—êî,Å@ê¢ë—éÂÇÃîNóÓÇ™ÇQÇOÅ`ÇQÇXçŒÇÃÇPêlê¢ë—êîÅ@àÍî ê¢ë—êî,Å@çÇóÓíPêgê¢ë—êîÅ@àÍî ê¢ë—êî,Å@çÇóÓïvïwê¢ë—êîÅ@àÍî ê¢ë—êî
513760914,2,513760924,,7,3,4,*,*,*,*,*,*,*,*,*,*,*,*,*,*,*,*,*,*,*,*,*,*,*,*,*,*,*,*,*,*,2,2,*,*,*,*,*,*,*,*,*,*,*,*,*,*,*
513760924,1,,513760914,47,34,13,0,0,0,54,37,17,51,35,16,54,37,17,49,36,13,3,2,1,3,2,1,2,2,0,0,0,0,0,0,0,44,44,43,1,0,1,1,0,0,3,1,2,0,2,25,0,0
513760933,0,,,79,35,44,4,2,2,75,33,42,43,21,22,73,31,42,73,31,42,32,12,20,22,5,17,8,1,7,0,0,0,1,0,1,25,25,4,5,6,5,3,2,0,21,7,14,1,20,1,1,1
513760934,0,,,96,45,51,4,3,1,92,42,50,51,25,26,89,40,49,86,38,48,41,17,24,22,6,16,7,2,5,1,0,1,1,0,1,38,38,10,14,5,4,4,0,1,28,18,10,0,27,0,7,7
513770012,2,513770023,,5,4,1,*,*,*,*,*,*,*,*,*,*,*,*,*,*,*,*,*,*,*,*,*,*,*,*,*,*,*,*,*,*,2,2,*,*,*,*,*,*,*,*,*,*,*,*,*,*,*
513770021,0,,,10,6,4,0,0,0,9,5,4,5,4,1,9,5,4,9,5,4,4,1,3,1,0,1,1,0,1,1,0,1,0,0,0,6,6,3,2,1,0,0,0,0,3,3,0,0,3,0,1,0
513770023,1,,513770012,10,5,5,4,3,1,11,6,5,7,4,3,11,6,5,11,6,5,4,2,2,1,0,1,0,0,0,0,0,0,0,0,0,4,4,3,1,0,1,0,1,0,3,2,1,2,3,0,2,0
513770024,0,,,43,22,21,6,3,3,37,19,18,22,12,10,35,18,17,34,17,17,15,7,8,3,1,2,1,0,1,0,0,0,0,0,0,16,16,4,7,0,3,0,1,1,12,10,2,1,9,1,1,4
513770031,0,,,133,63,70,11,4,7,119,57,62,73,38,35,118,56,62,117,56,61,46,19,27,25,7,18,9,3,6,0,0,0,1,0,1,46,46,11,10,11,7,4,1,2,34,17,17,2,30,0,5,3
513770032,0,,,104,45,59,13,7,6,90,37,53,55,23,32,89,37,52,89,37,52,35,14,21,20,6,14,7,1,6,1,0,1,9,0,9,38,38,13,6,5,7,6,1,0,25,14,11,6,19,8,0,5
513770033,0,,,171,79,92,25,11,14,146,68,78,87,40,47,141,65,76,141,65,76,59,28,31,34,16,18,16,10,6,0,0,0,7,2,5,52,52,8,16,7,7,7,4,3,44,23,21,7,38,2,4,10
513770034,0,,,23,9,14,1,1,0,22,8,14,12,4,8,21,7,14,21,7,14,10,4,6,3,1,2,1,0,1,0,0,0,4,0,4,12,12,5,4,2,1,0,0,0,7,5,2,1,7,3,1,1
513770042,0,,,73,34,39,11,4,7,62,30,32,33,16,17,58,27,31,57,27,30,29,14,15,11,4,7,4,2,2,0,0,0,0,0,0,17,17,1,3,5,1,3,0,4,16,6,10,2,16,0,1,2
513770044,0,,,35,16,19,1,1,0,34,15,19,19,7,12,33,15,18,33,15,18,15,8,7,8,4,4,4,2,2,0,0,0,0,0,0,11,11,2,3,2,1,1,2,0,9,4,5,1,9,0,2,2
513770051,2,513770053,,9,5,4,*,*,*,*,*,*,*,*,*,*,*,*,*,*,*,*,*,*,*,*,*,*,*,*,*,*,*,*,*,*,2,2,*,*,*,*,*,*,*,*,*,*,*,*,*,*,*
513770053,1,,513770051,305,150,155,19,12,7,288,139,149,168,90,78,275,132,143,271,131,140,120,49,71,67,25,42,23,5,18,2,0,2,2,0,2,90,90,12,21,20,14,11,9,5,79,36,43,6,73,1,8,8
513770054,0,,,213,101,112,19,11,8,184,85,99,114,54,60,173,78,95,169,78,91,70,31,39,36,14,22,11,2,9,1,0,1,3,0,3,67,67,15,14,14,8,7,5,4,49,24,25,4,45,0,8,7
513770063,0,,,128,63,65,7,0,7,119,62,57,66,39,27,118,61,57,117,60,57,53,23,30,32,15,17,7,2,5,1,0,1,0,0,0,45,45,7,15,13,5,1,2,2,37,24,13,1,32,0,5,7
513770083,2,513770084,,15,8,7,*,*,*,*,*,*,*,*,*,*,*,*,*,*,*,*,*,*,*,*,*,*,*,*,*,*,*,*,*,*,3,3,*,*,*,*,*,*,*,*,*,*,*,*,*,*,*
513770084,1,,513770083,112,63,49,14,8,6,112,63,49,69,41,28,107,60,47,105,58,47,43,22,21,26,14,12,6,2,4,0,0,0,0,0,0,26,26,1,6,2,6,5,4,5,28,9,19,4,24,0,0,4
513770093,0,,,17,8,9,0,0,0,17,8,9,11,5,6,17,8,9,17,8,9,6,3,3,5,2,3,0,0,0,0,0,0,6,2,4,12,12,8,3,1,0,0,0,0,4,4,0,0,4,4,1,1
513770094,0,,,297,137,160,36,16,20,254,116,138,140,69,71,248,113,135,246,112,134,114,47,67,62,23,39,23,7,16,0,0,0,8,0,8,89,89,16,17,23,10,11,6,6,71,35,36,7,65,6,4,11
513770132,0,,,4,0,4,0,0,0,4,0,4,4,0,4,4,0,4,4,0,4,0,0,0,0,0,0,0,0,0,0,0,0,4,0,4,4,4,4,0,0,0,0,0,0,0,0,0,0,0,3,0,0
513770161,0,,,218,100,118,10,4,6,208,96,112,110,52,58,202,92,110,201,91,110,98,44,54,53,20,33,22,8,14,4,2,2,2,0,2,76,76,11,30,12,11,7,3,2,65,34,31,3,66,0,10,16
513770163,0,,,38,19,19,5,3,2,33,16,17,18,9,9,33,16,17,33,16,17,15,7,8,6,2,4,2,0,2,0,0,0,1,0,1,10,10,1,1,4,1,1,1,1,9,2,7,2,9,0,0,0
513770171,0,,,288,146,142,27,15,12,261,131,130,146,77,69,251,127,124,250,127,123,115,54,61,57,29,28,19,7,12,0,0,0,6,4,2,85,85,12,24,15,13,5,9,7,73,37,36,7,69,1,6,16
513770172,1,,513770174,292,144,148,30,19,11,261,124,137,163,83,80,251,118,133,246,114,132,98,41,57,57,20,37,21,6,15,0,0,0,2,0,2,74,74,7,13,16,15,8,7,9,67,27,40,6,62,1,3,3
513770173,1,,513770271,33,16,17,5,3,2,29,13,16,18,7,11,29,13,16,29,13,16,11,6,5,6,3,3,2,0,2,0,0,0,7,3,4,14,14,7,2,4,0,1,1,0,8,6,2,1,7,7,0,0
513770174,2,513770172,,1,0,1,*,*,*,*,*,*,*,*,*,*,*,*,*,*,*,*,*,*,*,*,*,*,*,*,*,*,*,*,*,*,1,1,*,*,*,*,*,*,*,*,*,*,*,*,*,*,*
513770181,1,,513770282,75,34,41,6,3,3,70,32,38,41,19,22,69,32,37,68,32,36,29,13,16,13,5,8,7,3,4,0,0,0,6,1,5,26,26,8,4,8,2,3,1,1,19,11,8,1,17,6,0,1
513770191,2,513770192,,2,2,0,*,*,*,*,*,*,*,*,*,*,*,*,*,*,*,*,*,*,*,*,*,*,*,*,*,*,*,*,*,*,2,2,*,*,*,*,*,*,*,*,*,*,*,*,*,*,*
513770192,1,,513770191;513770193,101,46,55,12,4,8,92,45,47,61,28,33,92,45,47,92,45,47,31,17,14,13,9,4,6,4,2,1,1,0,10,4,6,35,35,14,7,7,8,1,1,2,26,17,9,3,16,10,0,5
513770193,2,513770192,,3,2,1,*,*,*,*,*,*,*,*,*,*,*,*,*,*,*,*,*,*,*,*,*,*,*,*,*,*,*,*,*,*,3,3,*,*,*,*,*,*,*,*,*,*,*,*,*,*,*
513770232,0,,,64,31,33,9,4,5,55,27,28,29,14,15,53,26,27,53,26,27,26,13,13,7,2,5,2,0,2,0,0,0,0,0,0,18,18,2,5,3,2,3,1,2,16,8,8,2,17,0,2,3
513770241,0,,,92,44,48,9,5,4,83,39,44,49,24,25,76,36,40,76,36,40,34,15,19,20,6,14,9,2,7,0,0,0,1,0,1,24,24,1,9,2,3,3,4,2,23,10,13,3,23,0,1,4
513770242,2,513770244,,1,1,0,*,*,*,*,*,*,*,*,*,*,*,*,*,*,*,*,*,*,*,*,*,*,*,*,*,*,*,*,*,*,1,1,*,*,*,*,*,*,*,*,*,*,*,*,*,*,*
513770243,0,,,84,41,43,14,6,8,70,35,35,46,23,23,64,31,33,63,30,33,24,12,12,7,4,3,2,2,0,1,1,0,7,0,7,27,27,11,4,2,3,1,2,4,15,9,6,2,13,3,2,2
513770244,1,,513770242,139,68,71,15,5,10,125,64,61,87,43,44,119,61,58,119,61,58,38,21,17,20,12,8,7,4,3,0,0,0,1,0,1,38,38,6,7,5,10,5,4,2,33,20,13,4,23,1,2,2
513770253,0,,,102,51,51,8,4,4,92,46,46,58,28,30,87,44,43,84,44,40,34,18,16,18,9,9,6,2,4,2,0,2,0,0,0,29,29,7,5,5,3,3,2,4,21,8,13,2,21,0,5,2
513770254,0,,,21,9,12,3,1,2,18,8,10,9,5,4,18,8,10,17,7,10,9,3,6,3,0,3,2,0,2,0,0,0,0,0,0,7,7,1,1,4,0,0,1,0,6,3,3,1,5,0,1,0
513770271,2,513770173,,1,0,1,*,*,*,*,*,*,*,*,*,*,*,*,*,*,*,*,*,*,*,*,*,*,*,*,*,*,*,*,*,*,1,1,*,*,*,*,*,*,*,*,*,*,*,*,*,*,*
513770282,2,513770181,,1,1,0,*,*,*,*,*,*,*,*,*,*,*,*,*,*,*,*,*,*,*,*,*,*,*,*,*,*,*,*,*,*,1,1,*,*,*,*,*,*,*,*,*,*,*,*,*,*,*
513770332,1,,513770334,44,22,22,12,7,5,48,22,26,26,13,13,48,22,26,48,22,26,22,9,13,9,2,7,7,2,5,0,0,0,0,0,0,13,13,0,4,4,3,3,1,1,16,9,7,3,12,0,0,1
513770333,1,,513770432,19,9,10,0,0,0,11,7,4,10,6,4,11,7,4,11,7,4,1,1,0,0,0,0,0,0,0,0,0,0,1,0,1,19,19,20,0,0,0,0,0,0,0,0,0,0,1,6,1,0
513770334,2,513770332,,16,7,9,*,*,*,*,*,*,*,*,*,*,*,*,*,*,*,*,*,*,*,*,*,*,*,*,*,*,*,*,*,*,3,3,*,*,*,*,*,*,*,*,*,*,*,*,*,*,*
513770341,1,,513770342;513770343,29,15,14,3,2,1,28,14,14,10,6,4,28,14,14,28,14,14,18,8,10,6,3,3,3,2,1,0,0,0,0,0,0,8,8,2,3,3,2,0,2,0,9,5,4,1,9,0,2,2
513770342,2,513770341,,4,2,2,*,*,*,*,*,*,*,*,*,*,*,*,*,*,*,*,*,*,*,*,*,*,*,*,*,*,*,*,*,*,2,2,*,*,*,*,*,*,*,*,*,*,*,*,*,*,*
513770343,2,513770341,,4,2,2,*,*,*,*,*,*,*,*,*,*,*,*,*,*,*,*,*,*,*,*,*,*,*,*,*,*,*,*,*,*,2,2,*,*,*,*,*,*,*,*,*,*,*,*,*,*,*
513770344,0,,,16,7,9,2,1,1,14,6,8,10,4,6,14,6,8,14,6,8,4,2,2,2,1,1,0,0,0,0,0,0,3,0,3,9,9,5,2,1,1,0,0,0,4,4,0,0,3,3,2,0
513770351,0,,,26,13,13,0,0,0,26,13,13,17,9,8,26,13,13,25,12,13,9,4,5,5,1,4,2,0,2,0,0,0,0,0,0,9,9,2,2,1,3,1,0,0,7,3,4,0,7,0,1,0
513770352,0,,,115,59,56,11,6,5,104,53,51,57,30,27,98,49,49,97,48,49,47,23,24,21,9,12,7,1,6,1,0,1,0,0,0,32,32,4,10,4,4,3,2,5,28,13,15,3,28,0,3,6
513770354,0,,,130,53,77,16,5,11,114,48,66,71,31,40,110,48,62,108,48,60,43,17,26,24,8,16,7,1,6,0,0,0,5,1,4,35,35,6,5,5,6,7,4,2,29,8,21,2,27,1,3,1
513770361,0,,,16,8,8,2,1,1,14,7,7,12,5,7,13,7,6,13,7,6,2,2,0,0,0,0,0,0,0,0,0,0,1,0,1,6,6,2,1,2,0,0,1,0,4,3,1,0,2,1,0,0
513770362,0,,,16,9,7,3,3,0,13,6,7,6,3,3,13,6,7,13,6,7,7,3,4,2,1,1,0,0,0,0,0,0,1,0,1,4,4,1,1,0,1,0,0,1,3,1,2,1,4,0,1,1
513770363,2,513770364,,1,0,1,*,*,*,*,*,*,*,*,*,*,*,*,*,*,*,*,*,*,*,*,*,*,*,*,*,*,*,*,*,*,1,1,*,*,*,*,*,*,*,*,*,*,*,*,*,*,*
513770364,1,,513770363,65,32,33,6,5,1,60,27,33,32,15,17,59,27,32,58,27,31,28,12,16,11,5,6,3,0,3,1,0,1,0,0,0,23,23,2,8,9,4,1,0,0,22,19,3,1,18,0,2,6
513770371,0,,,31,14,17,3,1,2,28,13,15,15,6,9,28,13,15,28,13,15,13,7,6,3,2,1,1,1,0,0,0,0,0,0,0,10,10,2,2,2,1,3,0,0,8,4,4,1,8,0,2,1
513770373,0,,,94,47,47,10,6,4,84,41,43,53,27,26,78,39,39,77,38,39,31,14,17,18,6,12,8,3,5,0,0,0,1,0,1,23,23,3,0,6,6,4,1,3,20,8,12,1,21,0,3,0
513770374,0,,,22,8,14,6,2,4,16,6,10,9,4,5,16,6,10,16,6,10,7,2,5,2,0,2,1,0,1,0,0,0,0,0,0,5,5,0,2,1,0,0,0,2,5,2,3,2,4,0,0,1
513770383,0,,,47,22,25,0,0,0,47,22,25,32,15,17,45,21,24,44,21,23,15,7,8,8,4,4,1,1,0,0,0,0,6,1,5,12,12,1,4,0,2,3,1,1,10,6,4,0,9,0,1,3
513770384,0,,,28,12,16,3,0,3,25,12,13,11,6,5,25,12,13,25,12,13,14,6,8,7,3,4,2,1,1,0,0,0,0,0,0,9,9,1,3,1,3,0,1,0,8,4,4,1,9,0,1,2
513770432,2,513770333,,1,1,0,*,*,*,*,*,*,*,*,*,*,*,*,*,*,*,*,*,*,*,*,*,*,*,*,*,*,*,*,*,*,1,1,*,*,*,*,*,*,*,*,*,*,*,*,*,*,*
513770441,0,,,22,13,9,1,1,0,21,12,9,11,7,4,21,12,9,20,11,9,10,5,5,2,2,0,1,1,0,0,0,0,0,0,0,11,11,6,3,0,1,0,1,0,5,1,4,0,8,1,3,1
513770442,0,,,27,14,13,5,4,1,22,10,12,14,6,8,21,10,11,21,10,11,8,4,4,4,2,2,1,1,0,0,0,0,0,0,0,6,6,0,1,0,3,1,0,1,6,3,3,2,4,0,0,1
513770444,0,,,43,19,24,3,1,2,40,18,22,24,10,14,39,18,21,39,18,21,16,8,8,6,2,4,3,0,3,0,0,0,6,1,5,11,11,1,4,0,0,3,2,1,9,5,4,1,10,0,1,1
513770451,0,,,69,39,30,4,3,1,65,36,29,34,22,12,64,36,28,63,35,28,31,14,17,10,4,6,4,1,3,2,1,1,0,0,0,21,21,1,5,11,0,2,1,1,20,13,7,2,16,0,0,2
513770452,0,,,133,66,67,11,5,6,117,60,57,73,41,32,115,59,56,114,59,55,44,19,25,19,8,11,6,2,4,0,0,0,1,0,1,35,35,4,5,8,7,2,6,3,28,12,16,2,27,0,3,3
513770453,0,,,15,8,7,0,0,0,15,8,7,9,4,5,15,8,7,15,8,7,6,4,2,2,1,1,0,0,0,0,0,0,0,0,0,7,7,1,5,0,1,0,0,0,6,5,1,0,4,0,1,2
513770454,0,,,22,8,14,1,1,0,19,6,13,13,5,8,19,6,13,19,6,13,6,1,5,2,1,1,1,0,1,0,0,0,4,0,4,10,10,3,4,2,0,1,0,0,5,3,2,1,5,3,0,1
513770461,2,513770462,,6,2,4,*,*,*,*,*,*,*,*,*,*,*,*,*,*,*,*,*,*,*,*,*,*,*,*,*,*,*,*,*,*,2,2,*,*,*,*,*,*,*,*,*,*,*,*,*,*,*
513770462,1,,513770461,90,47,43,11,6,5,83,42,41,53,29,24,74,35,39,72,34,38,30,13,17,8,3,5,2,1,1,0,0,0,0,0,0,31,31,7,10,4,5,6,0,1,25,19,6,4,18,0,3,4
513770464,0,,,61,27,34,10,5,5,44,20,24,25,11,14,41,18,23,40,18,22,19,9,10,8,4,4,2,1,1,0,0,0,0,0,0,16,16,1,6,1,0,5,1,2,14,8,6,2,12,0,1,4
513770471,0,,,51,25,26,6,3,3,45,22,23,32,16,16,44,22,22,44,22,22,13,6,7,6,2,4,4,1,3,0,0,0,0,0,0,20,20,5,4,7,3,1,0,0,15,11,4,0,12,0,4,1
513770472,0,,,216,105,111,32,21,11,155,71,84,110,50,60,148,68,80,146,68,78,45,21,24,16,8,8,7,2,5,0,0,0,9,2,7,76,76,16,24,14,8,9,4,1,53,43,10,6,29,1,3,7
513770473,0,,,246,115,131,23,11,12,210,96,114,122,60,62,203,93,110,201,92,109,88,36,52,51,20,31,21,8,13,2,1,1,2,0,2,81,81,13,24,15,11,14,2,2,65,41,24,4,52,0,5,10
513770474,0,,,427,190,237,45,21,24,378,166,212,184,87,97,369,163,206,365,161,204,194,79,115,122,44,78,56,13,43,18,3,15,5,2,3,154,153,49,48,20,18,8,5,5,102,72,30,11,96,3,24,25
513770481,0,,,31,16,15,2,2,0,29,14,15,18,9,9,29,14,15,29,14,15,11,5,6,7,2,5,4,1,3,0,0,0,1,1,0,10,10,2,2,2,3,0,0,1,8,4,4,0,9,1,1,0
513770482,0,,,37,18,19,5,3,2,32,15,17,16,6,10,32,15,17,32,15,17,16,9,7,6,3,3,6,3,3,1,1,0,0,0,0,9,9,0,4,0,2,0,2,1,9,5,4,0,9,0,0,4
513770483,0,,,332,165,167,40,23,17,284,136,148,188,96,92,278,134,144,271,130,141,96,40,56,54,18,36,19,5,14,1,0,1,6,3,3,111,111,18,34,26,20,3,3,7,89,67,22,12,64,1,9,12
513770484,0,,,45,20,25,4,2,2,41,18,23,22,11,11,40,17,23,39,16,23,19,7,12,14,6,8,1,0,1,0,0,0,0,0,0,16,16,2,6,3,4,0,1,0,14,9,5,1,12,0,1,5
513770491,1,,513770493,105,61,44,10,8,2,104,56,48,68,39,29,101,53,48,98,51,47,36,17,19,21,9,12,7,2,5,0,0,0,3,0,3,25,25,3,3,3,11,4,3,2,25,11,14,1,22,0,1,3
513770492,0,,,64,34,30,11,7,4,53,27,26,34,17,17,52,27,25,52,27,25,19,10,9,11,5,6,7,3,4,0,0,0,0,0,0,14,14,2,1,2,2,1,1,5,12,3,9,5,13,0,2,1
513770493,2,513770491,,9,3,6,*,*,*,*,*,*,*,*,*,*,*,*,*,*,*,*,*,*,*,*,*,*,*,*,*,*,*,*,*,*,4,4,*,*,*,*,*,*,*,*,*,*,*,*,*,*,*
513770552,1,,513770554,9,3,6,4,1,3,13,6,7,9,4,5,12,5,7,12,5,7,4,2,2,1,1,0,0,0,0,0,0,0,0,0,0,2,2,0,1,1,0,0,2,0,4,2,2,0,3,0,0,1
513770554,2,513770552,,8,4,4,*,*,*,*,*,*,*,*,*,*,*,*,*,*,*,*,*,*,*,*,*,*,*,*,*,*,*,*,*,*,2,2,*,*,*,*,*,*,*,*,*,*,*,*,*,*,*
513770561,0,,,46,26,20,9,6,3,37,20,17,30,16,14,37,20,17,36,19,17,7,4,3,4,1,3,1,0,1,0,0,0,0,0,0,11,11,1,4,1,1,2,0,2,10,6,4,1,6,0,0,1
513770562,0,,,75,42,33,9,6,3,66,36,30,51,27,24,61,34,27,59,32,27,15,9,6,5,2,3,2,0,2,0,0,0,1,0,1,22,22,6,4,2,3,1,4,2,16,6,10,1,11,0,2,1
513770563,0,,,340,160,180,41,18,23,293,139,154,189,96,93,283,135,148,275,131,144,104,43,61,49,19,30,16,6,10,0,0,0,5,1,4,96,96,12,21,23,13,5,15,7,81,42,39,11,73,1,9,7
513770564,0,,,68,37,31,14,9,5,54,28,26,33,17,16,52,27,25,52,27,25,21,11,10,14,7,7,4,2,2,0,0,0,0,0,0,17,17,3,3,1,4,0,3,3,14,8,6,3,13,0,3,2
513770571,0,,,306,135,171,39,18,21,244,106,138,162,72,90,228,98,130,222,96,126,82,34,48,50,18,32,20,7,13,0,0,0,9,1,8,123,123,44,26,28,12,5,5,3,74,57,17,5,60,0,22,8
513770572,0,,,453,224,229,36,21,15,391,190,201,248,125,123,379,183,196,372,178,194,143,65,78,82,34,48,29,10,19,4,0,4,20,3,17,187,187,70,42,33,22,12,4,4,113,79,34,10,95,15,20,20
513770573,0,,,42,20,22,5,3,2,36,16,20,28,13,15,36,16,20,35,15,20,8,3,5,2,0,2,2,0,2,0,0,0,14,5,9,20,20,11,3,4,0,0,1,1,9,5,4,1,4,5,0,0
513770574,0,,,51,21,30,4,1,3,41,18,23,28,13,15,38,17,21,37,17,20,13,5,8,3,1,2,1,0,1,0,0,0,0,0,0,17,17,2,6,2,5,1,1,0,13,10,3,1,8,0,2,3
513770581,0,,,656,299,357,69,30,39,573,259,314,364,175,189,561,252,309,546,247,299,209,84,125,120,40,80,44,11,33,5,1,4,14,5,9,239,239,56,70,49,31,17,10,6,178,122,56,18,141,5,28,27
513770582,0,,,349,151,198,55,29,26,261,106,155,162,71,91,250,101,149,242,97,145,99,35,64,45,16,29,6,2,4,0,0,0,9,0,9,138,138,35,47,24,20,6,5,1,94,74,20,15,69,4,17,16
513770583,0,,,343,183,160,24,14,10,304,159,145,178,100,78,292,155,137,290,153,137,126,59,67,75,34,41,26,10,16,1,0,1,4,4,0,122,122,28,33,28,15,8,6,4,91,60,31,6,69,5,5,16
513770584,0,,,331,180,151,29,18,11,296,157,139,182,106,76,287,150,137,284,149,135,114,51,63,60,24,36,19,6,13,5,0,5,4,4,0,120,120,27,37,25,14,8,5,4,93,63,30,9,69,3,10,14
513770591,0,,,16,8,8,0,0,0,16,8,8,11,6,5,15,8,7,15,8,7,5,2,3,4,2,2,1,1,0,0,0,0,0,0,0,5,5,1,0,2,1,1,0,0,4,1,3,0,4,0,1,0
513770593,0,,,295,146,149,35,21,14,240,110,130,145,70,75,233,106,127,231,105,126,95,40,55,51,20,31,17,5,12,5,1,4,9,6,3,91,91,13,22,29,6,6,11,4,70,42,28,11,61,2,6,9
513770594,0,,,190,92,98,25,13,12,154,74,80,87,46,41,151,72,79,149,70,79,67,28,39,33,14,19,10,3,7,2,1,1,3,1,2,61,61,7,19,12,13,4,5,1,51,33,18,9,40,0,4,12
513770644,2,513770661,,80,16,64,*,*,*,*,*,*,*,*,*,*,*,*,*,*,*,*,*,*,*,*,*,*,*,*,*,*,*,*,*,*,4,1,*,*,*,*,*,*,*,*,*,*,*,*,*,*,*
513770652,2,513770661,,3,2,1,*,*,*,*,*,*,*,*,*,*,*,*,*,*,*,*,*,*,*,*,*,*,*,*,*,*,*,*,*,*,1,1,*,*,*,*,*,*,*,*,*,*,*,*,*,*,*
513770661,1,,513770644;513770652,262,127,135,12,6,6,329,137,192,158,78,80,319,128,191,315,127,188,171,59,112,128,39,89,78,19,59,14,1,13,15,0,15,82,82,18,13,17,19,9,7,1,65,35,30,2,56,9,4,7
513770662,0,,,470,238,232,68,40,28,392,192,200,257,133,124,383,188,195,368,181,187,135,59,76,77,29,48,21,12,9,3,3,0,14,0,14,135,135,30,25,21,20,12,11,16,100,44,56,15,92,12,11,8
513770664,0,,,413,199,214,47,17,30,363,181,182,214,110,104,338,164,174,330,160,170,149,71,78,80,38,42,36,17,19,4,1,3,0,0,0,110,110,11,28,22,14,9,11,15,98,46,52,7,92,0,9,15
513770672,0,,,86,44,42,13,11,2,64,28,36,40,20,20,62,27,35,62,27,35,24,8,16,9,4,5,5,2,3,0,0,0,0,0,0,20,20,2,2,1,6,3,4,2,16,3,13,2,16,0,2,0
513770674,0,,,164,87,77,19,13,6,142,72,70,85,46,39,142,72,70,140,70,70,57,26,31,25,9,16,12,4,8,2,1,1,7,0,7,44,44,9,5,8,7,4,5,6,34,13,21,3,32,3,0,1
513770681,0,,,31,15,16,2,0,2,29,15,14,16,9,7,27,14,13,27,14,13,13,6,7,6,2,4,1,1,0,0,0,0,0,0,0,9,9,1,2,3,0,1,2,0,8,5,3,1,8,0,1,1
513770682,0,,,58,29,29,3,2,1,55,27,28,33,18,15,52,25,27,51,24,27,22,9,13,15,5,10,2,1,1,0,0,0,0,0,0,17,17,0,6,5,2,2,1,1,17,9,8,0,16,0,0,4
513770683,0,,,246,104,142,26,12,14,211,86,125,141,58,83,209,86,123,207,86,121,70,28,42,40,15,25,15,5,10,1,0,1,26,0,26,83,83,32,12,12,9,3,8,7,47,18,29,7,44,14,3,3
513770691,0,,,250,126,124,30,20,10,217,106,111,119,63,56,213,103,110,213,103,110,98,43,55,45,14,31,26,10,16,5,1,4,2,0,2,78,78,15,23,12,8,8,7,5,61,32,29,7,62,0,14,10
513770692,0,,,59,27,32,4,2,2,55,25,30,36,15,21,53,25,28,52,25,27,19,10,9,10,3,7,4,1,3,1,0,1,2,0,2,19,19,2,9,1,3,1,2,1,17,11,6,1,12,0,0,4
513770754,2,513770763,,5,3,2,*,*,*,*,*,*,*,*,*,*,*,*,*,*,*,*,*,*,*,*,*,*,*,*,*,*,*,*,*,*,1,1,*,*,*,*,*,*,*,*,*,*,*,*,*,*,*
513770761,0,,,28,16,12,1,0,1,27,16,11,18,10,8,26,15,11,26,15,11,9,6,3,4,2,2,1,0,1,0,0,0,0,0,0,9,9,3,1,1,1,2,1,0,6,2,4,1,6,0,1,1
513770762,0,,,90,46,44,11,4,7,76,40,36,44,24,20,73,38,35,72,38,34,32,16,16,12,6,6,2,1,1,0,0,0,2,0,2,30,30,7,6,7,4,4,0,2,21,12,9,1,20,0,2,3
513770763,1,,513770754,430,212,218,31,21,10,399,190,209,227,113,114,389,184,205,384,182,202,172,77,95,88,37,51,29,10,19,2,0,2,10,0,10,144,144,30,38,28,17,20,8,4,112,64,48,11,111,0,18,22
513770764,0,,,587,289,298,61,32,29,490,235,255,262,136,126,475,227,248,471,225,246,228,99,129,122,41,81,48,15,33,7,1,6,14,0,14,186,186,40,47,32,26,16,11,14,135,69,66,12,144,3,22,24
513770781,0,,,50,22,28,5,4,1,42,17,25,30,11,19,41,16,25,41,16,25,12,6,6,9,4,5,6,2,4,0,0,0,8,0,8,20,20,8,3,6,0,2,0,1,11,7,4,2,10,7,0,1
513770854,0,,,16,6,10,3,0,3,13,6,7,7,3,4,13,6,7,13,6,7,6,3,3,3,1,2,1,0,1,0,0,0,0,0,0,4,4,0,1,1,1,0,0,1,4,1,3,1,3,0,0,1
513770861,0,,,362,169,193,36,19,17,311,141,170,198,92,106,303,139,164,295,137,158,113,49,64,47,19,28,17,5,12,3,0,3,10,1,9,109,109,16,25,20,23,13,7,5,90,47,43,8,71,3,3,11
513770862,0,,,157,78,79,12,7,5,139,68,71,84,41,43,138,68,70,136,67,69,55,27,28,24,13,11,4,2,2,0,0,0,4,0,4,56,56,3,24,21,3,3,0,2,50,40,10,4,36,0,1,10
513770863,0,,,108,52,56,10,5,5,93,45,48,63,33,30,90,44,46,89,44,45,30,12,18,15,6,9,6,3,3,0,0,0,2,0,2,38,38,10,10,7,6,2,0,3,27,15,12,2,20,0,3,3
513770864,0,,,32,18,14,5,3,2,23,12,11,13,7,6,23,12,11,23,12,11,10,5,5,6,3,3,1,0,1,1,0,1,0,0,0,13,13,6,0,4,1,2,0,0,6,5,1,1,7,0,3,0
513771003,0,,,12,4,8,0,0,0,12,4,8,7,3,4,12,4,8,12,4,8,5,1,4,4,1,3,2,1,1,0,0,0,3,0,3,7,7,4,1,2,0,0,0,0,3,2,1,0,4,3,1,0
513771013,0,,,145,76,69,9,5,4,127,67,60,80,44,36,119,62,57,116,61,55,47,23,24,25,12,13,4,2,2,1,0,1,2,0,2,39,39,3,10,6,7,4,7,2,33,14,19,2,29,1,2,3
513771101,1,,513771102,79,35,44,3,1,2,80,36,44,54,26,28,78,35,43,76,34,42,26,10,16,12,5,7,6,2,4,0,0,0,6,0,6,29,29,8,11,2,6,2,2,1,21,12,9,2,18,4,2,5
513771102,2,513771101,,10,5,5,*,*,*,*,*,*,*,*,*,*,*,*,*,*,*,*,*,*,*,*,*,*,*,*,*,*,*,*,*,*,3,3,*,*,*,*,*,*,*,*,*,*,*,*,*,*,*
513771111,0,,,105,50,55,7,4,3,98,46,52,56,28,28,94,46,48,94,46,48,42,18,24,26,10,16,9,2,7,1,0,1,1,0,1,28,28,4,5,3,4,9,1,2,24,8,16,1,24,1,2,1
513771112,0,,,39,15,24,3,1,2,36,14,22,26,11,15,36,14,22,35,14,21,10,3,7,6,2,4,3,0,3,0,0,0,3,0,3,13,13,4,2,2,1,3,1,0,9,3,6,1,7,2,0,1
513771121,1,,513771122,127,59,68,12,5,7,122,56,66,74,36,38,117,55,62,114,54,60,48,20,28,33,14,19,7,2,5,0,0,0,3,0,3,38,38,6,11,4,8,8,1,2,33,19,14,2,28,1,4,7
513771122,2,513771121,,7,2,5,*,*,*,*,*,*,*,*,*,*,*,*,*,*,*,*,*,*,*,*,*,*,*,*,*,*,*,*,*,*,2,2,*,*,*,*,*,*,*,*,*,*,*,*,*,*,*
513771123,0,,,58,27,31,4,3,1,54,24,30,35,16,19,50,21,29,47,20,27,19,8,11,10,5,5,0,0,0,0,0,0,3,0,3,18,18,4,5,3,1,1,2,2,14,8,6,0,11,2,2,3
513771124,0,,,163,79,84,17,10,7,146,69,77,87,41,46,141,65,76,140,65,75,59,28,31,30,13,17,16,7,9,1,0,1,16,1,15,54,54,16,12,7,7,6,1,5,38,19,19,6,36,10,3,7
513771133,0,,,18,8,10,2,2,0,16,6,10,9,3,6,15,5,10,15,5,10,7,3,4,4,2,2,2,0,2,1,0,1,2,0,2,7,7,2,1,3,0,1,0,0,5,3,2,1,3,2,0,1
513771231,0,,,89,46,43,9,6,3,80,40,40,50,26,24,78,39,39,76,38,38,30,14,16,13,4,9,8,2,6,1,0,1,4,0,4,25,25,3,5,7,4,2,2,2,21,12,9,3,18,0,3,1
513771232,0,,,497,240,257,55,28,27,442,212,230,264,135,129,435,208,227,429,208,221,178,77,101,82,28,54,36,10,26,4,0,4,8,0,8,144,144,21,25,37,26,15,8,12,123,64,59,15,106,7,8,15
513771233,2,513771234,,9,5,4,*,*,*,*,*,*,*,*,*,*,*,*,*,*,*,*,*,*,*,*,*,*,*,*,*,*,*,*,*,*,3,3,*,*,*,*,*,*,*,*,*,*,*,*,*,*,*
513771234,1,,513771233,11,4,7,0,0,0,20,9,11,10,5,5,20,9,11,20,9,11,10,4,6,3,0,3,1,0,1,0,0,0,2,0,2,6,6,3,2,3,1,0,0,0,6,3,3,0,7,2,1,2
513771241,0,,,56,26,30,9,4,5,47,22,25,26,15,11,46,22,24,46,22,24,21,7,14,8,1,7,6,0,6,1,0,1,0,0,0,17,17,4,2,1,7,2,0,1,13,5,8,1,13,0,2,2
513771243,0,,,285,140,145,43,24,19,241,116,125,161,83,78,232,109,123,230,108,122,80,33,47,49,16,33,17,4,13,1,0,1,5,0,5,78,78,14,13,15,11,8,8,9,64,29,35,11,54,1,6,4
513771244,0,,,179,85,94,21,10,11,158,75,83,82,42,40,154,71,83,154,71,83,76,33,43,45,18,27,15,6,9,4,0,4,3,0,3,58,58,11,19,7,9,7,0,5,46,24,22,4,45,0,6,10
513771253,2,513771351,,10,5,5,*,*,*,*,*,*,*,*,*,*,*,*,*,*,*,*,*,*,*,*,*,*,*,*,*,*,*,*,*,*,1,1,*,*,*,*,*,*,*,*,*,*,*,*,*,*,*
513771331,0,,,9,5,4,0,0,0,9,5,4,3,1,2,9,5,4,9,5,4,6,4,2,2,1,1,1,1,0,0,0,0,0,0,0,4,4,1,1,2,0,0,0,0,3,2,1,0,4,0,1,0
513771332,1,,513771333,13,8,5,0,0,0,22,13,9,10,7,3,22,13,9,22,13,9,12,6,6,9,5,4,1,0,1,0,0,0,0,0,0,5,5,0,5,1,1,1,0,0,8,7,1,0,7,0,0,4
513771333,2,513771332,,9,5,4,*,*,*,*,*,*,*,*,*,*,*,*,*,*,*,*,*,*,*,*,*,*,*,*,*,*,*,*,*,*,3,3,*,*,*,*,*,*,*,*,*,*,*,*,*,*,*
513771341,2,513771342,,1,0,1,*,*,*,*,*,*,*,*,*,*,*,*,*,*,*,*,*,*,*,*,*,*,*,*,*,*,*,*,*,*,1,1,*,*,*,*,*,*,*,*,*,*,*,*,*,*,*
513771342,1,,513771341,3,0,3,0,0,0,4,0,4,3,0,3,4,0,4,4,0,4,1,0,1,1,0,1,0,0,0,0,0,0,3,0,3,3,3,4,0,0,0,0,0,0,0,0,0,0,1,1,1,0
513771351,1,,513771253,283,129,154,31,12,19,260,120,140,182,81,101,256,117,139,249,116,133,78,39,39,38,19,19,20,8,12,5,3,2,13,0,13,90,90,23,15,19,14,11,2,7,68,40,28,7,53,9,8,7
513771352,0,,,398,197,201,52,26,26,343,170,173,218,109,109,334,166,168,332,166,166,125,61,64,62,25,37,18,5,13,1,0,1,6,0,6,129,129,17,42,26,19,11,10,4,109,74,35,11,82,3,6,19
513771353,2,513771354,,4,0,4,*,*,*,*,*,*,*,*,*,*,*,*,*,*,*,*,*,*,*,*,*,*,*,*,*,*,*,*,*,*,3,3,*,*,*,*,*,*,*,*,*,*,*,*,*,*,*
513771354,1,,513771353,184,92,92,41,21,20,140,67,73,95,46,49,133,66,67,131,65,66,45,21,24,16,6,10,6,0,6,0,0,0,6,0,6,63,63,17,14,13,13,5,2,2,47,35,12,11,27,4,4,4
513771361,0,,,207,98,109,21,9,12,168,79,89,110,53,57,164,79,85,162,77,85,58,26,32,27,12,15,9,4,5,0,0,0,3,3,0,67,67,11,17,14,13,7,2,3,50,33,17,5,41,1,8,6
513771363,0,,,568,293,275,72,42,30,454,227,227,298,158,140,433,216,217,422,212,210,156,69,87,87,35,52,26,9,17,2,1,1,11,6,5,185,185,45,33,39,36,14,8,10,131,80,51,18,96,4,9,16
513771364,0,,,188,88,100,15,4,11,164,79,85,108,57,51,158,76,82,156,75,81,56,22,34,28,9,19,12,4,8,1,0,1,1,0,1,57,57,7,15,11,13,3,5,3,48,26,22,4,36,0,2,4
513771373,0,,,78,39,39,10,5,5,67,34,33,41,23,18,66,33,33,66,33,33,26,11,15,15,6,9,5,2,3,0,0,0,0,0,0,19,19,1,4,3,4,2,2,3,18,7,11,1,14,0,0,2
513771374,0,,,18,10,8,2,0,2,16,10,6,5,4,1,15,9,6,15,9,6,11,6,5,2,1,1,2,1,1,0,0,0,0,0,0,5,5,0,2,1,1,0,0,1,5,3,2,0,5,0,0,2
513771431,2,513771432,,4,1,3,*,*,*,*,*,*,*,*,*,*,*,*,*,*,*,*,*,*,*,*,*,*,*,*,*,*,*,*,*,*,2,2,*,*,*,*,*,*,*,*,*,*,*,*,*,*,*
513771432,1,,513771431,12,5,7,1,1,0,15,5,10,6,1,5,14,5,9,14,5,9,9,4,5,5,2,3,4,2,2,0,0,0,0,0,0,2,2,0,2,0,1,0,0,1,3,2,1,0,4,0,0,0
513771451,2,513771452,,10,4,6,*,*,*,*,*,*,*,*,*,*,*,*,*,*,*,*,*,*,*,*,*,*,*,*,*,*,*,*,*,*,2,2,*,*,*,*,*,*,*,*,*,*,*,*,*,*,*
513771452,1,,513771451;513771453,12,5,7,6,3,3,18,7,11,13,5,8,18,7,11,18,7,11,5,2,3,2,1,1,0,0,0,0,0,0,3,0,3,5,5,3,1,2,0,0,1,2,5,3,2,2,3,1,0,1
513771453,2,513771452,,9,5,4,*,*,*,*,*,*,*,*,*,*,*,*,*,*,*,*,*,*,*,*,*,*,*,*,*,*,*,*,*,*,2,2,*,*,*,*,*,*,*,*,*,*,*,*,*,*,*
513771461,2,513771462,,3,2,1,*,*,*,*,*,*,*,*,*,*,*,*,*,*,*,*,*,*,*,*,*,*,*,*,*,*,*,*,*,*,2,2,*,*,*,*,*,*,*,*,*,*,*,*,*,*,*
513771462,1,,513771461,19,8,11,2,0,2,20,10,10,13,7,6,20,10,10,19,9,10,7,3,4,5,2,3,2,1,1,0,0,0,4,2,2,6,6,3,2,1,0,0,2,0,5,2,3,1,5,1,2,1
513771471,1,,513771473,68,30,38,38,17,21,60,27,33,41,18,23,56,25,31,56,25,31,19,9,10,11,6,5,4,1,3,0,0,0,1,0,1,29,29,11,11,6,4,0,1,0,19,16,3,1,13,0,4,2
513771472,0,,,213,106,107,27,19,8,186,87,99,112,59,53,184,85,99,181,83,98,74,28,46,42,11,31,19,5,14,3,0,3,0,0,0,55,55,9,6,12,9,6,5,8,46,17,29,12,46,0,6,5
513771473,2,513771471,,41,18,23,*,*,*,*,*,*,*,*,*,*,*,*,*,*,*,*,*,*,*,*,*,*,*,*,*,*,*,*,*,*,5,4,*,*,*,*,*,*,*,*,*,*,*,*,*,*,*
513771481,0,,,47,24,23,9,6,3,38,18,20,28,15,13,37,17,20,37,17,20,10,3,7,5,1,4,1,0,1,0,0,0,0,0,0,16,16,2,6,2,4,1,1,0,14,11,3,2,8,0,1,0
513771483,0,,,126,56,70,14,5,9,109,50,59,55,30,25,106,47,59,104,45,59,54,20,34,36,12,24,17,4,13,6,0,6,3,0,3,36,35,6,10,6,5,4,2,2,27,13,14,2,27,1,4,4
513771484,0,,,392,185,207,49,22,27,340,162,178,222,106,116,326,157,169,319,154,165,118,56,62,73,30,43,24,9,15,2,1,1,8,0,8,123,123,17,29,32,26,6,8,5,103,64,39,12,76,5,9,12
513771493,0,,,251,124,127,25,13,12,226,111,115,137,72,65,219,105,114,217,103,114,89,39,50,41,14,27,16,4,12,3,0,3,3,1,2,79,79,13,21,14,13,10,6,2,65,37,28,4,54,0,10,8
513771494,0,,,55,30,25,6,3,3,49,27,22,29,17,12,48,26,22,47,25,22,20,10,10,14,8,6,6,3,3,1,0,1,0,0,0,12,12,2,1,2,0,2,2,3,10,3,7,2,11,0,1,1
513771524,2,513771621,,2,1,1,*,*,*,*,*,*,*,*,*,*,*,*,*,*,*,*,*,*,*,*,*,*,*,*,*,*,*,*,*,*,1,1,*,*,*,*,*,*,*,*,*,*,*,*,*,*,*
513771531,2,513771533,,1,1,0,*,*,*,*,*,*,*,*,*,*,*,*,*,*,*,*,*,*,*,*,*,*,*,*,*,*,*,*,*,*,1,1,*,*,*,*,*,*,*,*,*,*,*,*,*,*,*
513771533,1,,513771531;513771534,48,24,24,5,3,2,44,23,21,24,12,12,44,23,21,44,23,21,20,11,9,7,4,3,3,1,2,1,1,0,3,0,3,11,11,1,3,4,0,3,1,2,11,7,4,1,10,0,0,3
513771534,2,513771533,,5,3,2,*,*,*,*,*,*,*,*,*,*,*,*,*,*,*,*,*,*,*,*,*,*,*,*,*,*,*,*,*,*,2,2,*,*,*,*,*,*,*,*,*,*,*,*,*,*,*
513771551,2,513771552,,8,3,5,*,*,*,*,*,*,*,*,*,*,*,*,*,*,*,*,*,*,*,*,*,*,*,*,*,*,*,*,*,*,3,3,*,*,*,*,*,*,*,*,*,*,*,*,*,*,*
513771552,1,,513771551;513771554,6,3,3,4,3,1,14,6,8,6,2,4,14,6,8,14,6,8,8,4,4,0,0,0,0,0,0,0,0,0,0,0,0,1,1,0,2,0,2,0,1,0,5,4,1,1,4,0,0,2
513771554,2,513771552,,4,3,1,*,*,*,*,*,*,*,*,*,*,*,*,*,*,*,*,*,*,*,*,*,*,*,*,*,*,*,*,*,*,1,1,*,*,*,*,*,*,*,*,*,*,*,*,*,*,*
513771581,2,513771582,,8,3,5,*,*,*,*,*,*,*,*,*,*,*,*,*,*,*,*,*,*,*,*,*,*,*,*,*,*,*,*,*,*,3,3,*,*,*,*,*,*,*,*,*,*,*,*,*,*,*
513771582,1,,513771581,89,43,46,20,9,11,77,37,40,46,19,27,73,35,38,71,34,37,31,18,13,12,6,6,5,2,3,0,0,0,1,0,1,25,25,3,7,5,8,0,2,3,25,18,7,5,17,0,1,6
513771584,1,,513771682;513771684,25,9,16,6,3,3,29,9,20,26,8,18,28,9,19,26,8,18,3,1,2,1,0,1,1,0,1,0,0,0,9,0,9,12,12,9,1,2,3,0,1,0,7,6,1,2,2,7,0,0
513771591,0,,,47,18,29,3,0,3,44,18,26,27,11,16,43,17,26,43,17,26,17,7,10,8,3,5,4,1,3,0,0,0,6,0,6,20,20,8,3,5,3,0,1,0,12,6,6,1,11,6,2,3
513771592,0,,,133,54,79,17,6,11,116,48,68,87,34,53,112,47,65,109,46,63,29,14,15,10,3,7,3,0,3,0,0,0,22,4,18,47,47,17,9,7,4,5,3,2,29,22,7,2,18,6,4,1
513771594,0,,,28,13,15,1,0,1,27,13,14,18,9,9,25,12,13,24,11,13,9,4,5,5,2,3,1,0,1,0,0,0,0,0,0,8,8,0,3,2,2,0,0,1,8,4,4,0,6,0,0,1
513771601,2,513771603,,7,4,3,*,*,*,*,*,*,*,*,*,*,*,*,*,*,*,*,*,*,*,*,*,*,*,*,*,*,*,*,*,*,3,3,*,*,*,*,*,*,*,*,*,*,*,*,*,*,*
513771602,2,513771604,,7,4,3,*,*,*,*,*,*,*,*,*,*,*,*,*,*,*,*,*,*,*,*,*,*,*,*,*,*,*,*,*,*,3,3,*,*,*,*,*,*,*,*,*,*,*,*,*,*,*
513771603,1,,513771601,8,3,5,3,1,2,12,6,6,6,3,3,12,6,6,12,6,6,6,3,3,2,0,2,2,0,2,0,0,0,0,0,0,1,1,0,2,1,0,0,0,1,4,3,1,0,3,0,0,1
513771604,1,,513771602,204,85,119,5,2,3,206,87,119,59,35,24,203,87,116,200,84,116,147,52,95,108,28,80,55,11,44,6,1,5,0,0,0,33,32,4,11,9,4,4,1,2,31,22,9,0,27,0,2,6
513771611,1,,513771614,68,34,34,6,4,2,71,35,36,39,21,18,70,34,36,68,32,36,32,14,18,12,5,7,3,0,3,1,0,1,0,0,0,23,23,3,10,6,3,1,2,1,23,14,9,1,20,0,3,6
513771612,0,,,16,7,9,3,1,2,13,6,7,10,4,6,11,6,5,11,6,5,3,2,1,0,0,0,0,0,0,0,0,0,0,0,0,4,4,0,1,1,1,0,0,1,4,3,1,1,2,0,0,1
513771613,0,,,124,60,64,12,9,3,111,50,61,65,29,36,110,49,61,108,49,59,46,21,25,17,10,7,4,0,4,2,0,2,15,3,12,50,50,19,13,6,6,2,2,2,31,17,14,1,27,9,1,7
513771614,2,513771611,,9,5,4,*,*,*,*,*,*,*,*,*,*,*,*,*,*,*,*,*,*,*,*,*,*,*,*,*,*,*,*,*,*,3,3,*,*,*,*,*,*,*,*,*,*,*,*,*,*,*
513771621,1,,513771524,87,42,45,7,1,6,79,40,39,50,25,25,77,38,39,76,37,39,29,15,14,17,10,7,6,2,4,0,0,0,6,0,6,21,21,2,5,5,3,1,3,3,16,8,8,2,19,0,1,4
513771622,0,,,130,64,66,9,5,4,120,58,62,76,36,40,114,55,59,113,55,58,44,22,22,20,11,9,5,3,2,0,0,0,14,2,12,33,33,6,6,6,4,2,2,7,23,14,9,4,26,0,4,4
513771623,2,513771624,,1,0,1,*,*,*,*,*,*,*,*,*,*,*,*,*,*,*,*,*,*,*,*,*,*,*,*,*,*,*,*,*,*,1,1,*,*,*,*,*,*,*,*,*,*,*,*,*,*,*
513771624,1,,513771623,67,30,37,7,3,4,61,27,34,37,16,21,60,26,34,60,26,34,24,11,13,10,4,6,7,2,5,0,0,0,1,0,1,16,16,2,3,3,2,2,3,2,14,7,7,2,14,0,2,1
513771631,1,,513771632,228,106,122,19,13,6,213,95,118,137,61,76,208,93,115,203,91,112,76,34,42,37,14,23,14,5,9,0,0,0,20,0,20,58,58,6,11,17,8,8,4,7,48,24,24,5,45,0,2,4
513771632,2,513771631,,18,7,11,*,*,*,*,*,*,*,*,*,*,*,*,*,*,*,*,*,*,*,*,*,*,*,*,*,*,*,*,*,*,3,3,*,*,*,*,*,*,*,*,*,*,*,*,*,*,*
513771633,0,,,18,11,7,3,2,1,15,9,6,10,5,5,14,8,6,14,8,6,5,4,1,1,1,0,0,0,0,0,0,0,0,0,0,5,5,0,1,2,1,0,1,0,5,3,2,2,4,0,0,0
513771641,2,513771642,,1,1,0,*,*,*,*,*,*,*,*,*,*,*,*,*,*,*,*,*,*,*,*,*,*,*,*,*,*,*,*,*,*,1,1,*,*,*,*,*,*,*,*,*,*,*,*,*,*,*
513771642,1,,513771641;513771643,23,11,12,4,2,2,21,11,10,16,9,7,21,11,10,21,11,10,5,2,3,3,1,2,1,0,1,0,0,0,2,1,1,8,8,4,3,0,1,1,1,0,6,4,2,1,4,1,1,1
513771643,2,513771642,,1,1,0,*,*,*,*,*,*,*,*,*,*,*,*,*,*,*,*,*,*,*,*,*,*,*,*,*,*,*,*,*,*,1,1,*,*,*,*,*,*,*,*,*,*,*,*,*,*,*
513771652,0,,,21,11,10,3,3,0,18,8,10,11,5,6,17,8,9,17,8,9,7,3,4,3,1,2,1,0,1,0,0,0,1,1,0,7,7,2,1,1,1,2,0,0,5,2,3,0,4,2,0,1
513771653,0,,,38,21,17,4,3,1,32,17,15,19,11,8,30,15,15,29,15,14,13,6,7,10,4,6,4,2,2,0,0,0,1,0,1,10,10,1,1,2,2,3,1,0,8,2,6,1,7,0,1,0
513771663,2,513771664,,2,2,0,*,*,*,*,*,*,*,*,*,*,*,*,*,*,*,*,*,*,*,*,*,*,*,*,*,*,*,*,*,*,2,2,*,*,*,*,*,*,*,*,*,*,*,*,*,*,*
513771664,1,,513771663,4,4,0,0,0,0,6,6,0,6,6,0,6,6,0,6,6,0,0,0,0,0,0,0,0,0,0,0,0,0,6,6,0,4,4,6,0,0,0,0,0,0,0,0,0,0,0,5,0,0
513771682,2,513771584,,8,2,6,*,*,*,*,*,*,*,*,*,*,*,*,*,*,*,*,*,*,*,*,*,*,*,*,*,*,*,*,*,*,3,3,*,*,*,*,*,*,*,*,*,*,*,*,*,*,*
513771684,2,513771584,,2,1,1,*,*,*,*,*,*,*,*,*,*,*,*,*,*,*,*,*,*,*,*,*,*,*,*,*,*,*,*,*,*,1,1,*,*,*,*,*,*,*,*,*,*,*,*,*,*,*
513771691,2,513771693,,1,0,1,*,*,*,*,*,*,*,*,*,*,*,*,*,*,*,*,*,*,*,*,*,*,*,*,*,*,*,*,*,*,1,1,*,*,*,*,*,*,*,*,*,*,*,*,*,*,*
513771692,0,,,134,67,67,30,16,14,104,51,53,71,36,35,101,49,52,98,48,50,33,15,18,15,6,9,10,3,7,1,0,1,2,0,2,31,31,1,7,5,2,9,2,5,29,16,13,6,20,0,1,1
513771693,1,,513771691,292,149,143,38,21,17,236,119,117,113,59,54,232,116,116,231,115,116,123,60,63,35,18,17,9,3,6,0,0,0,2,0,2,113,113,28,41,18,14,8,3,2,80,63,17,13,76,1,16,32
513771694,0,,,48,27,21,5,4,1,43,23,20,23,13,10,43,23,20,42,22,20,20,10,10,3,0,3,1,0,1,0,0,0,0,0,0,18,18,2,7,6,2,0,1,0,16,16,0,2,13,0,1,3
513771711,0,,,305,142,163,38,11,27,253,127,126,194,97,97,236,118,118,228,113,115,59,30,29,21,9,12,4,2,2,0,0,0,2,2,0,106,106,21,27,22,22,11,1,2,81,73,8,7,42,2,10,10
513771712,0,,,279,138,141,37,17,20,242,121,121,135,69,66,236,119,117,234,119,115,107,52,55,61,29,32,19,12,7,3,2,1,3,1,2,84,84,13,26,13,10,7,9,6,70,36,34,11,67,1,6,15
513771714,0,,,196,106,90,15,9,6,180,96,84,103,59,44,173,91,82,170,90,80,77,37,40,46,21,25,14,5,9,3,0,3,1,0,1,62,62,11,10,23,7,5,2,4,51,29,22,3,48,0,7,4
513771721,1,,513771722,221,102,119,24,11,13,189,85,104,119,57,62,181,81,100,179,81,98,70,28,42,36,14,22,11,3,8,0,0,0,9,0,9,88,88,27,24,18,13,6,2,0,58,40,18,7,47,4,11,7
513771722,2,513771721,,2,0,2,*,*,*,*,*,*,*,*,*,*,*,*,*,*,*,*,*,*,*,*,*,*,*,*,*,*,*,*,*,*,2,2,*,*,*,*,*,*,*,*,*,*,*,*,*,*,*
513771723,0,,,195,96,99,16,10,6,173,82,91,101,53,48,169,80,89,167,78,89,72,29,43,35,10,25,17,4,13,1,0,1,3,1,2,65,65,15,10,19,11,4,4,2,49,24,25,3,47,0,8,3
513771724,0,,,45,18,27,4,2,2,41,16,25,20,8,12,41,16,25,41,16,25,21,8,13,8,3,5,2,0,2,1,0,1,0,0,0,14,14,0,7,2,3,0,1,1,14,8,6,0,11,0,0,3
513771733,2,513771822,,1,0,1,*,*,*,*,*,*,*,*,*,*,*,*,*,*,*,*,*,*,*,*,*,*,*,*,*,*,*,*,*,*,1,1,*,*,*,*,*,*,*,*,*,*,*,*,*,*,*
513771734,2,513771822,,3,1,2,*,*,*,*,*,*,*,*,*,*,*,*,*,*,*,*,*,*,*,*,*,*,*,*,*,*,*,*,*,*,1,1,*,*,*,*,*,*,*,*,*,*,*,*,*,*,*
513771751,0,,,75,35,40,14,7,7,61,28,33,36,16,20,60,27,33,59,27,32,25,12,13,7,1,6,6,1,5,0,0,0,0,0,0,17,17,0,6,2,1,1,4,3,17,10,7,3,15,0,0,3
513771752,0,,,17,9,8,2,2,0,15,7,8,10,4,6,15,7,8,15,7,8,5,3,2,2,1,1,2,1,1,0,0,0,3,0,3,4,4,1,0,1,0,0,1,1,2,1,1,0,4,0,1,0
513771753,0,,,26,13,13,9,5,4,17,8,9,7,4,3,17,8,9,17,8,9,10,4,6,5,2,3,1,0,1,0,0,0,0,0,0,7,7,2,2,0,0,1,1,1,5,3,2,1,5,0,1,2
513771754,0,,,10,6,4,2,2,0,8,4,4,2,1,1,8,4,4,8,4,4,6,3,3,2,2,0,0,0,0,0,0,0,0,0,0,4,4,0,3,0,1,0,0,0,4,4,0,1,3,0,0,3
513771763,0,,,53,28,25,0,0,0,53,28,25,38,21,17,51,27,24,50,27,23,15,7,8,14,7,7,3,1,2,0,0,0,0,0,0,16,16,0,4,6,4,1,1,0,16,12,4,0,8,0,0,0
513771764,0,,,20,13,7,1,1,0,19,12,7,11,7,4,19,12,7,19,12,7,8,5,3,4,2,2,0,0,0,0,0,0,0,0,0,7,7,0,4,2,0,0,1,0,7,6,1,0,5,0,0,1
513771781,2,513771783,,6,3,3,*,*,*,*,*,*,*,*,*,*,*,*,*,*,*,*,*,*,*,*,*,*,*,*,*,*,*,*,*,*,2,2,*,*,*,*,*,*,*,*,*,*,*,*,*,*,*
513771782,2,513771784,,9,4,5,*,*,*,*,*,*,*,*,*,*,*,*,*,*,*,*,*,*,*,*,*,*,*,*,*,*,*,*,*,*,2,2,*,*,*,*,*,*,*,*,*,*,*,*,*,*,*
513771783,1,,513771781,139,64,75,16,9,7,129,58,71,89,41,48,125,56,69,123,55,68,40,17,23,18,6,12,8,3,5,0,0,0,0,0,0,37,37,5,6,8,6,7,4,3,33,18,15,6,27,0,4,2
513771784,1,,513771782,45,24,21,11,6,5,43,22,21,26,14,12,41,20,21,39,18,21,17,8,9,5,2,3,2,0,2,0,0,0,0,0,0,11,11,2,2,0,3,2,2,2,11,3,8,3,11,0,2,0
513771791,0,,,82,37,45,8,3,5,74,34,40,50,23,27,71,33,38,69,32,37,24,11,13,15,6,9,5,2,3,0,0,0,0,0,0,27,27,3,10,6,3,2,2,1,24,14,10,3,17,0,1,3
513771792,0,,,83,41,42,5,2,3,78,39,39,46,25,21,73,36,37,72,35,37,32,14,18,17,7,10,5,1,4,2,0,2,0,0,0,25,25,5,7,2,4,3,2,2,20,12,8,0,19,0,3,2
513771793,0,,,137,69,68,28,15,13,109,54,55,78,42,36,107,53,54,105,52,53,31,12,19,15,4,11,5,0,5,1,0,1,4,2,2,43,43,8,11,8,9,1,2,4,34,22,12,9,20,1,2,2
513771794,0,,,12,7,5,3,3,0,9,4,5,8,3,5,8,3,5,7,3,4,1,1,0,0,0,0,0,0,0,0,0,0,0,0,0,4,4,1,0,2,0,1,0,0,3,3,0,0,1,0,1,0
513771812,0,,,11,7,4,0,0,0,11,7,4,5,3,2,11,7,4,11,7,4,6,4,2,4,3,1,1,1,0,0,0,0,0,0,0,6,6,3,2,0,1,0,0,0,3,2,1,0,5,0,3,0
513771821,0,,,262,127,135,31,18,13,226,107,119,139,76,63,221,105,116,216,103,113,87,31,56,42,11,31,16,2,14,2,0,2,11,0,11,82,82,21,20,12,8,8,7,6,56,31,25,5,59,1,8,5
513771822,1,,513771733;513771734,455,223,232,55,28,27,397,191,206,257,126,131,385,184,201,383,183,200,140,65,75,73,27,46,25,7,18,3,3,0,25,0,25,161,161,53,33,28,19,12,10,8,107,63,44,13,98,8,18,8
513771843,0,,,163,82,81,13,7,6,150,75,75,90,48,42,147,73,74,145,71,74,60,27,33,36,16,20,13,5,8,0,0,0,3,0,3,48,48,5,11,12,10,4,4,2,42,20,22,4,42,0,4,5
513771854,0,,,23,13,10,0,0,0,23,13,10,15,9,6,23,13,10,23,13,10,8,4,4,6,2,4,3,2,1,0,0,0,0,0,0,6,6,0,1,2,1,1,1,0,6,2,4,0,5,0,0,1
513771861,0,,,107,53,54,14,5,9,90,46,44,54,30,24,88,45,43,88,45,43,36,16,20,19,8,11,10,5,5,0,0,0,3,1,2,36,36,11,7,6,3,4,3,2,23,13,10,5,24,1,6,5
513771862,0,,,199,105,94,35,19,16,164,86,78,112,60,52,159,82,77,157,80,77,52,26,26,31,16,15,9,3,6,0,0,0,2,0,2,61,61,8,17,11,12,8,3,2,53,37,16,9,32,1,3,8
513771863,0,,,281,139,142,32,18,14,249,121,128,156,79,77,245,120,125,241,117,124,93,42,51,48,16,32,16,4,12,1,0,1,2,1,1,82,82,10,25,14,12,8,5,8,71,41,30,7,60,0,7,12
513771864,0,,,154,79,75,9,1,8,142,76,66,89,52,37,140,74,66,135,72,63,53,24,29,22,10,12,8,3,5,1,1,0,0,0,0,55,55,11,14,18,6,3,1,2,43,30,13,2,34,1,5,6
513771871,1,,513771873,123,60,63,14,4,10,120,60,60,79,40,39,115,57,58,113,57,56,41,20,21,17,8,9,3,1,2,0,0,0,0,0,0,33,33,4,6,9,9,2,5,2,33,15,18,3,26,0,4,3
513771872,0,,,61,26,35,5,0,5,56,26,30,35,19,16,55,25,30,54,25,29,21,7,14,8,1,7,3,0,3,1,0,1,0,0,0,20,20,2,6,6,3,2,0,1,18,10,8,2,12,0,0,2
513771873,2,513771871,,11,4,7,*,*,*,*,*,*,*,*,*,*,*,*,*,*,*,*,*,*,*,*,*,*,*,*,*,*,*,*,*,*,4,4,*,*,*,*,*,*,*,*,*,*,*,*,*,*,*
513771881,0,,,291,144,147,58,29,29,228,111,117,150,74,76,227,110,117,226,109,117,78,37,41,38,16,22,13,5,8,1,0,1,1,0,1,87,87,15,21,14,18,5,7,7,70,45,25,15,49,3,4,9
513771882,0,,,91,41,50,20,8,12,69,32,37,47,22,25,68,31,37,66,29,37,22,10,12,14,5,9,8,3,5,0,0,0,0,0,0,24,24,1,5,6,6,1,4,1,22,11,11,7,15,0,1,3
513771883,0,,,24,11,13,3,1,2,21,10,11,21,10,11,21,10,11,21,10,11,0,0,0,0,0,0,0,0,0,0,0,0,0,0,0,13,13,5,6,1,1,0,0,0,8,8,0,2,0,3,0,0
513771884,0,,,16,8,8,2,0,2,14,8,6,7,4,3,13,7,6,13,7,6,7,4,3,1,1,0,0,0,0,0,0,0,0,0,0,4,4,0,2,0,1,0,0,1,4,3,1,0,4,0,0,2
513771891,0,,,513,277,236,171,100,71,339,174,165,274,144,130,332,171,161,327,168,159,65,30,35,31,13,18,5,1,4,0,0,0,3,0,3,149,149,16,24,27,53,21,5,3,132,116,16,51,42,0,4,10
513771892,0,,,22,8,14,0,0,0,22,8,14,10,2,8,22,8,14,22,8,14,12,6,6,2,0,2,1,0,1,0,0,0,0,0,0,11,11,5,3,1,2,0,0,0,6,5,1,0,8,0,3,2
513771893,0,,,136,67,69,22,11,11,114,56,58,84,42,42,109,53,56,106,53,53,30,14,16,14,8,6,4,2,2,1,0,1,1,0,1,36,36,5,4,9,6,4,5,3,31,19,12,6,18,0,2,1
513771894,0,,,134,71,63,19,10,9,115,61,54,72,39,33,114,61,53,113,60,53,43,22,21,19,11,8,7,3,4,0,0,0,1,1,0,44,44,6,13,10,7,4,4,0,38,26,12,6,27,0,5,7
513771941,0,,,69,37,32,6,3,3,63,34,29,42,26,16,61,34,27,59,32,27,21,8,13,11,3,8,7,2,5,0,0,0,0,0,0,15,15,1,2,1,4,2,0,5,14,2,12,1,15,0,1,1
513771951,0,,,15,8,7,2,1,1,13,7,6,6,3,3,12,6,6,12,6,6,7,4,3,3,2,1,1,1,0,0,0,0,0,0,0,5,5,2,1,1,0,0,0,1,3,2,1,0,4,0,1,1
513771952,0,,,106,52,54,11,7,4,93,43,50,51,26,25,90,43,47,89,43,46,42,17,25,28,10,18,11,3,8,1,1,0,4,2,2,36,36,6,13,8,1,5,1,2,29,19,10,4,27,0,4,3
513771953,2,513771954,,2,1,1,*,*,*,*,*,*,*,*,*,*,*,*,*,*,*,*,*,*,*,*,*,*,*,*,*,*,*,*,*,*,1,1,*,*,*,*,*,*,*,*,*,*,*,*,*,*,*
513771954,1,,513771953,294,147,147,24,12,12,266,130,136,159,82,77,256,124,132,247,122,125,107,48,59,61,26,35,22,10,12,2,1,1,7,5,2,85,85,8,22,13,24,10,6,3,75,40,35,3,67,0,4,11
513771961,0,,,118,66,52,9,5,4,102,59,43,71,43,28,100,58,42,100,58,42,31,16,15,18,9,9,9,5,4,0,0,0,3,3,0,40,40,10,7,6,11,4,2,0,28,14,14,2,21,1,3,2
513771962,0,,,174,88,86,16,10,6,158,78,80,123,64,59,153,76,77,149,74,75,35,14,21,17,6,11,4,0,4,0,0,0,1,0,1,64,64,8,24,19,7,3,3,0,56,45,11,6,21,0,3,3
513771963,0,,,14,8,6,0,0,0,14,8,6,8,6,2,14,8,6,14,8,6,6,2,4,4,1,3,0,0,0,0,0,0,0,0,0,4,4,0,0,2,2,0,0,0,4,2,2,0,4,0,0,0
513771964,0,,,291,147,144,22,12,10,269,135,134,210,101,109,265,132,133,263,131,132,59,34,25,14,6,8,4,0,4,1,0,1,0,0,0,103,103,10,39,26,20,4,3,1,92,75,17,4,40,0,6,13
513771992,0,,,258,132,126,24,17,7,208,98,110,144,71,73,203,95,108,197,93,104,64,27,37,26,9,17,3,0,3,0,0,0,3,2,1,143,143,87,30,8,10,3,3,2,54,45,9,8,52,4,32,6
513772501,0,,,83,44,39,24,14,10,59,30,29,38,22,16,57,28,29,57,28,29,21,8,13,11,4,7,4,2,2,0,0,0,0,0,0,17,17,0,2,4,0,4,3,4,17,7,10,6,14,0,0,0
513772503,0,,,191,95,96,25,13,12,166,82,84,119,60,59,155,76,79,154,76,78,47,22,25,18,6,12,8,1,7,1,0,1,1,0,1,49,49,2,8,12,13,5,6,3,46,28,18,6,28,0,1,3
513772504,0,,,102,51,51,12,7,5,89,43,46,63,32,31,85,41,44,84,40,44,26,11,15,10,3,7,2,0,2,0,0,0,2,0,2,29,29,3,5,7,9,1,2,2,26,16,10,1,15,0,2,3
513772513,2,513772514,,9,5,4,*,*,*,*,*,*,*,*,*,*,*,*,*,*,*,*,*,*,*,*,*,*,*,*,*,*,*,*,*,*,3,3,*,*,*,*,*,*,*,*,*,*,*,*,*,*,*
513772514,1,,513772513,132,45,87,7,3,4,134,47,87,22,13,9,133,46,87,133,46,87,112,34,78,96,26,70,64,13,51,13,2,11,0,0,0,15,14,1,7,6,1,0,1,1,16,11,5,2,14,0,1,6
513772601,1,,513772603,130,67,63,31,16,15,101,53,48,70,35,35,98,51,47,96,50,46,31,18,13,15,9,6,5,2,3,0,0,0,2,2,0,30,30,3,5,6,5,4,4,5,29,16,13,7,19,2,1,2
513772602,0,,,85,43,42,6,5,1,79,38,41,50,24,26,78,37,41,76,36,40,29,14,15,20,9,11,9,4,5,0,0,0,2,2,0,21,21,1,3,7,2,3,2,3,19,9,10,3,18,0,1,2
513772603,2,513772601,,2,2,0,*,*,*,*,*,*,*,*,*,*,*,*,*,*,*,*,*,*,*,*,*,*,*,*,*,*,*,*,*,*,2,2,*,*,*,*,*,*,*,*,*,*,*,*,*,*,*
513772604,0,,,49,24,25,12,5,7,37,19,18,25,13,12,37,19,18,37,19,18,12,6,6,5,2,3,1,0,1,0,0,0,1,0,1,16,16,3,4,1,6,1,1,0,13,9,4,5,8,0,2,1
513772612,1,,513772614,133,72,61,12,6,6,124,66,58,85,45,40,122,65,57,122,65,57,39,21,18,18,9,9,5,2,3,0,0,0,0,0,0,41,41,4,14,9,8,3,3,2,38,29,9,2,24,0,2,5
513772613,0,,,71,31,40,5,2,3,66,29,37,46,20,26,62,28,34,60,27,33,20,9,11,9,4,5,5,1,4,1,1,0,1,0,1,19,19,2,3,4,5,1,2,2,17,8,9,2,11,0,1,1
513772614,2,513772612,,7,3,4,*,*,*,*,*,*,*,*,*,*,*,*,*,*,*,*,*,*,*,*,*,*,*,*,*,*,*,*,*,*,2,2,*,*,*,*,*,*,*,*,*,*,*,*,*,*,*
513772621,0,,,134,67,67,11,4,7,116,59,57,74,37,37,112,59,53,111,59,52,42,22,20,21,9,12,12,4,8,1,0,1,0,0,0,41,41,5,9,11,9,4,1,2,35,24,11,2,27,0,1,4
513772622,0,,,63,32,31,9,5,4,51,25,26,32,16,16,46,23,23,46,23,23,19,9,10,7,2,5,3,1,2,1,1,0,0,0,0,14,14,0,0,6,2,2,2,2,13,5,8,1,10,0,0,0
513772624,0,,,126,65,61,14,11,3,112,54,58,71,35,36,110,53,57,110,53,57,41,19,22,24,11,13,5,2,3,0,0,0,2,1,1,43,43,4,15,13,5,4,1,1,39,30,9,3,27,0,1,5
513772633,0,,,74,44,30,10,5,5,64,39,25,42,26,16,62,37,25,60,35,25,22,13,9,12,7,5,3,3,0,0,0,0,3,2,1,25,25,7,4,6,3,2,2,1,18,11,7,4,15,3,4,2
513772634,0,,,73,33,40,6,4,2,59,26,33,40,16,24,54,25,29,53,25,28,19,10,9,12,5,7,4,1,3,0,0,0,0,0,0,16,16,1,2,0,4,4,3,2,12,2,10,1,12,0,0,0
513772701,2,513772702,,4,2,2,*,*,*,*,*,*,*,*,*,*,*,*,*,*,*,*,*,*,*,*,*,*,*,*,*,*,*,*,*,*,2,2,*,*,*,*,*,*,*,*,*,*,*,*,*,*,*
513772702,1,,513772701;513772703,53,31,22,10,9,1,46,24,22,26,14,12,46,24,22,46,24,22,20,10,10,5,4,1,0,0,0,0,0,0,1,0,1,22,22,8,9,5,3,0,1,0,18,16,2,4,12,1,1,6
513772703,2,513772702,,2,1,1,*,*,*,*,*,*,*,*,*,*,*,*,*,*,*,*,*,*,*,*,*,*,*,*,*,*,*,*,*,*,2,2,*,*,*,*,*,*,*,*,*,*,*,*,*,*,*
513772704,0,,,93,48,45,9,3,6,72,38,34,39,23,16,72,38,34,72,38,34,33,15,18,13,6,7,7,2,5,0,0,0,1,0,1,31,31,6,8,7,7,2,0,1,23,17,6,2,18,1,0,5
513772711,0,,,93,47,46,20,11,9,73,36,37,52,26,26,72,35,37,70,33,37,21,10,11,9,2,7,5,1,4,0,0,0,0,0,0,25,25,5,3,3,6,3,2,3,20,12,8,6,14,0,4,1
513772712,0,,,122,52,70,19,6,13,103,46,57,69,31,38,102,46,56,101,45,56,34,15,19,10,2,8,6,0,6,0,0,0,3,0,3,31,31,2,9,3,3,7,5,2,28,15,13,3,21,0,1,4
513772713,0,,,32,11,21,4,1,3,22,6,16,18,5,13,22,6,16,22,6,16,4,1,3,3,1,2,2,1,1,0,0,0,4,0,4,19,19,13,1,3,2,0,0,0,5,4,1,2,3,1,1,0
513772714,0,,,294,138,156,34,11,23,260,127,133,182,90,92,249,121,128,242,119,123,78,37,41,32,13,19,9,2,7,0,0,0,0,0,0,92,92,11,23,25,18,7,5,3,81,59,22,5,50,0,8,6
513772721,2,513772723,,5,2,3,*,*,*,*,*,*,*,*,*,*,*,*,*,*,*,*,*,*,*,*,*,*,*,*,*,*,*,*,*,*,1,1,*,*,*,*,*,*,*,*,*,*,*,*,*,*,*
513772722,2,513772723,,2,0,2,*,*,*,*,*,*,*,*,*,*,*,*,*,*,*,*,*,*,*,*,*,*,*,*,*,*,*,*,*,*,2,2,*,*,*,*,*,*,*,*,*,*,*,*,*,*,*
513772723,1,,513772721;513772722,170,77,93,30,16,14,137,56,81,103,40,63,127,50,77,124,49,75,34,16,18,12,5,7,3,2,1,0,0,0,7,3,4,81,81,32,27,13,9,2,1,0,49,44,5,7,29,1,16,2
513772731,0,,,12,7,5,0,0,0,12,7,5,6,4,2,12,7,5,12,7,5,6,3,3,1,0,1,0,0,0,0,0,0,0,0,0,5,5,1,1,3,0,0,0,0,4,4,0,0,4,0,1,0
513772732,0,,,149,80,69,9,3,6,131,70,61,88,47,41,127,67,60,124,64,60,43,23,20,24,14,10,10,5,5,2,1,1,1,0,1,44,44,10,8,9,3,5,4,5,32,16,16,3,30,0,4,5
513772734,0,,,26,14,12,0,0,0,26,14,12,14,7,7,25,13,12,25,13,12,12,7,5,6,4,2,1,0,1,1,0,1,0,0,0,9,9,1,4,0,3,1,0,0,8,4,4,0,8,0,1,1
513772741,0,,,159,84,75,11,8,3,140,71,69,103,53,50,136,69,67,130,67,63,37,18,19,16,5,11,4,2,2,0,0,0,0,0,0,51,51,4,17,12,10,3,5,0,43,30,13,2,24,0,3,3
513772742,0,,,117,58,59,18,7,11,96,49,47,58,28,30,95,49,46,94,49,45,38,21,17,20,9,11,10,4,6,1,1,0,1,0,1,41,41,7,15,7,7,2,0,3,31,22,9,6,22,1,2,6
513772743,0,,,24,12,12,2,1,1,20,10,10,15,8,7,20,10,10,20,10,10,5,2,3,4,2,2,0,0,0,0,0,0,0,0,0,6,6,1,1,0,2,0,1,1,4,0,4,1,3,0,0,0
513772744,1,,513772841;513772843,67,33,34,9,3,6,59,29,30,41,20,21,54,27,27,53,26,27,18,9,9,10,4,6,5,3,2,1,1,0,4,0,4,13,13,6,0,2,1,2,4,3,11,2,9,2,10,3,1,0
513772751,0,,,107,53,54,15,12,3,92,41,51,61,27,34,89,39,50,86,37,49,31,14,17,19,9,10,3,1,2,0,0,0,1,0,1,34,34,3,10,7,7,7,0,0,31,23,8,3,19,0,1,7
513772753,0,,,266,140,126,26,15,11,240,125,115,170,91,79,233,124,109,231,124,107,70,34,36,27,13,14,6,2,4,0,0,0,2,0,2,89,89,11,24,27,14,8,5,0,78,63,15,6,41,2,3,9
513772754,0,,,174,90,84,28,15,13,146,75,71,109,57,52,142,73,69,142,73,69,37,18,19,22,7,15,9,5,4,1,0,1,0,0,0,43,43,4,3,11,9,8,3,5,39,16,23,9,26,0,1,2
513772763,0,,,143,73,70,11,5,6,123,63,60,90,47,43,115,60,55,110,58,52,33,16,17,18,9,9,3,1,2,0,0,0,0,0,0,38,38,2,6,11,9,4,2,4,34,21,13,0,20,0,1,0
513772764,0,,,60,33,27,8,6,2,52,27,25,37,19,18,49,25,24,48,25,23,15,8,7,13,6,7,3,1,2,1,0,1,0,0,0,15,15,3,2,1,4,0,2,3,12,5,7,1,10,0,1,2
513772801,2,513772803,,3,2,1,*,*,*,*,*,*,*,*,*,*,*,*,*,*,*,*,*,*,*,*,*,*,*,*,*,*,*,*,*,*,2,2,*,*,*,*,*,*,*,*,*,*,*,*,*,*,*
513772802,0,,,72,37,35,10,4,6,58,30,28,43,24,19,58,30,28,54,28,26,15,6,9,3,1,2,1,0,1,0,0,0,0,0,0,28,28,6,9,5,7,1,0,0,21,18,3,4,9,1,1,2
513772803,1,,513772801,21,11,10,0,0,0,24,13,11,13,6,7,24,13,11,24,13,11,11,7,4,8,4,4,3,2,1,0,0,0,0,0,0,7,7,1,4,2,1,1,0,0,8,7,1,0,8,0,1,1
513772804,0,,,17,9,8,0,0,0,12,6,6,6,2,4,11,6,5,10,6,4,6,4,2,4,3,1,1,1,0,0,0,0,0,0,0,6,6,2,1,1,0,2,0,0,3,2,1,0,4,0,2,1
513772811,2,513772812,,1,0,1,*,*,*,*,*,*,*,*,*,*,*,*,*,*,*,*,*,*,*,*,*,*,*,*,*,*,*,*,*,*,1,1,*,*,*,*,*,*,*,*,*,*,*,*,*,*,*
513772812,1,,513772811,115,59,56,25,12,13,89,46,43,62,34,28,83,41,42,82,41,41,27,12,15,20,9,11,6,3,3,1,0,1,3,0,3,32,32,9,3,4,7,6,1,3,24,13,11,5,17,2,2,2
513772813,2,513772814,,6,3,3,*,*,*,*,*,*,*,*,*,*,*,*,*,*,*,*,*,*,*,*,*,*,*,*,*,*,*,*,*,*,2,2,*,*,*,*,*,*,*,*,*,*,*,*,*,*,*
513772814,1,,513772813,131,66,65,10,6,4,127,63,64,84,44,40,122,62,60,120,61,59,43,19,24,28,13,15,7,3,4,0,0,0,1,0,1,37,37,4,12,9,2,2,7,3,35,18,17,1,27,0,2,6
513772821,1,,513772822,15,7,8,3,3,0,17,6,11,13,4,9,15,5,10,14,4,10,4,2,2,1,1,0,0,0,0,0,0,0,0,0,0,5,5,0,3,2,2,0,0,0,7,7,0,0,2,0,0,1
513772822,2,513772821,,5,2,3,*,*,*,*,*,*,*,*,*,*,*,*,*,*,*,*,*,*,*,*,*,*,*,*,*,*,*,*,*,*,2,2,*,*,*,*,*,*,*,*,*,*,*,*,*,*,*
513772823,0,,,109,55,54,12,4,8,97,51,46,64,33,31,90,47,43,88,46,42,33,18,15,17,8,9,4,1,3,1,0,1,1,0,1,32,32,4,9,6,4,3,4,2,27,19,8,3,21,0,3,5
513772824,0,,,187,97,90,13,8,5,174,89,85,129,70,59,171,88,83,167,85,82,45,19,26,30,9,21,8,1,7,1,1,0,0,0,0,53,53,4,14,10,13,4,4,4,49,32,17,2,29,0,1,3
513772832,1,,513772834,32,16,16,7,2,5,255,84,171,15,8,7,255,84,171,255,84,171,240,76,164,211,57,154,147,27,120,28,0,28,0,0,0,8,8,0,4,3,0,3,1,0,11,7,4,2,9,0,0,3
513772833,0,,,66,37,29,13,8,5,53,29,24,37,22,15,51,27,24,51,27,24,16,7,9,8,3,5,3,1,2,1,0,1,0,0,0,19,19,1,5,6,3,2,0,2,18,13,5,5,10,0,1,2
513772834,2,513772832,,230,70,160,*,*,*,*,*,*,*,*,*,*,*,*,*,*,*,*,*,*,*,*,*,*,*,*,*,*,*,*,*,*,6,3,*,*,*,*,*,*,*,*,*,*,*,*,*,*,*
513772841,2,513772744,,4,1,3,*,*,*,*,*,*,*,*,*,*,*,*,*,*,*,*,*,*,*,*,*,*,*,*,*,*,*,*,*,*,4,4,*,*,*,*,*,*,*,*,*,*,*,*,*,*,*
513772843,2,513772744,,1,0,1,*,*,*,*,*,*,*,*,*,*,*,*,*,*,*,*,*,*,*,*,*,*,*,*,*,*,*,*,*,*,1,1,*,*,*,*,*,*,*,*,*,*,*,*,*,*,*
513772851,2,513772852,,11,5,6,*,*,*,*,*,*,*,*,*,*,*,*,*,*,*,*,*,*,*,*,*,*,*,*,*,*,*,*,*,*,3,3,*,*,*,*,*,*,*,*,*,*,*,*,*,*,*
513772852,1,,513772851,16,9,7,2,1,1,25,13,12,17,11,6,22,10,12,22,10,12,8,2,6,8,2,6,1,0,1,0,0,0,0,0,0,4,4,1,0,2,2,0,2,0,6,1,5,1,6,0,1,0
513772853,2,513772854,,7,2,5,*,*,*,*,*,*,*,*,*,*,*,*,*,*,*,*,*,*,*,*,*,*,*,*,*,*,*,*,*,*,2,2,*,*,*,*,*,*,*,*,*,*,*,*,*,*,*
513772854,1,,513772853,12,7,5,0,0,0,11,6,5,6,4,2,11,6,5,11,6,5,5,2,3,2,1,1,0,0,0,0,0,0,0,0,0,3,3,0,0,2,2,1,0,0,3,2,1,0,3,0,0,0
513772861,1,,513772863,17,10,7,1,1,0,26,15,11,15,9,6,25,14,11,24,13,11,11,6,5,4,3,1,1,1,0,0,0,0,0,0,0,5,5,0,2,1,1,2,1,0,7,5,2,1,6,0,0,1
513772862,1,,513772864,117,58,59,10,4,6,112,57,55,67,37,30,110,56,54,108,55,53,45,20,25,30,11,19,21,8,13,1,0,1,0,0,0,30,30,3,5,6,7,4,2,4,28,9,19,3,27,0,2,1
513772863,2,513772861,,10,6,4,*,*,*,*,*,*,*,*,*,*,*,*,*,*,*,*,*,*,*,*,*,*,*,*,*,*,*,*,*,*,2,2,*,*,*,*,*,*,*,*,*,*,*,*,*,*,*
513772864,2,513772862,,5,3,2,*,*,*,*,*,*,*,*,*,*,*,*,*,*,*,*,*,*,*,*,*,*,*,*,*,*,*,*,*,*,1,1,*,*,*,*,*,*,*,*,*,*,*,*,*,*,*
513772871,0,,,109,51,58,10,3,7,99,48,51,55,29,26,97,47,50,95,46,49,44,19,25,27,11,16,7,1,6,1,0,1,0,0,0,30,30,0,6,10,7,5,0,2,30,14,16,2,25,0,0,4
513772872,0,,,66,32,34,2,0,2,64,32,32,30,19,11,64,32,32,64,32,32,34,13,21,22,9,13,6,1,5,0,0,0,1,0,1,26,26,4,13,4,3,0,2,0,22,15,7,0,22,0,4,4
513772873,0,,,23,13,10,0,0,0,19,10,9,12,6,6,19,10,9,19,10,9,7,4,3,4,2,2,2,1,1,0,0,0,0,0,0,6,6,0,2,0,2,1,1,0,5,3,2,0,4,0,0,0
513772874,0,,,95,44,51,5,4,1,88,39,49,54,26,28,86,39,47,85,38,47,34,13,21,16,4,12,10,2,8,0,0,0,0,0,0,27,27,2,7,5,7,2,2,2,25,15,10,2,22,0,0,4
513772881,0,,,32,17,15,8,5,3,20,10,10,10,6,4,20,10,10,20,10,10,10,4,6,4,1,3,2,0,2,0,0,0,0,0,0,8,8,0,3,0,1,2,2,0,7,5,2,1,5,0,0,1
513772883,0,,,74,41,33,9,5,4,65,36,29,50,29,21,61,33,28,59,33,26,15,7,8,4,3,1,1,0,1,0,0,0,3,1,2,26,26,3,9,6,5,3,0,0,23,22,1,2,9,0,0,4
513772884,0,,,179,94,85,28,14,14,149,78,71,92,52,40,144,76,68,142,76,66,57,26,31,21,10,11,6,2,4,1,0,1,2,1,1,49,49,4,8,17,9,2,5,4,45,28,17,4,37,0,2,1
513772893,0,,,70,31,39,5,2,3,65,29,36,43,19,24,62,28,34,58,26,32,22,10,12,11,4,7,3,1,2,0,0,0,0,0,0,22,22,2,5,7,6,0,1,1,20,15,5,2,14,1,1,5
513772894,0,,,105,53,52,15,9,6,90,44,46,69,33,36,88,43,45,83,42,41,21,11,10,7,4,3,2,1,1,0,0,0,1,0,1,38,38,7,9,12,7,2,1,0,31,29,2,5,14,0,4,3
513772901,0,,,267,148,119,32,17,15,230,127,103,159,92,67,220,120,100,217,119,98,71,35,36,33,15,18,10,4,6,0,0,0,0,0,0,111,111,39,32,21,8,5,2,4,71,58,13,11,45,5,6,17
513772902,0,,,378,181,197,68,33,35,304,144,160,195,95,100,297,141,156,292,140,152,109,49,60,55,22,33,19,5,14,0,0,0,1,0,1,136,136,36,30,28,23,13,3,3,97,71,26,21,68,3,14,15
513772903,0,,,138,68,70,26,16,10,108,51,57,73,38,35,102,47,55,100,45,55,35,13,22,22,7,15,4,0,4,0,0,0,0,0,0,43,43,3,12,12,7,7,2,0,39,31,8,8,23,0,2,6
513772904,0,,,816,409,407,168,86,82,633,315,318,459,224,235,615,307,308,607,303,304,174,91,83,89,42,47,29,12,17,2,0,2,6,0,6,261,260,32,65,67,54,27,7,8,220,180,40,49,118,1,21,23
513772911,0,,,405,216,189,36,14,22,341,184,157,273,152,121,327,177,150,324,175,149,68,32,36,23,9,14,6,2,4,1,1,0,11,3,8,190,190,86,44,29,21,5,3,2,99,87,12,13,48,9,14,11
513772912,0,,,232,114,118,22,10,12,204,99,105,138,67,71,203,99,104,202,98,104,66,32,34,41,16,25,18,5,13,4,1,3,1,0,1,113,112,66,19,16,9,0,2,0,44,40,4,8,25,24,11,6
513772913,0,,,764,416,348,86,54,32,634,336,298,473,262,211,618,329,289,604,319,285,161,74,87,73,28,45,17,6,11,0,0,0,18,10,8,354,354,152,90,58,31,12,4,7,194,169,25,24,112,16,31,33
513772914,0,,,1637,860,777,210,113,97,1324,682,642,981,513,468,1289,669,620,1265,654,611,343,169,174,152,62,90,38,9,29,1,0,1,20,5,15,775,775,352,175,117,88,31,8,4,404,360,44,62,243,30,91,63
513772921,0,,,622,310,312,99,43,56,500,252,248,361,186,175,483,240,243,473,235,238,139,66,73,70,31,39,19,9,10,1,0,1,15,3,12,246,246,83,61,40,36,13,8,5,158,131,27,26,96,17,29,22
513772922,0,,,97,53,44,15,10,5,82,43,39,64,36,28,75,39,36,69,35,34,18,7,11,9,4,5,2,0,2,0,0,0,0,0,0,28,28,5,4,8,2,5,2,2,23,17,6,1,12,0,3,1
513772923,0,,,765,412,353,88,46,42,653,350,303,462,257,205,636,338,298,622,329,293,191,93,98,99,47,52,21,8,13,1,0,1,18,6,12,312,312,101,85,54,44,16,8,4,206,175,31,25,123,13,15,36
513772924,0,,,80,38,42,12,4,8,68,34,34,37,18,19,65,32,33,63,31,32,31,16,15,11,6,5,1,0,1,0,0,0,0,0,0,29,29,7,12,0,6,1,1,2,22,18,4,4,19,1,3,11
513772931,0,,,49,27,22,3,0,3,46,27,19,23,16,7,45,26,19,43,24,19,23,11,12,9,3,6,7,3,4,0,0,0,0,0,0,16,16,1,6,3,4,1,1,0,15,13,2,0,12,0,1,3
513772932,0,,,16,10,6,0,0,0,16,10,6,9,5,4,15,9,6,15,9,6,7,5,2,2,1,1,2,1,1,0,0,0,1,0,1,6,6,0,4,1,0,1,0,0,6,5,1,0,4,0,0,1
513772933,0,,,308,150,158,61,30,31,245,119,126,161,78,83,233,113,120,231,113,118,84,41,43,46,22,24,10,4,6,2,1,1,0,0,0,92,92,6,28,19,20,10,6,3,85,63,22,12,52,0,5,15
513772934,0,,,62,32,30,4,3,1,58,29,29,34,17,17,55,27,28,54,27,27,24,12,12,16,7,9,5,1,4,0,0,0,0,0,0,21,21,5,4,5,1,6,0,0,16,9,7,0,16,0,4,3
513772941,2,513772943,,6,3,3,*,*,*,*,*,*,*,*,*,*,*,*,*,*,*,*,*,*,*,*,*,*,*,*,*,*,*,*,*,*,3,3,*,*,*,*,*,*,*,*,*,*,*,*,*,*,*
513772942,0,,,78,45,33,9,6,3,69,39,30,40,24,16,67,39,28,64,37,27,29,15,14,12,7,5,5,2,3,2,2,0,0,0,0,25,25,5,5,6,5,1,2,1,20,12,8,2,16,0,3,2
513772943,1,,513772941,362,170,192,45,20,25,323,153,170,215,105,110,313,149,164,307,147,160,108,48,60,49,18,31,16,3,13,1,0,1,1,0,1,105,105,14,25,23,21,12,4,9,94,55,39,9,70,0,9,8
513772951,1,,513772952,39,20,19,11,4,7,36,19,17,27,17,10,36,19,17,36,19,17,9,2,7,4,1,3,1,0,1,0,0,0,2,2,0,17,17,8,4,2,5,0,1,0,12,9,3,4,6,3,1,0
513772952,2,513772951,,9,4,5,*,*,*,*,*,*,*,*,*,*,*,*,*,*,*,*,*,*,*,*,*,*,*,*,*,*,*,*,*,*,3,3,*,*,*,*,*,*,*,*,*,*,*,*,*,*,*
513772953,0,,,39,23,16,7,5,2,32,18,14,26,15,11,30,17,13,30,17,13,6,3,3,2,1,1,1,1,0,0,0,0,0,0,0,12,12,2,2,3,3,1,0,1,10,8,2,1,5,0,0,0
513772954,1,,513772961;513772962,24,10,14,6,2,4,30,14,16,16,8,8,30,14,16,30,14,16,14,6,8,8,3,5,3,1,2,0,0,0,0,0,0,7,7,0,3,2,2,0,0,2,8,4,4,2,8,0,0,1
513772961,2,513772954,,3,2,1,*,*,*,*,*,*,*,*,*,*,*,*,*,*,*,*,*,*,*,*,*,*,*,*,*,*,*,*,*,*,1,1,*,*,*,*,*,*,*,*,*,*,*,*,*,*,*
513772962,2,513772954,,9,4,5,*,*,*,*,*,*,*,*,*,*,*,*,*,*,*,*,*,*,*,*,*,*,*,*,*,*,*,*,*,*,1,1,*,*,*,*,*,*,*,*,*,*,*,*,*,*,*
513772971,2,513772972,,1,0,1,*,*,*,*,*,*,*,*,*,*,*,*,*,*,*,*,*,*,*,*,*,*,*,*,*,*,*,*,*,*,1,1,*,*,*,*,*,*,*,*,*,*,*,*,*,*,*
513772972,1,,513772971,9,5,4,2,1,1,8,4,4,3,2,1,8,4,4,8,4,4,5,2,3,3,1,2,1,0,1,0,0,0,0,0,0,3,3,1,1,1,1,0,0,0,3,3,0,1,3,0,1,1
513772973,2,513772974,,2,1,1,*,*,*,*,*,*,*,*,*,*,*,*,*,*,*,*,*,*,*,*,*,*,*,*,*,*,*,*,*,*,1,1,*,*,*,*,*,*,*,*,*,*,*,*,*,*,*
513772974,1,,513772973,22,10,12,4,2,2,20,9,11,11,5,6,19,9,10,19,9,10,9,4,5,2,1,1,0,0,0,0,0,0,0,0,0,5,5,0,1,3,0,0,1,1,6,3,3,0,5,0,0,1
513772981,2,513772983,,8,3,5,*,*,*,*,*,*,*,*,*,*,*,*,*,*,*,*,*,*,*,*,*,*,*,*,*,*,*,*,*,*,2,2,*,*,*,*,*,*,*,*,*,*,*,*,*,*,*
513772982,2,513772983,,15,6,9,*,*,*,*,*,*,*,*,*,*,*,*,*,*,*,*,*,*,*,*,*,*,*,*,*,*,*,*,*,*,3,3,*,*,*,*,*,*,*,*,*,*,*,*,*,*,*
513772983,1,,513772981;513772982,10,7,3,6,3,3,27,13,14,24,12,12,26,12,14,25,12,13,3,1,2,2,0,2,0,0,0,0,0,0,0,0,0,4,4,2,0,0,5,1,1,0,7,5,2,1,3,0,1,0
513772991,0,,,137,69,68,20,10,10,112,56,56,75,39,36,108,53,55,104,51,53,37,17,20,22,9,13,8,3,5,2,1,1,4,3,1,39,39,3,10,8,10,3,2,3,35,24,11,3,22,2,0,5
513772992,0,,,115,56,59,21,8,13,94,48,46,65,32,33,94,48,46,92,46,46,29,16,13,12,6,6,1,1,0,0,0,0,3,0,3,42,42,7,12,13,5,5,0,0,35,31,4,9,18,0,3,5
513772993,0,,,98,53,45,11,9,2,83,42,41,65,33,32,70,35,35,69,34,35,18,9,9,9,3,6,1,1,0,0,0,0,1,0,1,31,31,3,7,10,6,3,2,0,27,21,6,3,12,0,0,3
513773902,0,,,32,13,19,2,1,1,30,12,18,18,8,10,28,11,17,27,11,16,12,4,8,6,3,3,1,0,1,0,0,0,0,0,0,11,11,2,4,2,0,2,1,0,9,5,4,0,8,0,1,2
513773903,0,,,136,66,70,15,8,7,121,58,63,77,38,39,120,58,62,118,57,61,44,20,24,32,15,17,10,7,3,1,1,0,3,1,2,39,39,6,7,15,2,3,1,5,33,19,14,4,28,0,2,3
513773904,0,,,288,143,145,37,17,20,251,126,125,146,75,71,245,124,121,242,123,119,105,51,54,56,24,32,18,8,10,2,1,1,9,4,5,79,79,7,20,13,16,10,7,6,70,39,31,9,60,0,6,16
513773911,2,513773914,,8,4,4,*,*,*,*,*,*,*,*,*,*,*,*,*,*,*,*,*,*,*,*,*,*,*,*,*,*,*,*,*,*,1,1,*,*,*,*,*,*,*,*,*,*,*,*,*,*,*
513773912,2,513773914,,7,2,5,*,*,*,*,*,*,*,*,*,*,*,*,*,*,*,*,*,*,*,*,*,*,*,*,*,*,*,*,*,*,1,1,*,*,*,*,*,*,*,*,*,*,*,*,*,*,*
513773913,2,513773914,,6,2,4,*,*,*,*,*,*,*,*,*,*,*,*,*,*,*,*,*,*,*,*,*,*,*,*,*,*,*,*,*,*,3,3,*,*,*,*,*,*,*,*,*,*,*,*,*,*,*
513773914,1,,513773911;513773912;513773913,186,88,98,44,20,24,163,76,87,101,50,51,160,75,85,155,73,82,62,26,36,27,12,15,11,3,8,0,0,0,0,0,0,45,45,3,10,10,5,8,6,8,47,25,22,14,35,0,3,5
513773923,1,,513773933,198,98,100,24,7,17,173,90,83,94,53,41,167,84,83,164,83,81,79,37,42,30,15,15,10,5,5,0,0,0,2,1,1,62,62,10,21,8,9,6,7,2,51,36,15,5,49,0,8,14
513773933,2,513773923,,1,1,0,*,*,*,*,*,*,*,*,*,*,*,*,*,*,*,*,*,*,*,*,*,*,*,*,*,*,*,*,*,*,1,1,*,*,*,*,*,*,*,*,*,*,*,*,*,*,*
513775983,0,,,404,179,225,27,12,15,377,167,210,229,105,124,366,162,204,358,160,198,148,62,86,66,28,38,17,4,13,0,0,0,20,11,9,170,170,47,59,33,19,8,4,0,122,99,23,5,103,0,29,19
513775984,0,,,657,305,352,39,20,19,614,283,331,337,164,173,596,275,321,588,272,316,277,119,158,145,65,80,31,11,20,2,0,2,64,31,33,329,329,126,116,62,16,5,4,0,199,187,12,9,212,0,94,53
513775993,0,,,667,342,325,39,21,18,626,319,307,371,204,167,608,307,301,597,302,295,255,115,140,134,59,75,39,13,26,0,0,0,41,25,16,280,280,85,90,57,26,11,6,5,193,163,30,10,179,1,55,42
513776804,0,,,300,135,165,18,5,13,282,130,152,169,85,84,272,126,146,263,123,140,113,45,68,62,23,39,16,3,13,3,0,3,23,12,11,126,126,31,48,26,15,3,2,1,95,85,10,0,79,0,22,15
513776812,0,,,92,48,44,9,5,4,83,43,40,51,29,22,80,42,38,79,41,38,32,14,18,11,5,6,5,2,3,0,0,0,7,3,4,33,33,7,8,6,10,1,1,0,26,22,4,1,20,0,4,4
513776813,0,,,1067,547,520,102,60,42,961,485,476,567,305,262,930,470,460,914,463,451,394,180,214,231,101,130,38,15,23,3,1,2,95,41,54,457,457,141,137,94,58,25,1,1,313,265,48,19,277,4,90,75
513776814,0,,,1649,801,848,235,120,115,1414,681,733,850,433,417,1360,649,711,1324,628,696,564,248,316,327,150,177,52,24,28,0,0,0,360,165,195,631,631,119,230,134,96,35,12,5,507,437,70,57,374,0,79,117
513776821,0,,,134,59,75,10,3,7,124,56,68,52,24,28,120,54,66,118,53,65,72,32,40,45,21,24,9,5,4,0,0,0,6,3,3,59,59,18,25,6,4,4,2,0,41,31,10,3,51,0,14,17
513776823,0,,,393,185,208,24,16,8,369,169,200,163,70,93,357,166,191,349,161,188,206,99,107,120,56,64,25,10,15,0,0,0,11,3,8,218,218,113,63,23,12,5,2,0,104,87,17,2,167,0,98,28
513776824,0,,,181,105,76,13,9,4,168,96,72,102,60,42,166,94,72,163,91,72,66,36,30,36,19,17,7,4,3,2,2,0,2,2,0,69,69,15,23,17,8,2,3,1,53,42,11,5,38,0,5,11
513776844,2,513776853,,8,5,3,*,*,*,*,*,*,*,*,*,*,*,*,*,*,*,*,*,*,*,*,*,*,*,*,*,*,*,*,*,*,2,2,*,*,*,*,*,*,*,*,*,*,*,*,*,*,*
513776853,1,,513776844,82,48,34,6,3,3,79,47,32,48,32,16,78,47,31,77,46,31,31,15,16,16,5,11,4,1,3,1,0,1,0,0,0,30,30,6,10,6,5,4,1,0,25,18,7,1,19,0,1,4
513776901,0,,,37,22,15,5,4,1,32,18,14,22,12,10,32,18,14,32,18,14,10,6,4,3,2,1,0,0,0,0,0,0,0,0,0,17,17,4,8,3,2,0,0,0,13,11,2,1,7,0,2,3
513776902,0,,,175,75,100,18,9,9,157,66,91,92,41,51,151,66,85,150,66,84,65,25,40,28,11,17,7,0,7,0,0,0,28,12,16,83,83,30,29,15,6,2,0,1,53,48,5,3,49,1,21,10
513776904,0,,,34,17,17,0,0,0,34,17,17,26,14,12,31,16,15,30,15,15,8,3,5,7,3,4,1,1,0,0,0,0,0,0,0,10,10,1,1,2,5,1,0,0,9,5,4,0,6,0,1,0
513776911,0,,,483,227,256,53,25,28,430,202,228,276,134,142,418,196,222,402,189,213,154,68,86,86,37,49,19,12,7,0,0,0,120,57,63,226,226,75,89,30,21,10,1,0,150,144,6,8,121,0,49,25
513776912,0,,,200,104,96,27,17,10,173,87,86,125,65,60,166,85,81,159,79,80,48,22,26,22,10,12,2,1,1,0,0,0,10,2,8,68,68,6,24,18,9,10,1,0,61,54,7,9,32,0,4,9
513776913,0,,,220,112,108,32,20,12,188,92,96,119,59,60,183,90,93,182,89,93,69,33,36,35,16,19,10,4,6,1,0,1,1,0,1,72,71,10,20,16,15,6,2,2,60,43,17,4,44,0,8,11
513776914,0,,,254,126,128,28,15,13,226,111,115,141,72,69,217,106,111,212,104,108,85,39,46,45,20,25,17,6,11,2,1,1,6,4,2,82,82,9,32,9,17,7,6,2,72,49,23,5,54,0,6,14
513776921,0,,,150,75,75,15,9,6,135,66,69,77,39,38,130,64,66,127,64,63,58,27,31,26,11,15,9,3,6,0,0,0,7,3,4,49,49,6,13,15,9,1,3,2,43,29,14,3,38,0,5,9
513776922,0,,,34,14,20,2,0,2,32,14,18,20,9,11,32,14,18,31,14,17,12,5,7,8,3,5,2,0,2,0,0,0,1,1,0,10,10,2,1,4,0,1,1,1,8,6,2,1,8,0,1,1
513776923,0,,,89,43,46,4,1,3,85,42,43,45,22,23,82,41,41,81,41,40,40,20,20,20,9,11,2,1,1,1,0,1,1,0,1,33,33,2,15,8,7,1,0,0,31,26,5,1,23,1,0,8
513776924,0,,,222,110,112,30,11,19,192,99,93,108,58,50,187,95,92,184,93,91,84,41,43,41,21,20,11,5,6,0,0,0,0,0,0,80,80,14,31,10,15,4,6,0,65,52,13,4,52,0,11,19
513776932,0,,,52,12,40,2,1,1,50,11,39,39,7,32,49,11,38,48,10,38,11,4,7,2,0,2,1,0,1,0,0,0,29,0,29,37,37,32,1,0,3,0,1,0,5,3,2,0,7,17,3,1
513776934,0,,,114,56,58,7,2,5,107,54,53,40,25,15,105,52,53,105,52,53,67,29,38,44,15,29,19,5,14,2,0,2,1,0,1,35,34,5,15,6,6,1,1,0,29,21,8,0,25,0,2,11
513776941,2,513776944,,1,0,1,*,*,*,*,*,*,*,*,*,*,*,*,*,*,*,*,*,*,*,*,*,*,*,*,*,*,*,*,*,*,1,1,*,*,*,*,*,*,*,*,*,*,*,*,*,*,*
513776942,0,,,91,44,47,4,0,4,86,43,43,36,21,15,85,42,43,82,40,42,50,22,28,19,8,11,5,2,3,0,0,0,1,0,1,35,35,7,12,10,3,0,3,0,28,22,6,1,29,0,3,7
513776943,0,,,280,92,188,4,1,3,276,91,185,30,15,15,274,90,184,273,90,183,246,76,170,220,59,161,136,28,108,35,7,28,0,0,0,21,17,3,6,3,2,2,0,1,13,11,2,1,11,0,2,3
513776944,1,,513776941,133,66,67,12,5,7,121,60,61,69,35,34,117,58,59,113,55,58,52,25,27,20,8,12,6,1,5,0,0,0,6,4,2,47,47,10,15,9,7,5,1,1,37,27,10,2,31,0,6,10
513776951,0,,,153,71,82,4,4,0,143,64,79,82,34,48,140,62,78,140,62,78,61,30,31,24,9,15,8,2,6,2,0,2,18,0,18,69,69,27,16,13,10,3,0,0,41,29,12,1,36,14,4,8
513776953,0,,,100,50,50,8,6,2,85,41,44,51,26,25,81,38,43,79,37,42,34,15,19,17,6,11,6,1,5,1,0,1,2,0,2,35,35,8,8,8,5,5,0,1,25,16,9,1,21,0,4,3
513776962,2,513776963,,5,1,4,*,*,*,*,*,*,*,*,*,*,*,*,*,*,*,*,*,*,*,*,*,*,*,*,*,*,*,*,*,*,1,1,*,*,*,*,*,*,*,*,*,*,*,*,*,*,*
513776963,1,,513776962;513776964;513776973;513776994,6,3,3,2,0,2,27,12,15,14,7,7,26,11,15,25,11,14,13,5,8,5,2,3,1,0,1,1,0,1,0,0,0,3,3,2,2,4,0,1,1,0,8,6,2,1,8,0,1,1
513776964,2,513776963,,10,5,5,*,*,*,*,*,*,*,*,*,*,*,*,*,*,*,*,*,*,*,*,*,*,*,*,*,*,*,*,*,*,3,3,*,*,*,*,*,*,*,*,*,*,*,*,*,*,*
513776973,2,513776963,,3,1,2,*,*,*,*,*,*,*,*,*,*,*,*,*,*,*,*,*,*,*,*,*,*,*,*,*,*,*,*,*,*,1,1,*,*,*,*,*,*,*,*,*,*,*,*,*,*,*
513776994,2,513776963,,5,2,3,*,*,*,*,*,*,*,*,*,*,*,*,*,*,*,*,*,*,*,*,*,*,*,*,*,*,*,*,*,*,2,2,*,*,*,*,*,*,*,*,*,*,*,*,*,*,*
513777903,0,,,101,54,47,15,7,8,86,47,39,58,32,26,82,47,35,78,44,34,28,15,13,17,10,7,4,2,2,0,0,0,10,5,5,31,31,6,7,7,4,4,2,1,25,17,8,3,19,0,3,3
513777904,0,,,13,7,6,1,0,1,12,7,5,7,5,2,11,6,5,11,6,5,5,2,3,1,0,1,0,0,0,0,0,0,0,0,0,4,4,1,1,0,1,0,1,0,3,2,1,0,4,0,1,1
