KEY_CODE,HTKSYORI,HTKSAKI,GASSAN,T001141001,T001141002,T001141003,T001141004,T001141005,T001141006,T001141007,T001141008,T001141009,T001141010,T001141011,T001141012,T001141013,T001141014,T001141015,T001141016,T001141017,T001141018,T001141019,T001141020,T001141021,T001141022,T001141023,T001141024,T001141025,T001141026,T001141027,T001141028,T001141029,T001141030,T001141031,T001141032,T001141033,T001141034,T001141035,T001141036,T001141037,T001141038,T001141039,T001141040,T001141041,T001141042,T001141043,T001141044,T001141045,T001141046,T001141047,T001141048,T001141049,T001141050
,,,,　人口（総数）,　人口（総数）　男,　人口（総数）　女,　０〜１４歳人口　総数,　０〜１４歳人口　男,　０〜１４歳人口　女,　１５歳以上人口　総数,　１５歳以上人口　男,　１５歳以上人口　女,　１５〜６４歳人口　総数,　１５〜６４歳人口　男,　１５〜６４歳人口　女,　１８歳以上人口　総数,　１８歳以上人口　男,　１８歳以上人口　女,　２０歳以上人口　総数,　２０歳以上人口　男,　２０歳以上人口　女,　６５歳以上人口　総数,　６５歳以上人口　男,　６５歳以上人口　女,　７５歳以上人口　総数,　７５歳以上人口　男,　７５歳以上人口　女,　８５歳以上人口　総数,　８５歳以上人口　男,　８５歳以上人口　女,　９５歳以上人口　総数,　９５歳以上人口　男,　９５歳以上人口　女,　外国人人口　総数,　外国人人口　男,　外国人人口　女,　世帯総数,　一般世帯数,　１人世帯数　一般世帯数,　２人世帯数　一般世帯数,　３人世帯数　一般世帯数,　４人世帯数　一般世帯数,　５人世帯数　一般世帯数,　６人世帯数　一般世帯数,　７人以上世帯数　一般世帯数,　親族のみの世帯数　一般世帯数,　核家族世帯数　一般世帯数,　核家族以外の世帯数　一般世帯数,　６歳未満世帯員のいる世帯数　一般世帯数,　６５歳以上世帯員のいる世帯数　一般世帯数,　世帯主の年齢が２０〜２９歳の１人世帯数　一般世帯数,　高齢単身世帯数　一般世帯数,　高齢夫婦世帯数　一般世帯数
402706443,0,,,99,57,42,18,14,4,81,43,38,52,27,25,79,42,37,79,42,37,29,16,13,16,7,9,1,0,1,0,0,0,1,0,1,48,48,25,11,3,4,3,2,0,22,19,3,5,23,0,15,6
402706444,0,,,150,81,69,22,14,8,128,67,61,65,34,31,128,67,61,126,65,61,63,33,30,20,12,8,6,4,2,0,0,0,2,1,1,71,71,24,30,8,5,2,2,0,46,40,6,8,44,0,12,18
402706502,0,,,25,15,10,4,3,1,21,12,9,16,9,7,19,11,8,17,10,7,5,3,2,4,2,2,0,0,0,0,0,0,0,0,0,9,9,3,1,2,2,0,1,0,6,6,0,0,3,0,1,0
402706503,0,,,9,4,5,0,0,0,9,4,5,4,2,2,9,4,5,9,4,5,5,2,3,4,2,2,0,0,0,0,0,0,0,0,0,5,5,1,4,0,0,0,0,0,4,4,0,0,3,0,1,2
402706504,0,,,115,61,54,12,8,4,103,53,50,49,28,21,103,53,50,102,52,50,54,25,29,36,15,21,13,5,8,1,0,1,0,0,0,53,53,15,22,11,2,3,0,0,38,33,5,4,35,0,10,12
402706511,0,,,12,4,8,1,0,1,11,4,7,6,2,4,11,4,7,11,4,7,5,2,3,5,2,3,1,1,0,0,0,0,0,0,0,5,5,0,4,0,1,0,0,0,5,5,0,0,3,0,0,1
402706512,0,,,21,9,12,3,0,3,18,9,9,8,4,4,18,9,9,18,9,9,10,5,5,5,2,3,3,1,2,0,0,0,0,0,0,10,10,3,5,1,0,1,0,0,7,7,0,1,5,0,0,3
402706513,0,,,110,60,50,15,9,6,95,51,44,48,25,23,94,51,43,94,51,43,47,26,21,20,9,11,8,4,4,1,0,1,0,0,0,52,52,17,25,3,2,4,1,0,34,30,4,4,33,0,13,7
402706514,0,,,20,10,10,2,1,1,18,9,9,6,3,3,18,9,9,18,9,9,12,6,6,9,5,4,4,2,2,0,0,0,0,0,0,11,11,4,6,0,1,0,0,0,7,7,0,0,8,0,4,4
402706521,2,402706523,,7,3,4,*,*,*,*,*,*,*,*,*,*,*,*,*,*,*,*,*,*,*,*,*,*,*,*,*,*,*,*,*,*,4,4,*,*,*,*,*,*,*,*,*,*,*,*,*,*,*
402706522,0,,,8,4,4,0,0,0,8,4,4,1,0,1,8,4,4,8,4,4,7,4,3,6,3,3,1,1,0,0,0,0,0,0,0,4,4,0,4,0,0,0,0,0,4,4,0,0,4,0,0,4
402706523,1,,402706521,12,6,6,2,1,1,17,8,9,6,3,3,17,8,9,17,8,9,11,5,6,7,4,3,3,2,1,0,0,0,1,0,1,5,5,2,4,3,0,0,0,0,7,5,2,1,6,0,1,3
402706532,0,,,114,61,53,20,10,10,94,51,43,58,33,25,91,48,43,90,47,43,36,18,18,18,10,8,10,6,4,1,0,1,1,0,1,50,50,15,18,10,5,0,1,1,35,35,0,6,23,0,9,10
402706534,0,,,167,78,89,22,10,12,145,68,77,94,45,49,142,67,75,141,67,74,51,23,28,32,14,18,10,5,5,0,0,0,0,0,0,78,78,27,30,11,6,2,1,1,51,47,4,2,34,6,10,13
402706541,0,,,552,262,290,108,48,60,444,214,230,281,142,139,439,212,227,434,210,224,163,72,91,80,26,54,29,8,21,0,0,0,3,0,3,238,238,75,83,33,30,12,4,1,160,138,22,34,112,6,38,34
402706542,0,,,369,203,166,60,37,23,309,166,143,195,110,85,302,162,140,302,162,140,114,56,58,48,20,28,17,6,11,1,0,1,0,0,0,193,193,98,47,26,14,5,3,0,93,83,10,20,81,9,35,21
402706543,0,,,326,170,156,53,28,25,273,142,131,169,90,79,268,141,127,266,140,126,104,52,52,54,24,30,14,4,10,1,0,1,1,1,0,158,158,65,53,21,5,12,2,0,93,88,5,15,70,10,20,23
402706544,0,,,515,256,259,74,41,33,441,215,226,259,142,117,436,215,221,432,213,219,182,73,109,98,33,65,49,14,35,0,0,0,1,0,1,237,237,90,80,29,22,7,8,1,146,129,17,21,122,9,43,31
402706551,0,,,60,29,31,13,6,7,47,23,24,32,17,15,46,22,24,46,22,24,15,6,9,5,1,4,3,0,3,0,0,0,0,0,0,23,23,7,5,5,4,1,0,1,16,11,5,5,10,0,4,1
402706552,2,402706553,,14,9,5,*,*,*,*,*,*,*,*,*,*,*,*,*,*,*,*,*,*,*,*,*,*,*,*,*,*,*,*,*,*,3,3,*,*,*,*,*,*,*,*,*,*,*,*,*,*,*
402706553,1,,402706552,87,46,41,22,15,7,79,40,39,59,30,29,77,39,38,77,39,38,20,10,10,4,1,3,1,1,0,1,1,0,0,0,0,42,42,19,12,5,5,3,0,1,24,23,1,6,16,1,7,3
402706554,0,,,60,34,26,4,3,1,56,31,25,28,16,12,56,31,25,55,30,25,28,15,13,12,6,6,4,1,3,1,0,1,0,0,0,29,29,10,12,5,1,0,0,1,18,15,3,1,20,1,7,6
402706561,2,402706563,,33,6,27,*,*,*,*,*,*,*,*,*,*,*,*,*,*,*,*,*,*,*,*,*,*,*,*,*,*,*,*,*,*,3,2,*,*,*,*,*,*,*,*,*,*,*,*,*,*,*
402706563,1,,402706561;402706661,12,6,6,1,1,0,45,11,34,8,5,3,45,11,34,45,11,34,37,6,31,35,5,30,26,4,22,10,0,10,0,0,0,8,8,7,2,2,0,0,0,0,4,3,1,0,6,0,4,0
402706611,0,,,47,29,18,8,6,2,39,23,16,33,19,14,38,22,16,37,22,15,6,4,2,2,1,1,0,0,0,0,0,0,0,0,0,20,20,4,11,2,0,3,0,0,16,15,1,2,5,0,2,1
402706612,0,,,12,7,5,2,1,1,10,6,4,6,4,2,10,6,4,10,6,4,4,2,2,2,1,1,1,0,1,1,0,1,0,0,0,5,5,2,0,2,1,0,0,0,3,3,0,1,3,0,2,0
402706614,1,,402706623,26,12,14,8,4,4,21,9,12,16,8,8,21,9,12,21,9,12,5,1,4,5,1,4,5,1,4,0,0,0,0,0,0,10,10,3,5,2,0,2,0,0,9,9,0,1,4,0,3,1
402706623,2,402706614,,3,1,2,*,*,*,*,*,*,*,*,*,*,*,*,*,*,*,*,*,*,*,*,*,*,*,*,*,*,*,*,*,*,2,2,*,*,*,*,*,*,*,*,*,*,*,*,*,*,*
402706631,0,,,46,22,24,5,2,3,41,20,21,29,15,14,39,19,20,39,19,20,12,5,7,3,1,2,2,1,1,0,0,0,0,0,0,18,18,2,8,6,1,0,1,0,16,16,0,1,8,0,1,3
402706632,0,,,221,101,120,41,14,27,180,87,93,120,58,62,176,84,92,174,83,91,60,29,31,22,10,12,7,2,5,1,0,1,3,2,1,90,90,22,29,21,12,6,0,0,66,59,7,12,43,2,14,11
402706634,0,,,12,7,5,1,0,1,11,7,4,10,6,4,11,7,4,11,7,4,1,1,0,0,0,0,0,0,0,0,0,0,2,2,0,7,7,3,3,1,0,0,0,0,4,4,0,1,1,2,0,1
402706641,0,,,248,114,134,26,9,17,222,105,117,123,64,59,220,104,116,219,104,115,99,41,58,48,16,32,21,5,16,2,1,1,7,0,7,122,122,49,36,25,8,4,0,0,67,61,6,8,73,1,34,11
402706642,0,,,388,199,189,62,35,27,326,164,162,185,98,87,324,164,160,321,161,160,141,66,75,67,27,40,27,7,20,0,0,0,3,2,1,176,176,55,64,36,10,9,2,0,121,108,13,19,97,0,31,34
402706644,0,,,52,22,30,6,0,6,46,22,24,25,12,13,45,21,24,45,21,24,21,10,11,10,3,7,6,1,5,0,0,0,1,0,1,26,26,10,9,5,1,1,0,0,16,13,3,2,15,1,4,6
402706651,2,402706653,,7,3,4,*,*,*,*,*,*,*,*,*,*,*,*,*,*,*,*,*,*,*,*,*,*,*,*,*,*,*,*,*,*,3,3,*,*,*,*,*,*,*,*,*,*,*,*,*,*,*
402706652,0,,,18,9,9,0,0,0,18,9,9,9,4,5,18,9,9,18,9,9,9,5,4,2,1,1,0,0,0,0,0,0,0,0,0,10,10,4,5,0,1,0,0,0,6,6,0,0,7,0,2,2
402706653,1,,402706651,32,19,13,2,2,0,37,20,17,19,11,8,37,20,17,37,20,17,18,9,9,8,2,6,2,0,2,0,0,0,0,0,0,15,15,4,9,3,2,0,0,0,12,10,2,0,14,0,4,1
402706661,2,402706563,,1,0,1,*,*,*,*,*,*,*,*,*,*,*,*,*,*,*,*,*,*,*,*,*,*,*,*,*,*,*,*,*,*,1,1,*,*,*,*,*,*,*,*,*,*,*,*,*,*,*
402706712,0,,,10,4,6,0,0,0,10,4,6,4,2,2,10,4,6,10,4,6,6,2,4,5,1,4,3,1,2,0,0,0,0,0,0,5,5,2,1,2,0,0,0,0,3,2,1,0,4,0,1,0
402706721,0,,,57,28,29,5,5,0,52,23,29,26,13,13,52,23,29,52,23,29,26,10,16,18,7,11,5,2,3,1,0,1,0,0,0,27,27,6,16,2,2,1,0,0,21,20,1,2,20,1,4,6
402706723,0,,,26,15,11,1,1,0,25,14,11,14,8,6,25,14,11,25,14,11,11,6,5,8,3,5,5,2,3,1,0,1,0,0,0,15,15,7,6,1,1,0,0,0,7,5,2,1,10,0,5,1
402706751,0,,,15,8,7,0,0,0,15,8,7,8,5,3,15,8,7,15,8,7,7,3,4,3,1,2,2,0,2,0,0,0,0,0,0,9,9,4,4,1,0,0,0,0,3,3,0,0,5,0,2,2
402707011,0,,,69,40,29,9,5,4,60,35,25,26,17,9,58,33,25,57,32,25,34,18,16,14,5,9,10,3,7,0,0,0,1,1,0,32,32,12,12,3,4,0,0,1,20,16,4,2,21,0,8,6
402707012,0,,,92,54,38,20,14,6,71,39,32,42,22,20,69,37,32,68,36,32,29,17,12,8,4,4,2,0,2,1,0,1,0,0,0,34,34,6,10,11,4,1,2,0,28,27,1,4,20,0,3,8
402707013,0,,,311,171,140,38,18,20,266,148,118,182,102,80,255,142,113,250,141,109,84,46,38,44,23,21,13,6,7,0,0,0,1,0,1,155,155,77,37,23,7,8,0,3,76,63,13,11,57,21,16,13
402707014,0,,,34,16,18,8,3,5,26,13,13,19,10,9,25,12,13,25,12,13,7,3,4,3,1,2,1,1,0,0,0,0,0,0,0,13,13,4,4,1,1,3,0,0,9,9,0,2,6,0,2,1
402707021,0,,,29,17,12,0,0,0,29,17,12,18,11,7,27,16,11,27,16,11,11,6,5,2,0,2,2,0,2,0,0,0,0,0,0,11,11,1,5,3,1,1,0,0,10,9,1,0,8,0,1,2
402707022,0,,,36,20,16,8,5,3,28,15,13,16,9,7,28,15,13,28,15,13,12,6,6,7,2,5,5,1,4,1,0,1,0,0,0,12,12,3,2,3,1,2,1,0,9,7,2,1,8,0,2,0
402707023,0,,,20,11,9,4,2,2,14,8,6,7,4,3,13,7,6,13,7,6,7,4,3,4,2,2,0,0,0,0,0,0,0,0,0,9,9,3,3,2,0,1,0,0,6,6,0,1,4,0,1,3
402707031,1,,402707033;402707034;402707041,11,6,5,1,1,0,20,10,10,12,6,6,19,10,9,19,10,9,8,4,4,4,1,3,1,0,1,0,0,0,0,0,0,6,6,4,5,1,1,0,0,0,7,7,0,1,7,0,2,0
402707033,2,402707031,,4,2,2,*,*,*,*,*,*,*,*,*,*,*,*,*,*,*,*,*,*,*,*,*,*,*,*,*,*,*,*,*,*,2,2,*,*,*,*,*,*,*,*,*,*,*,*,*,*,*
402707034,2,402707031,,5,2,3,*,*,*,*,*,*,*,*,*,*,*,*,*,*,*,*,*,*,*,*,*,*,*,*,*,*,*,*,*,*,2,2,*,*,*,*,*,*,*,*,*,*,*,*,*,*,*
402707041,2,402707031,,1,1,0,*,*,*,*,*,*,*,*,*,*,*,*,*,*,*,*,*,*,*,*,*,*,*,*,*,*,*,*,*,*,1,1,*,*,*,*,*,*,*,*,*,*,*,*,*,*,*
402707053,2,402707151,,5,3,2,*,*,*,*,*,*,*,*,*,*,*,*,*,*,*,*,*,*,*,*,*,*,*,*,*,*,*,*,*,*,3,3,*,*,*,*,*,*,*,*,*,*,*,*,*,*,*
402707071,2,402707074,,3,2,1,*,*,*,*,*,*,*,*,*,*,*,*,*,*,*,*,*,*,*,*,*,*,*,*,*,*,*,*,*,*,1,1,*,*,*,*,*,*,*,*,*,*,*,*,*,*,*
402707073,2,402707074,,5,3,2,*,*,*,*,*,*,*,*,*,*,*,*,*,*,*,*,*,*,*,*,*,*,*,*,*,*,*,*,*,*,1,1,*,*,*,*,*,*,*,*,*,*,*,*,*,*,*
402707074,1,,402707071;402707073,127,66,61,24,14,10,111,57,54,85,44,41,104,53,51,100,51,49,26,13,13,15,8,7,2,2,0,0,0,0,0,0,0,46,46,8,16,11,6,5,1,1,40,36,4,7,16,0,3,5
402707081,0,,,25,11,14,5,2,3,20,9,11,16,7,9,20,9,11,20,9,11,4,2,2,0,0,0,0,0,0,0,0,0,0,0,0,10,10,2,5,2,0,0,0,1,7,7,0,1,3,0,1,2
402707082,0,,,75,37,38,17,10,7,58,27,31,44,22,22,51,22,29,50,21,29,14,5,9,10,3,7,6,1,5,0,0,0,0,0,0,23,23,1,9,4,3,5,0,1,22,21,1,5,9,0,0,4
402707083,0,,,177,80,97,35,14,21,142,66,76,84,38,46,141,66,75,141,66,75,58,28,30,37,14,23,20,4,16,5,1,4,0,0,0,58,57,13,18,11,9,4,1,1,44,37,7,13,24,2,7,6
402707084,0,,,188,91,97,32,9,23,156,82,74,112,54,58,149,80,69,147,78,69,44,28,16,25,14,11,11,5,6,0,0,0,2,1,1,71,71,17,19,18,10,5,1,1,53,48,5,9,29,1,10,7
402707091,0,,,81,51,30,17,15,2,64,36,28,46,27,19,62,34,28,62,34,28,18,9,9,7,2,5,3,1,2,1,0,1,7,7,0,37,37,18,7,3,5,4,0,0,19,18,1,4,15,5,7,2
402707092,1,,402707094,13,8,5,0,0,0,19,13,6,7,6,1,19,13,6,19,13,6,12,7,5,2,0,2,2,0,2,0,0,0,0,0,0,6,6,4,3,3,0,0,0,0,6,6,0,0,9,0,3,0
402707093,0,,,37,18,19,0,0,0,37,18,19,24,12,12,35,18,17,34,17,17,13,6,7,6,2,4,3,0,3,1,0,1,0,0,0,16,16,3,7,4,2,0,0,0,13,11,2,0,10,0,2,2
402707094,2,402707092,,6,5,1,*,*,*,*,*,*,*,*,*,*,*,*,*,*,*,*,*,*,*,*,*,*,*,*,*,*,*,*,*,*,4,4,*,*,*,*,*,*,*,*,*,*,*,*,*,*,*
402707102,0,,,31,18,13,0,0,0,31,18,13,19,12,7,31,18,13,30,18,12,12,6,6,6,3,3,3,1,2,0,0,0,1,0,1,15,15,7,4,2,1,0,1,0,8,7,1,0,9,1,4,2
402707103,2,402707104,,2,0,2,*,*,*,*,*,*,*,*,*,*,*,*,*,*,*,*,*,*,*,*,*,*,*,*,*,*,*,*,*,*,1,1,*,*,*,*,*,*,*,*,*,*,*,*,*,*,*
402707104,1,,402707103,154,61,93,27,11,16,129,50,79,113,40,73,127,50,77,125,49,76,16,10,6,2,1,1,1,0,1,0,0,0,7,3,4,90,90,52,22,9,7,1,0,0,39,39,0,9,13,17,4,4
402707111,0,,,412,208,204,58,29,29,347,176,171,250,128,122,337,172,165,334,170,164,97,48,49,46,18,28,20,6,14,0,0,0,4,2,2,202,202,91,53,31,16,10,0,1,107,97,10,20,67,14,22,23
402707112,0,,,49,26,23,5,4,1,44,22,22,31,15,16,44,22,22,43,22,21,13,7,6,8,4,4,4,1,3,0,0,0,0,0,0,24,24,8,12,3,0,0,0,1,15,12,3,1,11,0,3,1
402707113,0,,,48,26,22,6,3,3,42,23,19,26,15,11,42,23,19,42,23,19,16,8,8,5,4,1,0,0,0,0,0,0,0,0,0,23,23,7,10,3,3,0,0,0,16,16,0,2,10,0,1,4
402707114,0,,,165,83,82,19,10,9,146,73,73,93,45,48,140,69,71,137,69,68,53,28,25,21,10,11,10,4,6,2,0,2,1,1,0,69,69,21,21,14,9,1,2,1,48,44,4,3,40,0,16,10
402707121,0,,,25,13,12,2,1,1,23,12,11,10,5,5,23,12,11,23,12,11,13,7,6,4,1,3,4,1,3,0,0,0,0,0,0,12,12,5,3,3,0,1,0,0,7,5,2,2,10,0,4,2
402707123,0,,,14,9,5,2,1,1,12,8,4,7,4,3,12,8,4,12,8,4,5,4,1,2,2,0,0,0,0,0,0,0,0,0,0,8,8,4,3,0,1,0,0,0,4,4,0,0,4,0,2,2
402707132,0,,,21,8,13,6,1,5,15,7,8,11,5,6,14,7,7,13,7,6,4,2,2,3,2,1,0,0,0,0,0,0,0,0,0,6,6,1,2,1,0,0,1,1,5,2,3,1,3,0,0,0
402707133,2,402707134,,5,3,2,*,*,*,*,*,*,*,*,*,*,*,*,*,*,*,*,*,*,*,*,*,*,*,*,*,*,*,*,*,*,2,2,*,*,*,*,*,*,*,*,*,*,*,*,*,*,*
402707134,1,,402707133,14,10,4,0,0,0,19,13,6,9,7,2,19,13,6,19,13,6,10,6,4,4,3,1,2,2,0,0,0,0,0,0,0,6,6,2,3,1,2,0,0,0,6,5,1,0,5,1,0,2
402707143,2,402707241,,17,4,13,*,*,*,*,*,*,*,*,*,*,*,*,*,*,*,*,*,*,*,*,*,*,*,*,*,*,*,*,*,*,3,2,*,*,*,*,*,*,*,*,*,*,*,*,*,*,*
402707151,1,,402707053;402707153,56,31,25,11,7,4,53,29,24,33,17,16,52,29,23,52,29,23,20,12,8,2,1,1,0,0,0,0,0,0,1,1,0,26,26,12,12,3,3,0,0,1,18,18,0,4,12,0,3,8
402707153,2,402707151,,3,2,1,*,*,*,*,*,*,*,*,*,*,*,*,*,*,*,*,*,*,*,*,*,*,*,*,*,*,*,*,*,*,2,2,*,*,*,*,*,*,*,*,*,*,*,*,*,*,*
402707164,0,,,23,11,12,1,1,0,22,10,12,14,6,8,20,9,11,20,9,11,8,4,4,4,2,2,1,0,1,1,0,1,0,0,0,9,9,1,5,1,1,1,0,0,8,7,1,0,5,0,1,4
402707171,0,,,87,47,40,26,16,10,61,31,30,45,22,23,59,30,29,58,30,28,16,9,7,3,0,3,2,0,2,0,0,0,0,0,0,34,34,12,8,2,8,3,1,0,22,22,0,8,12,0,6,4
402707172,0,,,414,196,218,96,41,55,318,155,163,259,128,131,297,143,154,288,139,149,59,27,32,24,11,13,5,3,2,1,1,0,0,0,0,169,169,52,48,29,26,10,3,1,113,106,7,29,44,4,17,13
402707173,0,,,35,19,16,4,2,2,31,17,14,14,6,8,29,15,14,29,15,14,17,11,6,4,3,1,3,2,1,0,0,0,0,0,0,16,16,5,6,3,1,1,0,0,11,10,1,1,11,2,3,5
402707174,0,,,143,73,70,13,7,6,130,66,64,73,37,36,127,65,62,126,65,61,57,29,28,35,17,18,15,7,8,1,0,1,0,0,0,62,62,18,23,11,6,2,2,0,43,39,4,2,37,0,7,10
402707181,0,,,255,108,147,35,16,19,220,92,128,99,49,50,214,89,125,210,87,123,121,43,78,93,27,66,73,18,55,22,4,18,0,0,0,71,70,25,18,12,4,5,6,0,44,39,5,8,30,0,11,8
402707182,0,,,179,85,94,44,21,23,135,64,71,98,46,52,126,59,67,123,59,64,37,18,19,13,7,6,2,0,2,1,0,1,1,1,0,64,64,17,17,14,4,7,2,3,44,41,3,11,27,3,9,7
402707183,0,,,811,433,378,153,88,65,657,345,312,431,226,205,629,327,302,616,321,295,226,119,107,103,46,57,39,15,24,5,2,3,2,2,0,326,326,97,97,64,30,25,9,4,224,201,23,45,161,4,63,38
402707184,0,,,22,10,12,4,1,3,18,9,9,12,5,7,17,8,9,17,8,9,6,4,2,4,2,2,0,0,0,0,0,0,1,0,1,9,9,2,5,0,1,0,1,0,7,7,0,0,5,0,1,1
402707191,1,,402707193,63,24,39,11,2,9,65,26,39,42,16,26,62,26,36,61,26,35,23,10,13,10,4,6,4,1,3,0,0,0,0,0,0,25,25,8,15,2,2,3,0,1,23,21,2,2,16,0,4,5
402707192,2,402707194,,10,5,5,*,*,*,*,*,*,*,*,*,*,*,*,*,*,*,*,*,*,*,*,*,*,*,*,*,*,*,*,*,*,3,3,*,*,*,*,*,*,*,*,*,*,*,*,*,*,*
402707193,2,402707191,,13,4,9,*,*,*,*,*,*,*,*,*,*,*,*,*,*,*,*,*,*,*,*,*,*,*,*,*,*,*,*,*,*,6,6,*,*,*,*,*,*,*,*,*,*,*,*,*,*,*
402707194,1,,402707192,124,66,58,24,10,14,110,61,49,75,43,32,103,58,45,100,56,44,35,18,17,15,4,11,9,2,7,1,0,1,0,0,0,53,52,21,17,5,5,5,1,1,34,32,2,4,26,1,12,5
402707201,0,,,168,82,86,30,15,15,131,64,67,90,44,46,125,61,64,124,61,63,41,20,21,15,5,10,4,0,4,1,0,1,0,0,0,82,82,39,26,8,3,1,3,2,43,40,3,7,31,7,12,10
402707202,0,,,209,97,112,33,13,20,159,76,83,121,57,64,155,74,81,153,74,79,38,19,19,10,4,6,3,1,2,1,0,1,3,1,2,114,114,66,20,16,7,3,2,0,47,41,6,12,27,15,10,6
402707203,0,,,62,37,25,10,8,2,52,29,23,32,18,14,48,26,22,47,25,22,20,11,9,6,1,5,6,1,5,2,0,2,1,1,0,25,25,5,13,2,1,3,1,0,20,18,2,3,12,1,1,7
402707204,0,,,73,38,35,6,2,4,67,36,31,36,20,16,65,36,29,64,35,29,31,16,15,16,7,9,8,3,5,1,0,1,0,0,0,40,40,21,12,4,1,0,2,0,19,16,3,0,24,2,9,6
402707211,2,402707212,,9,6,3,*,*,*,*,*,*,*,*,*,*,*,*,*,*,*,*,*,*,*,*,*,*,*,*,*,*,*,*,*,*,4,4,*,*,*,*,*,*,*,*,*,*,*,*,*,*,*
402707212,1,,402707211,101,56,45,22,15,7,88,47,41,49,27,22,87,47,40,86,46,40,39,20,19,16,10,6,4,0,4,0,0,0,0,0,0,44,44,19,16,4,4,1,2,2,29,26,3,4,28,0,12,5
402707213,0,,,162,73,89,24,12,12,138,61,77,80,35,45,135,59,76,130,57,73,58,26,32,34,12,22,22,5,17,8,2,6,2,0,2,68,65,28,20,6,5,5,1,0,36,33,3,10,27,5,13,7
402707214,0,,,14,8,6,1,1,0,13,7,6,7,4,3,13,7,6,12,7,5,6,3,3,0,0,0,0,0,0,0,0,0,0,0,0,6,6,1,3,1,1,0,0,0,5,5,0,0,3,0,0,2
402707221,0,,,72,44,28,21,11,10,51,33,18,36,21,15,50,33,17,50,33,17,15,12,3,5,4,1,4,3,1,1,1,0,0,0,0,30,30,14,6,3,3,2,0,2,16,16,0,4,12,2,7,0
402707222,0,,,46,25,21,4,4,0,42,21,21,21,11,10,42,21,21,41,21,20,21,10,11,13,5,8,5,2,3,1,0,1,0,0,0,22,22,7,9,4,1,1,0,0,15,13,2,1,16,0,5,5
402707223,0,,,39,20,19,1,0,1,38,20,18,26,15,11,37,20,17,35,18,17,12,5,7,7,2,5,3,1,2,0,0,0,0,0,0,16,16,4,5,4,2,1,0,0,12,11,1,0,8,0,2,2
402707224,0,,,28,14,14,2,1,1,26,13,13,10,5,5,26,13,13,26,13,13,16,8,8,10,3,7,3,1,2,0,0,0,0,0,0,15,15,5,7,3,0,0,0,0,10,8,2,2,9,0,2,3
402707232,2,402707234,,1,1,0,*,*,*,*,*,*,*,*,*,*,*,*,*,*,*,*,*,*,*,*,*,*,*,*,*,*,*,*,*,*,1,0,*,*,*,*,*,*,*,*,*,*,*,*,*,*,*
402707234,1,,402707232,126,35,91,0,0,0,127,36,91,12,6,6,127,36,91,127,36,91,115,30,85,99,19,80,79,9,70,32,3,29,1,0,1,17,11,4,7,0,0,0,0,0,7,6,1,0,7,0,2,4
402707241,1,,402707143;402707242;402707243,12,7,5,3,0,3,137,55,82,16,10,6,137,55,82,137,55,82,121,45,76,104,32,72,74,15,59,22,5,17,0,0,0,7,7,7,4,1,2,0,0,0,7,5,2,0,10,0,4,2
402707242,2,402707241,,6,5,1,*,*,*,*,*,*,*,*,*,*,*,*,*,*,*,*,*,*,*,*,*,*,*,*,*,*,*,*,*,*,4,4,*,*,*,*,*,*,*,*,*,*,*,*,*,*,*
402707243,2,402707241,,105,39,66,*,*,*,*,*,*,*,*,*,*,*,*,*,*,*,*,*,*,*,*,*,*,*,*,*,*,*,*,*,*,2,1,*,*,*,*,*,*,*,*,*,*,*,*,*,*,*
402707251,2,402707253,,2,1,1,*,*,*,*,*,*,*,*,*,*,*,*,*,*,*,*,*,*,*,*,*,*,*,*,*,*,*,*,*,*,1,1,*,*,*,*,*,*,*,*,*,*,*,*,*,*,*
402707252,2,402707253,,3,2,1,*,*,*,*,*,*,*,*,*,*,*,*,*,*,*,*,*,*,*,*,*,*,*,*,*,*,*,*,*,*,1,1,*,*,*,*,*,*,*,*,*,*,*,*,*,*,*
402707253,1,,402707251;402707252,9,6,3,0,0,0,14,9,5,9,7,2,13,8,5,12,7,5,5,2,3,1,1,0,0,0,0,0,0,0,0,0,0,4,4,1,3,1,1,0,0,0,5,5,0,0,5,0,1,0
402707254,0,,,19,8,11,2,0,2,17,8,9,11,6,5,17,8,9,17,8,9,6,2,4,4,1,3,2,0,2,0,0,0,0,0,0,7,7,0,3,3,1,0,0,0,7,5,2,0,3,0,0,1
402707261,0,,,43,21,22,3,1,2,40,20,20,29,14,15,39,19,20,39,19,20,11,6,5,8,4,4,4,3,1,0,0,0,0,0,0,15,15,2,5,5,1,0,2,0,13,11,2,1,6,0,0,3
402707262,0,,,82,47,35,3,0,3,79,47,32,45,27,18,78,47,31,76,46,30,34,20,14,11,6,5,7,4,3,0,0,0,0,0,0,39,39,14,13,7,4,1,0,0,25,24,1,0,25,1,9,5
402707263,0,,,33,18,15,4,1,3,29,17,12,14,9,5,29,17,12,29,17,12,15,8,7,12,6,6,4,2,2,0,0,0,0,0,0,14,14,4,5,3,1,0,1,0,10,10,0,1,9,0,2,5
402707264,0,,,166,89,77,25,12,13,141,77,64,85,45,40,136,73,63,133,70,63,56,32,24,24,12,12,10,6,4,0,0,0,1,1,0,76,76,26,29,11,6,0,3,1,49,46,3,7,42,0,19,14
402707271,0,,,242,118,124,58,32,26,184,86,98,122,52,70,181,85,96,178,83,95,62,34,28,20,7,13,5,0,5,0,0,0,0,0,0,87,87,17,30,16,9,10,4,1,68,65,3,12,44,1,11,13
402707272,0,,,324,163,161,73,35,38,251,128,123,190,98,92,242,122,120,236,119,117,61,30,31,18,8,10,3,1,2,0,0,0,2,1,1,129,129,41,31,27,19,6,3,2,83,76,7,28,43,7,16,10
402707273,0,,,205,103,102,40,21,19,165,82,83,109,56,53,161,79,82,153,73,80,56,26,30,23,9,14,9,2,7,4,0,4,0,0,0,77,77,17,23,19,9,6,2,1,59,53,6,15,37,0,11,12
402707274,0,,,146,73,73,35,17,18,111,56,55,86,44,42,106,55,51,103,53,50,25,12,13,10,5,5,3,1,2,0,0,0,1,1,0,52,52,9,19,7,9,6,2,0,42,38,4,8,15,1,1,8
402707281,0,,,110,55,55,15,7,8,95,48,47,52,25,27,90,46,44,89,46,43,43,23,20,26,11,15,7,2,5,1,0,1,0,0,0,45,45,12,18,6,4,4,0,1,33,31,2,3,29,0,9,11
402707282,0,,,60,28,32,5,2,3,55,26,29,27,13,14,52,23,29,52,23,29,28,13,15,9,4,5,3,0,3,0,0,0,0,0,0,23,23,4,10,5,2,1,0,1,19,14,5,0,17,0,3,6
402707283,0,,,68,32,36,10,6,4,58,26,32,39,15,24,54,25,29,51,24,27,19,11,8,7,4,3,4,4,0,1,1,0,0,0,0,26,26,6,8,7,2,1,2,0,20,18,2,0,14,0,5,6
402707284,0,,,118,63,55,13,7,6,105,56,49,51,30,21,103,55,48,99,53,46,54,26,28,30,14,16,10,2,8,4,0,4,2,0,2,49,49,11,22,8,3,3,2,0,36,33,3,2,35,0,10,10
402707291,0,,,38,21,17,1,0,1,37,21,16,28,16,12,34,19,15,34,19,15,9,5,4,3,1,2,1,0,1,0,0,0,0,0,0,16,16,5,2,7,2,0,0,0,11,10,1,0,7,0,4,0
402707292,0,,,110,57,53,15,10,5,95,47,48,64,34,30,92,44,48,91,44,47,31,13,18,14,5,9,5,1,4,1,1,0,0,0,0,42,40,12,15,5,3,3,2,0,27,24,3,4,22,0,8,6
402707293,0,,,56,31,25,5,2,3,51,29,22,24,15,9,51,29,22,50,29,21,27,14,13,21,11,10,9,5,4,1,1,0,0,0,0,25,25,8,9,4,2,2,0,0,17,16,1,0,17,0,6,5
402707294,0,,,46,20,26,2,0,2,43,20,23,26,11,15,41,20,21,41,20,21,17,9,8,9,4,5,2,1,1,0,0,0,0,0,0,22,22,8,9,2,1,2,0,0,13,12,1,0,12,0,3,4
402707301,0,,,11,5,6,0,0,0,11,5,6,11,5,6,11,5,6,11,5,6,0,0,0,0,0,0,0,0,0,0,0,0,0,0,0,11,11,11,0,0,0,0,0,0,0,0,0,0,0,8,0,0
402707302,0,,,275,135,140,9,5,4,266,130,136,78,45,33,265,130,135,264,129,135,188,85,103,142,54,88,86,23,63,17,2,15,4,4,0,28,25,13,6,2,1,1,2,0,12,9,3,2,10,7,5,2
402707303,0,,,21,12,9,0,0,0,21,12,9,10,8,2,21,12,9,21,12,9,11,4,7,5,0,5,3,0,3,1,0,1,0,0,0,14,14,8,5,1,0,0,0,0,6,5,1,0,9,0,6,0
402707304,0,,,19,11,8,0,0,0,19,11,8,10,6,4,19,11,8,19,11,8,9,5,4,3,2,1,1,1,0,0,0,0,2,1,1,13,13,9,2,2,0,0,0,0,4,4,0,0,8,2,4,0
402707311,0,,,88,46,42,21,13,8,67,33,34,54,25,29,65,32,33,65,32,33,13,8,5,4,2,2,0,0,0,0,0,0,2,0,2,37,37,16,5,6,6,4,0,0,21,21,0,6,10,8,4,3
402707312,0,,,154,77,77,37,18,19,117,59,58,96,47,49,109,54,55,107,52,55,21,12,9,5,1,4,0,0,0,0,0,0,1,1,0,52,52,8,18,8,9,6,2,1,43,41,2,9,16,1,5,7
402707313,0,,,39,22,17,2,0,2,37,22,15,20,10,10,36,22,14,36,22,14,17,12,5,3,2,1,3,2,1,1,1,0,1,1,0,19,19,9,2,6,2,0,0,0,10,6,4,1,12,0,7,0
402707314,0,,,95,48,47,22,14,8,73,34,39,45,20,25,69,32,37,68,31,37,28,14,14,11,4,7,6,2,4,1,0,1,0,0,0,36,36,8,14,4,5,3,2,0,28,24,4,5,18,0,5,7
402707321,0,,,55,27,28,17,7,10,38,20,18,29,13,16,34,19,15,34,19,15,9,7,2,6,4,2,3,2,1,0,0,0,0,0,0,18,18,5,7,0,2,0,1,3,13,11,2,4,7,0,4,3
402707323,0,,,181,91,90,60,32,28,121,59,62,82,40,42,111,53,58,109,53,56,39,19,20,16,8,8,7,3,4,2,1,1,0,0,0,57,57,9,15,10,11,5,6,1,48,46,2,15,23,0,7,9
402707324,0,,,81,39,42,8,5,3,73,34,39,22,12,10,72,34,38,72,34,38,51,22,29,28,10,18,13,3,10,1,0,1,1,1,0,41,41,15,18,4,3,0,1,0,26,21,5,2,35,1,14,10
402707331,2,402707333,,2,1,1,*,*,*,*,*,*,*,*,*,*,*,*,*,*,*,*,*,*,*,*,*,*,*,*,*,*,*,*,*,*,1,1,*,*,*,*,*,*,*,*,*,*,*,*,*,*,*
402707332,2,402707333,,3,1,2,*,*,*,*,*,*,*,*,*,*,*,*,*,*,*,*,*,*,*,*,*,*,*,*,*,*,*,*,*,*,2,2,*,*,*,*,*,*,*,*,*,*,*,*,*,*,*
402707333,1,,402707331;402707332,160,83,77,14,9,5,151,76,75,63,30,33,149,75,74,148,75,73,88,46,42,44,18,26,23,7,16,2,0,2,0,0,0,81,81,39,25,11,5,2,1,1,45,36,9,1,63,0,30,13
402707341,2,402707342,,3,2,1,*,*,*,*,*,*,*,*,*,*,*,*,*,*,*,*,*,*,*,*,*,*,*,*,*,*,*,*,*,*,1,1,*,*,*,*,*,*,*,*,*,*,*,*,*,*,*
402707342,1,,402707341,50,23,27,8,4,4,45,21,24,26,13,13,43,21,22,40,20,20,19,8,11,12,5,7,2,0,2,0,0,0,0,0,0,20,20,7,5,5,2,1,0,1,13,10,3,2,13,0,5,3
402707343,0,,,58,28,30,8,1,7,50,27,23,28,17,11,49,27,22,48,26,22,22,10,12,6,3,3,1,0,1,0,0,0,0,0,0,25,25,8,8,4,3,2,0,0,17,17,0,3,16,0,8,4
402707344,0,,,165,67,98,45,18,27,120,49,71,72,31,41,116,46,70,114,45,69,48,18,30,22,5,17,13,2,11,3,1,2,1,0,1,55,54,7,18,14,8,6,0,1,47,43,4,9,22,0,3,8
402707351,0,,,133,65,68,21,9,12,112,56,56,63,30,33,111,56,55,111,56,55,49,26,23,22,13,9,10,6,4,0,0,0,2,1,1,61,61,19,28,6,2,5,0,1,40,38,2,4,35,0,14,11
402707352,0,,,55,31,24,9,5,4,46,26,20,30,17,13,45,25,20,44,25,19,16,9,7,10,6,4,5,2,3,0,0,0,0,0,0,24,24,8,10,3,1,0,1,1,16,15,1,2,12,0,4,3
402707353,0,,,231,105,126,24,11,13,207,94,113,106,51,55,198,93,105,196,93,103,101,43,58,47,15,32,26,8,18,3,0,3,0,0,0,108,108,35,48,11,5,7,2,0,72,62,10,6,67,0,20,22
402707354,0,,,87,42,45,8,6,2,79,36,43,48,22,26,75,34,41,74,34,40,31,14,17,15,7,8,6,2,4,1,0,1,1,1,0,36,36,9,13,7,4,3,0,0,27,24,3,1,24,0,7,5
402707361,0,,,283,143,140,38,15,23,245,128,117,191,104,87,169,81,88,157,74,83,54,24,30,17,4,13,11,2,9,2,0,2,2,0,2,82,80,21,25,15,8,8,3,0,57,50,7,10,39,1,13,8
402707362,0,,,36,16,20,4,3,1,32,13,19,20,8,12,32,13,19,32,13,19,12,5,7,6,2,4,3,0,3,0,0,0,1,1,0,18,18,7,7,2,1,1,0,0,11,11,0,0,9,0,4,3
402707363,0,,,200,101,99,38,20,18,162,81,81,95,47,48,158,79,79,156,78,78,67,34,33,25,12,13,8,2,6,2,0,2,1,0,1,92,92,34,32,10,8,8,0,0,57,49,8,11,52,1,24,11
402707364,0,,,68,35,33,12,4,8,56,31,25,34,19,15,55,31,24,51,29,22,22,12,10,14,6,8,7,2,5,1,0,1,3,3,0,30,29,13,9,3,2,1,1,0,16,15,1,2,11,2,6,2
402707371,1,,402707372,115,56,59,15,8,7,107,51,56,63,27,36,106,51,55,103,51,52,44,24,20,13,6,7,4,1,3,1,0,1,1,1,0,47,47,10,24,9,4,3,1,0,39,32,7,5,29,0,7,12
402707372,2,402707371,,7,3,4,*,*,*,*,*,*,*,*,*,*,*,*,*,*,*,*,*,*,*,*,*,*,*,*,*,*,*,*,*,*,4,4,*,*,*,*,*,*,*,*,*,*,*,*,*,*,*
402707381,1,,402707382,29,17,12,3,2,1,35,21,14,29,17,12,35,21,14,35,21,14,6,4,2,4,2,2,3,1,2,0,0,0,0,0,0,13,13,5,8,3,2,0,0,0,13,10,3,0,5,0,2,1
402707382,2,402707381,,9,6,3,*,*,*,*,*,*,*,*,*,*,*,*,*,*,*,*,*,*,*,*,*,*,*,*,*,*,*,*,*,*,5,5,*,*,*,*,*,*,*,*,*,*,*,*,*,*,*
402707401,0,,,91,45,46,12,5,7,79,40,39,31,16,15,78,40,38,78,40,38,48,24,24,22,7,15,5,1,4,3,1,2,1,0,1,45,45,17,18,5,3,1,1,0,27,24,3,4,35,0,15,10
402707402,0,,,103,55,48,23,12,11,80,43,37,44,25,19,78,43,35,77,42,35,36,18,18,19,8,11,6,2,4,0,0,0,0,0,0,39,39,13,12,3,1,7,3,0,26,21,5,6,26,0,8,5
402707403,0,,,61,31,30,4,2,2,57,29,28,25,12,13,56,28,28,56,28,28,32,17,15,11,3,8,2,0,2,0,0,0,2,2,0,32,32,12,15,1,4,0,0,0,20,18,2,2,25,0,9,7
402707404,0,,,55,28,27,4,1,3,51,27,24,25,13,12,51,27,24,50,26,24,26,14,12,10,4,6,2,1,1,0,0,0,0,0,0,25,25,5,14,3,2,1,0,0,20,17,3,0,16,0,4,10
402707411,0,,,45,24,21,9,4,5,36,20,16,24,13,11,34,18,16,33,17,16,12,7,5,2,2,0,0,0,0,0,0,0,0,0,0,18,18,7,3,4,1,2,1,0,11,10,1,0,8,0,2,3
402707412,0,,,67,31,36,10,3,7,57,28,29,44,21,23,56,28,28,54,27,27,13,7,6,6,4,2,4,2,2,0,0,0,0,0,0,28,28,8,8,6,5,1,0,0,20,20,0,4,9,0,2,3
402707421,0,,,16,9,7,0,0,0,16,9,7,6,2,4,16,9,7,16,9,7,10,7,3,3,2,1,1,0,1,0,0,0,0,0,0,9,9,5,2,1,1,0,0,0,4,4,0,0,8,0,4,1
402707422,0,,,21,12,9,0,0,0,21,12,9,12,7,5,20,12,8,20,12,8,9,5,4,6,3,3,3,1,2,0,0,0,0,0,0,10,10,4,1,5,0,0,0,0,6,5,1,0,7,0,2,0
402707431,0,,,51,27,24,1,1,0,50,26,24,27,14,13,49,25,24,49,25,24,23,12,11,11,5,6,7,2,5,0,0,0,0,0,0,29,29,13,10,6,0,0,0,0,15,14,1,0,17,0,7,4
402707432,0,,,24,9,15,5,1,4,19,8,11,10,4,6,19,8,11,19,8,11,9,4,5,4,2,2,2,0,2,0,0,0,0,0,0,13,13,7,3,2,0,1,0,0,6,5,1,0,8,0,4,2
402707441,0,,,568,310,258,89,55,34,479,255,224,281,148,133,452,243,209,449,242,207,198,107,91,92,39,53,38,12,26,4,1,3,2,1,1,247,247,83,81,40,23,13,4,3,164,133,31,18,148,0,57,25
402707442,0,,,25,15,10,5,3,2,20,12,8,15,9,6,18,10,8,18,10,8,5,3,2,1,1,0,0,0,0,0,0,0,0,0,0,9,9,2,3,1,2,0,1,0,7,7,0,1,4,0,1,2
402707451,2,402707452,,4,3,1,*,*,*,*,*,*,*,*,*,*,*,*,*,*,*,*,*,*,*,*,*,*,*,*,*,*,*,*,*,*,4,4,*,*,*,*,*,*,*,*,*,*,*,*,*,*,*
402707452,1,,402707451;402707453;402707454,35,18,17,10,5,5,35,18,17,25,13,12,34,18,16,32,16,16,10,5,5,5,2,3,1,0,1,0,0,0,1,1,0,11,11,7,2,1,4,3,0,0,10,8,2,3,10,0,5,0
402707453,2,402707452,,5,2,3,*,*,*,*,*,*,*,*,*,*,*,*,*,*,*,*,*,*,*,*,*,*,*,*,*,*,*,*,*,*,1,1,*,*,*,*,*,*,*,*,*,*,*,*,*,*,*
402707454,2,402707452,,1,0,1,*,*,*,*,*,*,*,*,*,*,*,*,*,*,*,*,*,*,*,*,*,*,*,*,*,*,*,*,*,*,1,1,*,*,*,*,*,*,*,*,*,*,*,*,*,*,*
402707461,0,,,83,44,39,14,8,6,69,36,33,41,21,20,66,34,32,64,33,31,28,15,13,10,6,4,2,1,1,0,0,0,0,0,0,34,34,10,13,3,3,4,1,0,24,16,8,4,20,0,7,5
402707462,0,,,174,88,86,33,19,14,141,69,72,80,37,43,137,68,69,136,68,68,61,32,29,25,11,14,15,4,11,1,1,0,0,0,0,72,72,21,27,14,3,1,3,3,51,44,7,4,40,0,12,13
402707463,2,402707464,,4,2,2,*,*,*,*,*,*,*,*,*,*,*,*,*,*,*,*,*,*,*,*,*,*,*,*,*,*,*,*,*,*,3,3,*,*,*,*,*,*,*,*,*,*,*,*,*,*,*
402707464,1,,402707463,12,6,6,0,0,0,16,8,8,10,4,6,16,8,8,16,8,8,6,4,2,1,1,0,0,0,0,0,0,0,1,1,0,8,8,6,5,0,0,0,0,0,5,5,0,0,4,0,1,2
402707471,0,,,33,17,16,3,2,1,30,15,15,18,8,10,30,15,15,29,14,15,12,7,5,4,2,2,2,1,1,0,0,0,0,0,0,14,14,3,6,3,1,1,0,0,11,10,1,0,8,0,2,2
402707501,0,,,19,10,9,1,1,0,18,9,9,15,8,7,17,9,8,17,9,8,3,1,2,0,0,0,0,0,0,0,0,0,0,0,0,12,12,9,1,0,2,0,0,0,3,3,0,0,3,0,3,0
402727943,0,,,67,38,29,9,5,4,58,33,25,41,24,17,57,33,24,57,33,24,17,9,8,6,3,3,1,0,1,0,0,0,0,0,0,33,33,13,12,4,2,2,0,0,19,18,1,4,13,0,4,3
402727944,0,,,88,49,39,1,1,0,87,48,39,49,31,18,87,48,39,85,47,38,38,17,21,19,7,12,8,2,6,0,0,0,2,2,0,57,57,31,23,1,2,0,0,0,26,23,3,0,25,6,10,11
402727953,0,,,12,7,5,0,0,0,12,7,5,6,3,3,12,7,5,12,7,5,6,4,2,2,1,1,0,0,0,0,0,0,0,0,0,6,6,3,1,1,1,0,0,0,3,3,0,0,5,0,3,1
402737041,2,402737042,,6,3,3,*,*,*,*,*,*,*,*,*,*,*,*,*,*,*,*,*,*,*,*,*,*,*,*,*,*,*,*,*,*,4,4,*,*,*,*,*,*,*,*,*,*,*,*,*,*,*
402737042,1,,402737041,54,28,26,8,3,5,52,28,24,34,19,15,51,28,23,51,28,23,18,9,9,9,4,5,5,2,3,1,0,1,0,0,0,27,27,11,15,3,1,0,1,0,20,19,1,2,14,0,4,6
402737053,0,,,24,7,17,0,0,0,24,7,17,0,0,0,24,7,17,24,7,17,24,7,17,24,7,17,23,7,16,8,2,6,0,0,0,1,0,0,0,0,0,0,0,0,0,0,0,0,0,0,0,0
402737054,1,,402737063,85,49,36,12,10,2,75,40,35,47,27,20,73,39,34,72,38,34,28,13,15,12,6,6,1,0,1,0,0,0,1,0,1,42,42,20,14,6,0,1,0,2,22,21,1,3,20,1,7,7
402737063,2,402737054,,2,1,1,*,*,*,*,*,*,*,*,*,*,*,*,*,*,*,*,*,*,*,*,*,*,*,*,*,*,*,*,*,*,1,1,*,*,*,*,*,*,*,*,*,*,*,*,*,*,*
402737134,0,,,44,27,17,9,4,5,35,23,12,23,17,6,35,23,12,33,21,12,12,6,6,3,1,2,2,0,2,0,0,0,0,0,0,20,20,11,2,3,1,2,1,0,9,8,1,2,9,1,5,2
402737143,1,,402737241,99,40,59,30,8,22,77,35,42,54,29,25,76,35,41,75,34,41,23,6,17,9,2,7,3,0,3,0,0,0,0,0,0,43,43,22,11,3,6,3,1,1,24,24,0,6,19,2,10,3
402737152,0,,,159,79,80,31,12,19,128,67,61,72,41,31,124,65,59,122,64,58,56,26,30,25,9,16,10,2,8,0,0,0,1,1,0,78,78,38,24,7,3,2,3,1,39,32,7,4,39,4,18,10
402737153,2,402737154,,3,3,0,*,*,*,*,*,*,*,*,*,*,*,*,*,*,*,*,*,*,*,*,*,*,*,*,*,*,*,*,*,*,3,3,*,*,*,*,*,*,*,*,*,*,*,*,*,*,*
402737154,1,,402737153,296,174,122,37,19,18,262,158,104,172,104,68,257,157,100,256,156,100,90,54,36,40,21,19,20,7,13,0,0,0,13,8,5,149,149,78,38,18,6,7,3,2,72,61,11,9,69,20,29,14
402737161,0,,,22,12,10,9,5,4,13,7,6,11,5,6,13,7,6,12,7,5,2,2,0,1,1,0,1,1,0,0,0,0,0,0,0,7,7,2,1,2,0,1,0,1,5,5,0,3,2,0,1,1
402737163,0,,,39,20,19,4,2,2,35,18,17,17,10,7,34,18,16,34,18,16,18,8,10,7,2,5,5,1,4,1,0,1,2,2,0,24,24,16,3,3,2,0,0,0,8,7,1,2,13,2,8,2
402737232,0,,,23,14,9,6,4,2,17,10,7,12,6,6,17,10,7,17,10,7,5,4,1,3,3,0,1,1,0,0,0,0,1,0,1,11,10,4,3,2,0,0,1,0,6,6,0,1,4,0,2,1
402737241,2,402737143,,8,3,5,*,*,*,*,*,*,*,*,*,*,*,*,*,*,*,*,*,*,*,*,*,*,*,*,*,*,*,*,*,*,4,4,*,*,*,*,*,*,*,*,*,*,*,*,*,*,*
402737252,0,,,108,58,50,28,14,14,80,44,36,54,31,23,78,42,36,77,41,36,26,13,13,14,5,9,3,0,3,0,0,0,2,0,2,46,46,19,13,4,3,4,2,1,27,26,1,9,20,2,8,5
402737253,2,402737254,,2,0,2,*,*,*,*,*,*,*,*,*,*,*,*,*,*,*,*,*,*,*,*,*,*,*,*,*,*,*,*,*,*,2,2,*,*,*,*,*,*,*,*,*,*,*,*,*,*,*
402737254,1,,402737253,12,8,4,0,0,0,14,8,6,11,7,4,14,8,6,13,7,6,3,1,2,2,0,2,2,0,2,0,0,0,0,0,0,7,7,5,3,1,0,0,0,0,4,3,1,0,3,0,2,0
402737343,2,402737353,,9,6,3,*,*,*,*,*,*,*,*,*,*,*,*,*,*,*,*,*,*,*,*,*,*,*,*,*,*,*,*,*,*,4,3,*,*,*,*,*,*,*,*,*,*,*,*,*,*,*
402737353,1,,402737343,121,70,51,16,10,6,114,66,48,84,50,34,108,61,47,102,58,44,30,16,14,15,6,9,3,2,1,0,0,0,1,0,1,50,50,17,19,4,6,4,3,0,35,28,7,5,24,1,7,3
402737451,0,,,39,22,17,7,5,2,32,17,15,20,10,10,31,17,14,31,17,14,12,7,5,10,5,5,4,2,2,0,0,0,0,0,0,18,18,9,4,1,2,1,1,0,9,6,3,1,10,1,4,0
402737932,0,,,29,14,15,5,2,3,24,12,12,16,8,8,22,12,10,22,12,10,8,4,4,2,2,0,0,0,0,0,0,0,0,0,0,14,14,7,4,1,1,0,0,1,7,6,1,0,5,0,1,2
402737934,0,,,11,5,6,2,0,2,9,5,4,6,3,3,8,5,3,8,5,3,3,2,1,1,1,0,0,0,0,0,0,0,0,0,0,5,5,2,2,0,0,1,0,0,3,3,0,0,3,0,2,0
402737943,0,,,46,19,27,11,1,10,35,18,17,31,16,15,35,18,17,35,18,17,4,2,2,4,2,2,1,0,1,1,0,1,1,0,1,23,23,11,4,5,3,0,0,0,11,11,0,2,3,4,1,1
402747053,2,402747153,,15,12,3,*,*,*,*,*,*,*,*,*,*,*,*,*,*,*,*,*,*,*,*,*,*,*,*,*,*,*,*,*,*,10,10,*,*,*,*,*,*,*,*,*,*,*,*,*,*,*
402747153,1,,402747053,92,59,33,12,10,2,95,61,34,63,41,22,95,61,34,95,61,34,32,20,12,14,8,6,8,3,5,0,0,0,0,0,0,41,41,17,19,11,2,1,1,0,33,28,5,1,23,0,7,5
402747251,0,,,90,50,40,12,7,5,78,43,35,50,30,20,78,43,35,78,43,35,28,13,15,17,7,10,9,3,6,0,0,0,1,0,1,36,36,9,11,8,5,3,0,0,27,20,7,3,20,1,3,4
402747252,1,,402747263;402747264,58,27,31,18,9,9,43,21,22,28,13,15,43,21,22,43,21,22,15,8,7,5,2,3,2,1,1,0,0,0,0,0,0,25,25,12,8,3,2,2,1,0,16,15,1,4,12,0,6,4
402747263,2,402747252,,2,2,0,*,*,*,*,*,*,*,*,*,*,*,*,*,*,*,*,*,*,*,*,*,*,*,*,*,*,*,*,*,*,2,2,*,*,*,*,*,*,*,*,*,*,*,*,*,*,*
402747264,2,402747252,,1,1,0,*,*,*,*,*,*,*,*,*,*,*,*,*,*,*,*,*,*,*,*,*,*,*,*,*,*,*,*,*,*,1,1,*,*,*,*,*,*,*,*,*,*,*,*,*,*,*
402747364,0,,,127,67,60,16,7,9,111,60,51,66,36,30,108,58,50,108,58,50,45,24,21,17,8,9,7,2,5,0,0,0,2,0,2,56,56,17,21,9,5,3,1,0,38,34,4,4,31,0,10,10
402747373,0,,,24,12,12,6,2,4,18,10,8,17,10,7,18,10,8,18,10,8,1,0,1,0,0,0,0,0,0,0,0,0,0,0,0,13,13,9,1,1,0,2,0,0,4,4,0,1,1,4,0,0
402747462,0,,,92,49,43,13,6,7,79,43,36,44,27,17,79,43,36,77,42,35,35,16,19,18,4,14,7,1,6,0,0,0,0,0,0,43,43,13,20,4,4,1,1,0,30,26,4,3,24,0,7,4
402747471,0,,,29,16,13,4,0,4,25,16,9,20,13,7,24,15,9,24,15,9,5,3,2,1,0,1,1,0,1,0,0,0,1,0,1,17,17,10,4,2,0,1,0,0,7,6,1,1,4,1,1,1
402747472,1,,402747473,10,6,4,0,0,0,15,8,7,11,6,5,15,8,7,15,8,7,4,2,2,2,0,2,1,0,1,0,0,0,1,0,1,4,4,3,4,0,1,0,0,0,5,4,1,0,4,1,0,1
402747473,2,402747472,,5,2,3,*,*,*,*,*,*,*,*,*,*,*,*,*,*,*,*,*,*,*,*,*,*,*,*,*,*,*,*,*,*,4,4,*,*,*,*,*,*,*,*,*,*,*,*,*,*,*
402747474,1,,402747483,140,70,70,30,16,14,120,59,61,76,43,33,119,58,61,117,57,60,44,16,28,36,10,26,21,4,17,10,0,10,1,1,0,57,55,30,16,5,4,3,2,1,30,26,4,7,19,4,6,5
402747483,2,402747474,,10,5,5,*,*,*,*,*,*,*,*,*,*,*,*,*,*,*,*,*,*,*,*,*,*,*,*,*,*,*,*,*,*,6,6,*,*,*,*,*,*,*,*,*,*,*,*,*,*,*
402747572,0,,,37,16,21,2,1,1,35,15,20,21,9,12,35,15,20,35,15,20,14,6,8,5,3,2,3,1,2,0,0,0,0,0,0,22,22,12,5,5,0,0,0,0,10,9,1,1,9,2,4,2
402747581,0,,,67,35,32,19,10,9,48,25,23,36,18,18,47,25,22,46,24,22,12,7,5,2,0,2,0,0,0,0,0,0,0,0,0,29,29,11,7,8,0,1,1,1,17,16,1,3,11,0,5,2
402747694,2,402747782,,4,2,2,*,*,*,*,*,*,*,*,*,*,*,*,*,*,*,*,*,*,*,*,*,*,*,*,*,*,*,*,*,*,2,2,*,*,*,*,*,*,*,*,*,*,*,*,*,*,*
402747781,2,402747782,,3,2,1,*,*,*,*,*,*,*,*,*,*,*,*,*,*,*,*,*,*,*,*,*,*,*,*,*,*,*,*,*,*,2,2,*,*,*,*,*,*,*,*,*,*,*,*,*,*,*
402747782,1,,402747694;402747781,136,72,64,26,9,17,117,67,50,69,35,34,115,67,48,114,67,47,48,32,16,22,12,10,8,5,3,1,1,0,1,0,1,61,61,26,20,8,8,1,0,2,39,37,2,4,38,2,15,12
402747784,0,,,13,8,5,0,0,0,13,8,5,5,2,3,13,8,5,13,8,5,8,6,2,5,3,2,1,1,0,0,0,0,0,0,0,9,9,5,4,0,0,0,0,0,4,4,0,0,6,0,3,2
402747791,1,,402747793,68,45,23,19,14,5,66,42,24,39,24,15,64,40,24,64,40,24,27,18,9,11,7,4,8,5,3,2,1,1,0,0,0,30,30,11,13,7,2,2,0,1,24,23,1,4,17,0,5,7
402747793,2,402747791,,17,11,6,*,*,*,*,*,*,*,*,*,*,*,*,*,*,*,*,*,*,*,*,*,*,*,*,*,*,*,*,*,*,6,6,*,*,*,*,*,*,*,*,*,*,*,*,*,*,*
