KEY_CODE,HTKSYORI,HTKSAKI,GASSAN,T001141001,T001141002,T001141003,T001141004,T001141005,T001141006,T001141007,T001141008,T001141009,T001141010,T001141011,T001141012,T001141013,T001141014,T001141015,T001141016,T001141017,T001141018,T001141019,T001141020,T001141021,T001141022,T001141023,T001141024,T001141025,T001141026,T001141027,T001141028,T001141029,T001141030,T001141031,T001141032,T001141033,T001141034,T001141035,T001141036,T001141037,T001141038,T001141039,T001141040,T001141041,T001141042,T001141043,T001141044,T001141045,T001141046,T001141047,T001141048,T001141049,T001141050
,,,,Å@êlå˚ÅiëçêîÅj,Å@êlå˚ÅiëçêîÅjÅ@íj,Å@êlå˚ÅiëçêîÅjÅ@èó,Å@ÇOÅ`ÇPÇSçŒêlå˚Å@ëçêî,Å@ÇOÅ`ÇPÇSçŒêlå˚Å@íj,Å@ÇOÅ`ÇPÇSçŒêlå˚Å@èó,Å@ÇPÇTçŒà»è„êlå˚Å@ëçêî,Å@ÇPÇTçŒà»è„êlå˚Å@íj,Å@ÇPÇTçŒà»è„êlå˚Å@èó,Å@ÇPÇTÅ`ÇUÇSçŒêlå˚Å@ëçêî,Å@ÇPÇTÅ`ÇUÇSçŒêlå˚Å@íj,Å@ÇPÇTÅ`ÇUÇSçŒêlå˚Å@èó,Å@ÇPÇWçŒà»è„êlå˚Å@ëçêî,Å@ÇPÇWçŒà»è„êlå˚Å@íj,Å@ÇPÇWçŒà»è„êlå˚Å@èó,Å@ÇQÇOçŒà»è„êlå˚Å@ëçêî,Å@ÇQÇOçŒà»è„êlå˚Å@íj,Å@ÇQÇOçŒà»è„êlå˚Å@èó,Å@ÇUÇTçŒà»è„êlå˚Å@ëçêî,Å@ÇUÇTçŒà»è„êlå˚Å@íj,Å@ÇUÇTçŒà»è„êlå˚Å@èó,Å@ÇVÇTçŒà»è„êlå˚Å@ëçêî,Å@ÇVÇTçŒà»è„êlå˚Å@íj,Å@ÇVÇTçŒà»è„êlå˚Å@èó,Å@ÇWÇTçŒà»è„êlå˚Å@ëçêî,Å@ÇWÇTçŒà»è„êlå˚Å@íj,Å@ÇWÇTçŒà»è„êlå˚Å@èó,Å@ÇXÇTçŒà»è„êlå˚Å@ëçêî,Å@ÇXÇTçŒà»è„êlå˚Å@íj,Å@ÇXÇTçŒà»è„êlå˚Å@èó,Å@äOçëêlêlå˚Å@ëçêî,Å@äOçëêlêlå˚Å@íj,Å@äOçëêlêlå˚Å@èó,Å@ê¢ë—ëçêî,Å@àÍî ê¢ë—êî,Å@ÇPêlê¢ë—êîÅ@àÍî ê¢ë—êî,Å@ÇQêlê¢ë—êîÅ@àÍî ê¢ë—êî,Å@ÇRêlê¢ë—êîÅ@àÍî ê¢ë—êî,Å@ÇSêlê¢ë—êîÅ@àÍî ê¢ë—êî,Å@ÇTêlê¢ë—êîÅ@àÍî ê¢ë—êî,Å@ÇUêlê¢ë—êîÅ@àÍî ê¢ë—êî,Å@ÇVêlà»è„ê¢ë—êîÅ@àÍî ê¢ë—êî,Å@êeë∞ÇÃÇ›ÇÃê¢ë—êîÅ@àÍî ê¢ë—êî,Å@äjâ∆ë∞ê¢ë—êîÅ@àÍî ê¢ë—êî,Å@äjâ∆ë∞à»äOÇÃê¢ë—êîÅ@àÍî ê¢ë—êî,Å@ÇUçŒñ¢ñûê¢ë—àıÇÃÇ¢ÇÈê¢ë—êîÅ@àÍî ê¢ë—êî,Å@ÇUÇTçŒà»è„ê¢ë—àıÇÃÇ¢ÇÈê¢ë—êîÅ@àÍî ê¢ë—êî,Å@ê¢ë—éÂÇÃîNóÓÇ™ÇQÇOÅ`ÇQÇXçŒÇÃÇPêlê¢ë—êîÅ@àÍî ê¢ë—êî,Å@çÇóÓíPêgê¢ë—êîÅ@àÍî ê¢ë—êî,Å@çÇóÓïvïwê¢ë—êîÅ@àÍî ê¢ë—êî
453023784,2,453023882,,9,7,2,*,*,*,*,*,*,*,*,*,*,*,*,*,*,*,*,*,*,*,*,*,*,*,*,*,*,*,*,*,*,3,3,*,*,*,*,*,*,*,*,*,*,*,*,*,*,*
453023793,2,453023794,,9,5,4,*,*,*,*,*,*,*,*,*,*,*,*,*,*,*,*,*,*,*,*,*,*,*,*,*,*,*,*,*,*,4,4,*,*,*,*,*,*,*,*,*,*,*,*,*,*,*
453023794,1,,453023793,7,5,2,2,1,1,14,9,5,10,5,5,13,9,4,13,9,4,4,4,0,2,2,0,0,0,0,0,0,0,1,1,0,4,4,3,3,1,1,0,0,0,5,5,0,1,4,0,1,2
453023861,2,453023862,,3,2,1,*,*,*,*,*,*,*,*,*,*,*,*,*,*,*,*,*,*,*,*,*,*,*,*,*,*,*,*,*,*,2,2,*,*,*,*,*,*,*,*,*,*,*,*,*,*,*
453023862,1,,453023861;453023864,9,5,4,0,0,0,21,13,8,7,5,2,21,13,8,21,13,8,14,8,6,4,1,3,3,1,2,0,0,0,0,0,0,4,4,5,5,2,0,0,0,0,7,7,0,0,10,0,3,3
453023864,2,453023862,,9,6,3,*,*,*,*,*,*,*,*,*,*,*,*,*,*,*,*,*,*,*,*,*,*,*,*,*,*,*,*,*,*,6,6,*,*,*,*,*,*,*,*,*,*,*,*,*,*,*
453023871,2,453023873,,8,4,4,*,*,*,*,*,*,*,*,*,*,*,*,*,*,*,*,*,*,*,*,*,*,*,*,*,*,*,*,*,*,5,5,*,*,*,*,*,*,*,*,*,*,*,*,*,*,*
453023872,0,,,14,8,6,0,0,0,14,8,6,4,3,1,14,8,6,14,8,6,10,5,5,3,0,3,1,0,1,0,0,0,0,0,0,10,10,6,4,0,0,0,0,0,4,3,1,0,8,0,4,3
453023873,1,,453023871,8,3,5,2,1,1,14,6,8,6,2,4,14,6,8,14,6,8,8,4,4,4,3,1,2,1,1,0,0,0,0,0,0,4,4,4,3,2,0,0,0,0,5,3,2,0,6,0,2,2
453023881,0,,,122,58,64,16,10,6,106,48,58,54,24,30,105,48,57,105,48,57,52,24,28,33,14,19,16,7,9,1,1,0,1,0,1,60,60,23,20,11,4,2,0,0,37,32,5,7,38,0,16,6
453023882,1,,453023784,56,25,31,10,3,7,55,29,26,32,18,14,53,28,25,53,28,25,23,11,12,15,7,8,0,0,0,0,0,0,1,1,0,27,27,9,12,6,1,2,0,0,21,19,2,2,15,0,5,5
453023891,0,,,21,11,10,4,2,2,17,9,8,9,4,5,16,9,7,15,8,7,8,5,3,2,2,0,0,0,0,0,0,0,0,0,0,10,10,4,3,2,0,1,0,0,6,6,0,1,5,0,2,3
453023892,0,,,28,14,14,6,2,4,22,12,10,17,9,8,22,12,10,22,12,10,5,3,2,1,1,0,0,0,0,0,0,0,0,0,0,11,11,4,3,1,1,1,1,0,6,4,2,1,4,0,0,0
453023893,0,,,18,10,8,2,2,0,16,8,8,10,4,6,15,7,8,14,7,7,6,4,2,1,0,1,0,0,0,0,0,0,1,0,1,7,7,2,2,1,1,1,0,0,5,3,2,1,5,0,2,1
453023894,0,,,17,10,7,2,0,2,15,10,5,10,7,3,15,10,5,15,10,5,5,3,2,1,1,0,1,1,0,0,0,0,0,0,0,7,7,1,3,2,1,0,0,0,5,4,1,1,3,0,1,0
453024713,1,,453024714,23,14,9,6,2,4,22,13,9,14,8,6,22,13,9,22,13,9,8,5,3,4,3,1,2,1,1,0,0,0,3,0,3,12,12,8,3,2,2,0,0,0,7,7,0,0,6,0,2,2
453024714,2,453024713,,5,1,4,*,*,*,*,*,*,*,*,*,*,*,*,*,*,*,*,*,*,*,*,*,*,*,*,*,*,*,*,*,*,3,3,*,*,*,*,*,*,*,*,*,*,*,*,*,*,*
453024801,0,,,164,84,80,14,6,8,150,78,72,67,36,31,148,76,72,148,76,72,83,42,41,43,23,20,20,12,8,1,0,1,2,1,1,87,87,36,33,12,4,2,0,0,49,46,3,5,57,1,23,22
453024802,0,,,67,32,35,10,5,5,57,27,30,42,19,23,50,24,26,50,24,26,15,8,7,4,3,1,2,1,1,0,0,0,0,0,0,26,26,4,10,7,3,2,0,0,21,19,2,2,10,1,1,4
453024803,0,,,14,4,10,1,0,1,13,4,9,5,2,3,13,4,9,12,3,9,8,2,6,6,0,6,3,0,3,0,0,0,0,0,0,8,8,5,1,1,1,0,0,0,3,1,2,1,7,0,5,0
453024804,0,,,18,8,10,6,3,3,12,5,7,10,4,6,11,5,6,11,5,6,2,1,1,0,0,0,0,0,0,0,0,0,0,0,0,7,7,2,2,1,1,1,0,0,5,5,0,0,1,1,0,1
453024811,0,,,72,33,39,6,3,3,66,30,36,40,19,21,66,30,36,66,30,36,26,11,15,11,7,4,1,0,1,0,0,0,1,0,1,41,41,16,21,2,2,0,0,0,24,22,2,1,17,0,3,10
453024812,0,,,46,26,20,7,5,2,39,21,18,21,11,10,39,21,18,39,21,18,18,10,8,8,5,3,3,1,2,0,0,0,1,1,0,24,24,10,9,3,1,1,0,0,13,12,1,1,13,0,6,6
453024813,0,,,61,30,31,12,8,4,49,22,27,30,14,16,47,20,27,47,20,27,19,8,11,10,5,5,1,1,0,0,0,0,0,0,0,26,26,6,13,3,1,2,1,0,18,16,2,2,12,0,2,5
453024814,0,,,36,21,15,2,0,2,34,21,13,24,15,9,34,21,13,34,21,13,10,6,4,5,3,2,0,0,0,0,0,0,1,0,1,22,22,12,6,4,0,0,0,0,10,10,0,0,6,7,0,3
453024821,0,,,27,15,12,2,1,1,25,14,11,9,4,5,24,13,11,24,13,11,16,10,6,9,5,4,5,3,2,1,0,1,0,0,0,14,14,4,8,1,1,0,0,0,10,10,0,0,11,0,4,6
453024822,1,,453024824,107,54,53,14,9,5,103,52,51,61,33,28,101,51,50,100,50,50,42,19,23,19,8,11,8,2,6,1,0,1,0,0,0,49,49,14,24,9,3,2,1,0,38,32,6,6,27,2,3,11
453024824,2,453024822,,10,7,3,*,*,*,*,*,*,*,*,*,*,*,*,*,*,*,*,*,*,*,*,*,*,*,*,*,*,*,*,*,*,4,4,*,*,*,*,*,*,*,*,*,*,*,*,*,*,*
453024832,2,453024834,,3,2,1,*,*,*,*,*,*,*,*,*,*,*,*,*,*,*,*,*,*,*,*,*,*,*,*,*,*,*,*,*,*,1,1,*,*,*,*,*,*,*,*,*,*,*,*,*,*,*
453024834,1,,453024832;453024922,63,34,29,7,4,3,68,36,32,64,33,31,68,36,32,68,36,32,4,3,1,1,1,0,0,0,0,0,0,0,4,1,3,51,51,44,6,5,1,0,0,0,12,12,0,3,4,30,2,1
453024841,0,,,78,36,42,3,0,3,75,36,39,30,14,16,75,36,39,75,36,39,45,22,23,18,8,10,7,2,5,0,0,0,2,0,2,43,43,17,22,1,2,0,1,0,25,22,3,1,34,0,12,14
453024842,0,,,35,17,18,5,1,4,30,16,14,23,12,11,30,16,14,30,16,14,7,4,3,3,1,2,3,1,2,0,0,0,0,0,0,18,18,7,6,4,1,0,0,0,10,9,1,3,5,2,0,3
453024843,1,,453024932,241,113,128,29,14,15,214,100,114,102,50,52,210,98,112,208,97,111,112,50,62,46,18,28,12,4,8,2,2,0,0,0,0,123,121,51,47,11,8,4,1,0,71,64,7,5,76,5,30,25
453024844,0,,,224,118,106,32,20,12,192,98,94,109,56,53,189,97,92,189,97,92,83,42,41,36,15,21,9,4,5,1,0,1,3,3,0,108,108,41,40,13,6,8,0,0,65,57,8,9,58,10,21,19
453024853,0,,,19,10,9,4,2,2,15,8,7,9,5,4,15,8,7,15,8,7,6,3,3,2,1,1,0,0,0,0,0,0,0,0,0,7,7,0,3,3,1,0,0,0,7,6,1,0,4,0,0,1
453024922,2,453024834,,9,4,5,*,*,*,*,*,*,*,*,*,*,*,*,*,*,*,*,*,*,*,*,*,*,*,*,*,*,*,*,*,*,4,4,*,*,*,*,*,*,*,*,*,*,*,*,*,*,*
453024932,2,453024843,,2,1,1,*,*,*,*,*,*,*,*,*,*,*,*,*,*,*,*,*,*,*,*,*,*,*,*,*,*,*,*,*,*,1,1,*,*,*,*,*,*,*,*,*,*,*,*,*,*,*
453024941,1,,453024943,10,6,4,0,0,0,12,7,5,5,3,2,12,7,5,11,6,5,7,4,3,3,1,2,1,0,1,0,0,0,1,0,1,7,7,6,3,0,0,0,0,0,3,3,0,0,6,0,4,1
453024942,2,453024944,,8,4,4,*,*,*,*,*,*,*,*,*,*,*,*,*,*,*,*,*,*,*,*,*,*,*,*,*,*,*,*,*,*,3,3,*,*,*,*,*,*,*,*,*,*,*,*,*,*,*
453024943,2,453024941,,2,1,1,*,*,*,*,*,*,*,*,*,*,*,*,*,*,*,*,*,*,*,*,*,*,*,*,*,*,*,*,*,*,2,2,*,*,*,*,*,*,*,*,*,*,*,*,*,*,*
453024944,1,,453024942,3,1,2,3,1,2,8,4,4,5,2,3,8,4,4,8,4,4,3,2,1,0,0,0,0,0,0,0,0,0,0,0,0,1,1,0,2,1,1,0,0,0,4,4,0,0,2,0,0,1
453024951,0,,,18,9,9,1,1,0,17,8,9,7,3,4,17,8,9,16,8,8,10,5,5,1,0,1,1,0,1,0,0,0,1,0,1,10,10,4,5,0,1,0,0,0,6,6,0,0,6,0,2,4
453024952,0,,,51,27,24,5,2,3,46,25,21,28,14,14,45,24,21,45,24,21,18,11,7,4,3,1,0,0,0,0,0,0,1,1,0,25,25,6,14,3,2,0,0,0,19,18,1,0,14,0,4,6
453024961,0,,,129,67,62,21,15,6,108,52,56,63,28,35,104,51,53,103,51,52,45,24,21,24,11,13,10,3,7,0,0,0,0,0,0,58,58,16,26,9,4,1,1,1,41,38,3,4,30,0,7,15
453024962,0,,,106,51,55,10,3,7,95,48,47,47,25,22,93,46,47,92,45,47,48,23,25,20,7,13,8,2,6,0,0,0,0,0,0,52,52,20,18,9,2,3,0,0,32,30,2,4,32,0,13,11
453024963,0,,,37,15,22,7,4,3,30,11,19,13,7,6,30,11,19,30,11,19,17,4,13,10,1,9,6,0,6,0,0,0,0,0,0,21,21,12,6,0,2,1,0,0,9,8,1,2,14,0,9,3
453024964,1,,453024973,116,51,65,15,6,9,102,46,56,59,27,32,101,46,55,101,46,55,43,19,24,22,7,15,12,3,9,1,0,1,2,0,2,58,57,26,18,9,5,0,0,0,32,30,2,6,26,0,14,6
453024973,2,453024964,,1,1,0,*,*,*,*,*,*,*,*,*,*,*,*,*,*,*,*,*,*,*,*,*,*,*,*,*,*,*,*,*,*,1,1,*,*,*,*,*,*,*,*,*,*,*,*,*,*,*
453033042,0,,,19,10,9,2,2,0,17,8,9,7,2,5,17,8,9,17,8,9,10,6,4,2,1,1,0,0,0,0,0,0,0,0,0,9,9,2,4,3,0,0,0,0,7,6,1,0,5,0,1,3
453033043,0,,,35,20,15,5,3,2,30,17,13,13,7,6,29,16,13,29,16,13,17,10,7,11,5,6,1,1,0,0,0,0,0,0,0,19,19,10,5,2,1,1,0,0,9,7,2,2,14,0,8,3
453033044,0,,,136,68,68,12,8,4,124,60,64,61,32,29,119,59,60,119,59,60,63,28,35,33,12,21,14,3,11,0,0,0,1,0,1,73,73,29,33,5,5,0,1,0,44,42,2,5,46,2,18,15
453033134,2,453033232,,2,1,1,*,*,*,*,*,*,*,*,*,*,*,*,*,*,*,*,*,*,*,*,*,*,*,*,*,*,*,*,*,*,1,1,*,*,*,*,*,*,*,*,*,*,*,*,*,*,*
453033231,2,453033232,,8,3,5,*,*,*,*,*,*,*,*,*,*,*,*,*,*,*,*,*,*,*,*,*,*,*,*,*,*,*,*,*,*,2,2,*,*,*,*,*,*,*,*,*,*,*,*,*,*,*
453033232,1,,453033134;453033231,145,70,75,20,8,12,135,66,69,56,27,29,134,65,69,134,65,69,79,39,40,37,15,22,14,3,11,2,0,2,5,0,5,79,79,39,28,6,4,4,1,0,41,35,6,6,53,4,25,15
453033233,0,,,15,7,8,0,0,0,15,7,8,7,3,4,15,7,8,15,7,8,8,4,4,4,2,2,1,0,1,0,0,0,0,0,0,7,7,1,4,2,0,0,0,0,6,5,1,0,5,0,1,3
453033234,0,,,214,94,120,18,8,10,196,86,110,86,34,52,193,85,108,192,85,107,110,52,58,57,23,34,24,6,18,1,1,0,6,0,6,122,122,57,50,7,5,2,1,0,62,56,6,4,84,2,41,26
453033241,2,453033243,,1,0,1,*,*,*,*,*,*,*,*,*,*,*,*,*,*,*,*,*,*,*,*,*,*,*,*,*,*,*,*,*,*,1,1,*,*,*,*,*,*,*,*,*,*,*,*,*,*,*
453033243,1,,453033241,25,12,13,7,3,4,19,9,10,9,4,5,19,9,10,19,9,10,10,5,5,6,2,4,4,1,3,0,0,0,1,0,1,11,11,6,3,1,0,1,1,0,6,6,0,1,8,0,5,2
453033332,0,,,11,7,4,1,1,0,9,5,4,5,2,3,9,5,4,9,5,4,4,3,1,2,2,0,1,1,0,0,0,0,0,0,0,7,7,4,2,1,0,0,0,0,3,3,0,0,3,0,2,1
453034062,2,453034071,,1,1,0,*,*,*,*,*,*,*,*,*,*,*,*,*,*,*,*,*,*,*,*,*,*,*,*,*,*,*,*,*,*,1,1,*,*,*,*,*,*,*,*,*,*,*,*,*,*,*
453034071,1,,453034062,20,13,7,2,1,1,19,13,6,8,7,1,19,13,6,19,13,6,11,6,5,6,3,3,1,1,0,0,0,0,0,0,0,11,11,6,4,1,1,0,0,0,6,5,1,0,8,0,4,2
453034073,2,453034074,,3,1,2,*,*,*,*,*,*,*,*,*,*,*,*,*,*,*,*,*,*,*,*,*,*,*,*,*,*,*,*,*,*,1,1,*,*,*,*,*,*,*,*,*,*,*,*,*,*,*
453034074,1,,453034073,93,42,51,11,5,6,85,38,47,40,17,23,83,37,46,83,37,46,45,21,24,21,11,10,4,1,3,1,0,1,0,0,0,49,49,18,24,4,2,2,0,0,32,29,3,4,31,0,11,15
453034083,0,,,81,40,41,16,11,5,65,29,36,41,20,21,64,28,36,64,28,36,24,9,15,12,4,8,8,3,5,0,0,0,2,1,1,35,35,12,10,5,6,2,0,0,23,20,3,7,17,2,6,4
453034181,0,,,61,29,32,0,0,0,61,29,32,53,24,29,59,27,32,59,27,32,8,5,3,4,2,2,1,1,0,0,0,0,7,5,2,50,50,42,6,1,1,0,0,0,7,7,0,0,7,19,4,1
453034183,1,,453034184,26,12,14,1,1,0,31,14,17,18,6,12,28,13,15,26,12,14,13,8,5,4,1,3,2,0,2,0,0,0,0,0,0,12,12,9,3,4,0,1,0,0,8,8,0,0,10,2,5,3
453034184,2,453034183,,6,3,3,*,*,*,*,*,*,*,*,*,*,*,*,*,*,*,*,*,*,*,*,*,*,*,*,*,*,*,*,*,*,5,5,*,*,*,*,*,*,*,*,*,*,*,*,*,*,*
453034281,0,,,12,5,7,0,0,0,12,5,7,6,3,3,11,4,7,11,4,7,6,2,4,2,1,1,1,0,1,0,0,0,0,0,0,7,7,4,1,2,0,0,0,0,3,1,2,0,4,0,1,0
453034282,0,,,37,18,19,6,3,3,31,15,16,20,11,9,29,13,16,29,13,16,11,4,7,6,2,4,4,0,4,0,0,0,0,0,0,18,18,7,6,3,1,1,0,0,11,11,0,2,8,0,4,3
453034284,0,,,45,16,29,7,2,5,38,14,24,21,6,15,37,14,23,36,14,22,17,8,9,5,1,4,3,0,3,1,0,1,0,0,0,23,23,8,10,3,2,0,0,0,15,15,0,2,11,0,4,6
453034291,2,453034293,,9,2,7,*,*,*,*,*,*,*,*,*,*,*,*,*,*,*,*,*,*,*,*,*,*,*,*,*,*,*,*,*,*,5,5,*,*,*,*,*,*,*,*,*,*,*,*,*,*,*
453034293,1,,453034291;453034294,19,10,9,5,2,3,25,11,14,11,5,6,24,10,14,24,10,14,14,6,8,6,3,3,1,0,1,0,0,0,2,1,1,10,10,9,4,0,2,1,0,0,7,7,0,1,10,0,6,3
453034294,2,453034293,,2,1,1,*,*,*,*,*,*,*,*,*,*,*,*,*,*,*,*,*,*,*,*,*,*,*,*,*,*,*,*,*,*,1,1,*,*,*,*,*,*,*,*,*,*,*,*,*,*,*
453034391,0,,,19,9,10,4,1,3,15,8,7,9,5,4,15,8,7,15,8,7,6,3,3,3,3,0,0,0,0,0,0,0,0,0,0,9,9,3,4,1,0,1,0,0,6,6,0,2,3,0,0,3
453034392,0,,,14,7,7,0,0,0,14,7,7,6,2,4,14,7,7,14,7,7,8,5,3,2,1,1,0,0,0,0,0,0,0,0,0,8,8,2,6,0,0,0,0,0,6,6,0,0,6,0,2,4
453034394,0,,,25,15,10,3,3,0,22,12,10,12,7,5,22,12,10,22,12,10,10,5,5,2,1,1,2,1,1,0,0,0,0,0,0,13,13,6,4,1,2,0,0,0,7,6,1,1,7,0,3,2
453035303,2,453035401,,8,2,6,*,*,*,*,*,*,*,*,*,*,*,*,*,*,*,*,*,*,*,*,*,*,*,*,*,*,*,*,*,*,3,3,*,*,*,*,*,*,*,*,*,*,*,*,*,*,*
453035401,1,,453035303,36,17,19,11,4,7,33,15,18,20,11,9,33,15,18,32,14,18,13,4,9,6,1,5,3,1,2,0,0,0,0,0,0,17,17,10,3,4,0,2,1,0,10,8,2,3,9,0,5,1
453035402,0,,,13,8,5,1,1,0,12,7,5,6,4,2,11,6,5,11,6,5,6,3,3,3,1,2,1,0,1,1,0,1,0,0,0,5,5,1,2,0,2,0,0,0,4,3,1,0,3,0,1,1
453035404,0,,,40,17,23,6,2,4,34,15,19,15,9,6,33,15,18,33,15,18,19,6,13,8,2,6,3,0,3,0,0,0,0,0,0,20,20,8,9,1,0,1,1,0,12,12,0,0,14,0,6,4
453035502,0,,,20,11,9,2,0,2,18,11,7,11,7,4,18,11,7,18,11,7,7,4,3,1,0,1,1,0,1,0,0,0,0,0,0,11,11,5,4,1,1,0,0,0,6,5,1,1,6,0,3,1
453035504,0,,,54,29,25,4,3,1,50,26,24,29,18,11,48,25,23,48,25,23,21,8,13,14,6,8,1,0,1,0,0,0,1,1,0,28,28,11,11,4,1,1,0,0,17,16,1,1,13,0,3,6
453035511,2,453035513,,4,3,1,*,*,*,*,*,*,*,*,*,*,*,*,*,*,*,*,*,*,*,*,*,*,*,*,*,*,*,*,*,*,2,2,*,*,*,*,*,*,*,*,*,*,*,*,*,*,*
453035513,1,,453035511;453035514,22,11,11,8,5,3,23,12,11,19,10,9,21,11,10,21,11,10,4,2,2,3,1,2,0,0,0,0,0,0,0,0,0,7,7,3,2,2,2,2,0,0,7,6,1,3,4,0,2,0
453035514,2,453035513,,5,3,2,*,*,*,*,*,*,*,*,*,*,*,*,*,*,*,*,*,*,*,*,*,*,*,*,*,*,*,*,*,*,2,2,*,*,*,*,*,*,*,*,*,*,*,*,*,*,*
453035602,0,,,33,18,15,4,2,2,29,16,13,24,14,10,29,16,13,29,16,13,5,2,3,2,0,2,1,0,1,0,0,0,0,0,0,22,22,15,4,2,1,0,0,0,6,5,1,0,4,3,3,1
453035604,0,,,9,5,4,0,0,0,9,5,4,7,4,3,9,5,4,9,5,4,2,1,1,2,1,1,0,0,0,0,0,0,0,0,0,5,5,2,2,1,0,0,0,0,3,3,0,0,1,2,0,1
453035611,0,,,29,15,14,6,4,2,23,11,12,8,4,4,23,11,12,23,11,12,15,7,8,9,5,4,1,0,1,0,0,0,0,0,0,12,12,3,5,2,0,2,0,0,9,9,0,1,9,0,2,5
453035612,0,,,16,7,9,3,0,3,13,7,6,9,4,5,12,7,5,11,7,4,4,3,1,0,0,0,0,0,0,0,0,0,0,0,0,5,5,2,1,0,0,0,2,0,3,3,0,0,3,0,1,1
453035613,0,,,101,49,52,17,10,7,84,39,45,56,29,27,82,38,44,81,37,44,28,10,18,13,2,11,3,0,3,0,0,0,0,0,0,48,48,21,13,5,8,0,0,1,26,26,0,6,22,0,12,3
453035614,0,,,78,42,36,12,7,5,66,35,31,36,20,16,65,34,31,65,34,31,30,15,15,18,9,9,4,2,2,0,0,0,1,1,0,38,38,13,17,4,3,0,0,1,24,23,1,4,20,0,7,7
453035621,2,453035623,,9,4,5,*,*,*,*,*,*,*,*,*,*,*,*,*,*,*,*,*,*,*,*,*,*,*,*,*,*,*,*,*,*,3,3,*,*,*,*,*,*,*,*,*,*,*,*,*,*,*
453035623,1,,453035621,57,25,32,26,12,14,40,17,23,35,15,20,37,17,20,37,17,20,5,2,3,2,0,2,0,0,0,0,0,0,0,0,0,17,17,3,2,6,6,2,0,1,17,17,0,7,5,0,2,1
453035702,1,,453035704,31,19,12,6,5,1,32,18,14,21,14,7,32,18,14,32,18,14,11,4,7,5,3,2,1,1,0,0,0,0,0,0,0,17,17,9,7,3,0,0,1,0,11,9,2,2,9,2,5,2
453035704,2,453035702,,7,4,3,*,*,*,*,*,*,*,*,*,*,*,*,*,*,*,*,*,*,*,*,*,*,*,*,*,*,*,*,*,*,3,3,*,*,*,*,*,*,*,*,*,*,*,*,*,*,*
453035711,0,,,140,69,71,26,14,12,113,54,59,83,38,45,110,53,57,109,53,56,30,16,14,15,6,9,3,2,1,1,0,1,0,0,0,70,70,31,19,11,7,2,0,0,39,36,3,8,21,7,3,7
453035712,0,,,246,114,132,41,18,23,205,96,109,123,56,67,201,96,105,200,95,105,82,40,42,37,15,22,9,3,6,1,0,1,0,0,0,115,115,41,44,16,7,5,0,2,73,67,6,7,59,2,21,20
453035713,0,,,29,12,17,2,1,1,27,11,16,18,8,10,26,11,15,26,11,15,9,3,6,8,3,5,1,1,0,0,0,0,0,0,0,14,14,4,7,1,2,0,0,0,9,8,1,0,7,0,3,2
453035714,0,,,66,35,31,8,7,1,58,28,30,31,16,15,57,28,29,57,28,29,27,12,15,13,5,8,5,2,3,1,0,1,0,0,0,32,32,10,15,3,3,1,0,0,21,20,1,3,20,0,8,7
453035721,0,,,109,52,57,22,7,15,87,45,42,72,40,32,86,44,42,84,43,41,15,5,10,11,4,7,6,2,4,0,0,0,2,1,1,54,54,27,10,12,3,0,1,1,27,26,1,10,11,11,6,2
453035723,0,,,327,162,165,35,17,18,292,145,147,145,76,69,284,142,142,281,141,140,147,69,78,86,36,50,35,12,23,4,1,3,5,1,4,172,171,89,48,16,12,6,0,0,79,69,10,11,98,3,53,22
453035724,0,,,41,19,22,3,2,1,38,17,21,23,11,12,38,17,21,38,17,21,15,6,9,7,1,6,3,0,3,0,0,0,0,0,0,24,24,13,8,1,1,1,0,0,10,10,0,1,13,2,7,2
453035812,2,453035814,,5,2,3,*,*,*,*,*,*,*,*,*,*,*,*,*,*,*,*,*,*,*,*,*,*,*,*,*,*,*,*,*,*,5,5,*,*,*,*,*,*,*,*,*,*,*,*,*,*,*
453035814,1,,453035812,17,9,8,0,0,0,22,11,11,15,7,8,20,10,10,20,10,10,7,4,3,7,4,3,2,0,2,0,0,0,0,0,0,10,10,10,4,0,1,0,0,0,5,5,0,0,5,1,2,2
453035821,0,,,440,224,216,75,40,35,365,184,181,262,141,121,346,172,174,345,172,173,103,43,60,40,15,25,11,4,7,1,0,1,3,0,3,213,213,95,59,25,20,13,0,1,114,110,4,20,76,15,28,23
453035822,0,,,54,30,24,7,0,7,47,30,17,31,22,9,47,30,17,47,30,17,16,8,8,10,4,6,3,0,3,0,0,0,0,0,0,30,30,16,7,5,1,1,0,0,14,13,1,1,12,4,5,1
453035823,0,,,121,58,63,24,11,13,97,47,50,61,30,31,94,46,48,94,46,48,36,17,19,16,9,7,0,0,0,0,0,0,2,1,1,55,55,18,21,7,6,2,1,0,37,37,0,9,22,4,5,12
453035824,0,,,179,102,77,37,24,13,142,78,64,104,58,46,141,77,64,140,77,63,38,20,18,12,6,6,2,0,2,0,0,0,2,0,2,87,87,36,29,10,7,4,0,1,50,47,3,13,29,13,8,10
453035912,0,,,28,18,10,1,1,0,27,17,10,17,13,4,25,16,9,25,16,9,10,4,6,6,3,3,1,1,0,0,0,0,0,0,0,14,14,5,5,3,1,0,0,0,9,9,0,0,7,0,1,1
453035921,0,,,61,32,29,6,3,3,55,29,26,34,19,15,53,27,26,53,27,26,21,10,11,10,3,7,6,1,5,2,0,2,0,0,0,30,30,11,10,6,3,0,0,0,19,16,3,1,13,0,3,4
453035922,0,,,128,69,59,26,16,10,102,53,49,69,35,34,98,52,46,98,52,46,33,18,15,13,7,6,3,1,2,1,1,0,0,0,0,66,66,32,18,10,1,4,1,0,34,32,2,9,22,6,8,9
453035923,2,453035924,,7,4,3,*,*,*,*,*,*,*,*,*,*,*,*,*,*,*,*,*,*,*,*,*,*,*,*,*,*,*,*,*,*,4,4,*,*,*,*,*,*,*,*,*,*,*,*,*,*,*
453035924,1,,453035923,19,10,9,3,2,1,23,12,11,13,9,4,22,12,10,22,12,10,10,3,7,6,1,5,3,1,2,1,0,1,0,0,0,11,11,8,5,1,0,1,0,0,7,6,1,0,7,1,3,1
453043644,2,453043741,,4,2,2,*,*,*,*,*,*,*,*,*,*,*,*,*,*,*,*,*,*,*,*,*,*,*,*,*,*,*,*,*,*,1,1,*,*,*,*,*,*,*,*,*,*,*,*,*,*,*
453043731,0,,,9,4,5,1,0,1,8,4,4,4,2,2,7,3,4,7,3,4,4,2,2,2,0,2,0,0,0,0,0,0,0,0,0,5,5,3,1,0,1,0,0,0,2,2,0,0,4,0,3,0
453043732,0,,,22,12,10,3,3,0,19,9,10,7,4,3,19,9,10,19,9,10,12,5,7,6,3,3,1,0,1,0,0,0,0,0,0,13,13,8,3,1,0,1,0,0,5,5,0,1,10,0,7,1
453043734,0,,,22,6,16,0,0,0,22,6,16,9,2,7,22,6,16,22,6,16,13,4,9,5,2,3,1,1,0,0,0,0,0,0,0,15,15,10,3,2,0,0,0,0,5,4,1,0,11,0,8,1
453043741,1,,453043644,130,65,65,13,6,7,121,61,60,47,25,22,121,61,60,120,61,59,74,36,38,32,10,22,17,4,13,2,0,2,1,0,1,70,70,30,27,8,5,0,1,0,37,33,4,2,52,0,22,11
453043743,0,,,139,68,71,13,7,6,126,61,65,51,24,27,126,61,65,126,61,65,75,37,38,34,13,21,12,4,8,1,0,1,0,0,0,77,77,32,34,6,4,1,0,0,44,43,1,1,53,1,23,21
453043841,2,453043843,,11,3,8,*,*,*,*,*,*,*,*,*,*,*,*,*,*,*,*,*,*,*,*,*,*,*,*,*,*,*,*,*,*,8,8,*,*,*,*,*,*,*,*,*,*,*,*,*,*,*
453043843,1,,453043841;453043942;453043951;453043952,27,13,14,4,2,2,41,18,23,21,9,12,39,18,21,38,17,21,20,9,11,13,5,8,4,0,4,0,0,0,1,0,1,14,14,16,8,1,1,0,1,0,11,11,0,1,16,0,10,5
453043942,2,453043843,,3,1,2,*,*,*,*,*,*,*,*,*,*,*,*,*,*,*,*,*,*,*,*,*,*,*,*,*,*,*,*,*,*,2,2,*,*,*,*,*,*,*,*,*,*,*,*,*,*,*
453043951,2,453043843,,3,2,1,*,*,*,*,*,*,*,*,*,*,*,*,*,*,*,*,*,*,*,*,*,*,*,*,*,*,*,*,*,*,2,2,*,*,*,*,*,*,*,*,*,*,*,*,*,*,*
453043952,2,453043843,,1,1,0,*,*,*,*,*,*,*,*,*,*,*,*,*,*,*,*,*,*,*,*,*,*,*,*,*,*,*,*,*,*,1,1,*,*,*,*,*,*,*,*,*,*,*,*,*,*,*
453044783,2,453044893,,5,3,2,*,*,*,*,*,*,*,*,*,*,*,*,*,*,*,*,*,*,*,*,*,*,*,*,*,*,*,*,*,*,2,2,*,*,*,*,*,*,*,*,*,*,*,*,*,*,*
453044872,2,453044883,,2,1,1,*,*,*,*,*,*,*,*,*,*,*,*,*,*,*,*,*,*,*,*,*,*,*,*,*,*,*,*,*,*,1,1,*,*,*,*,*,*,*,*,*,*,*,*,*,*,*
453044881,2,453044883,,3,1,2,*,*,*,*,*,*,*,*,*,*,*,*,*,*,*,*,*,*,*,*,*,*,*,*,*,*,*,*,*,*,1,1,*,*,*,*,*,*,*,*,*,*,*,*,*,*,*
453044883,1,,453044872;453044881;453044981,49,27,22,13,7,6,47,26,21,32,16,16,46,25,21,46,25,21,15,10,5,7,4,3,1,1,0,0,0,0,0,0,0,20,20,8,9,5,1,3,0,0,18,18,0,3,11,0,5,3
453044884,0,,,15,9,6,2,2,0,13,7,6,10,6,4,12,6,6,12,6,6,3,1,2,3,1,2,0,0,0,0,0,0,1,0,1,7,7,2,2,3,0,0,0,0,5,5,0,1,2,0,1,1
453044891,2,453044892,,11,3,8,*,*,*,*,*,*,*,*,*,*,*,*,*,*,*,*,*,*,*,*,*,*,*,*,*,*,*,*,*,*,3,3,*,*,*,*,*,*,*,*,*,*,*,*,*,*,*
453044892,1,,453044891,67,26,41,14,2,12,64,27,37,43,20,23,62,27,35,62,27,35,21,7,14,11,3,8,2,2,0,0,0,0,0,0,0,33,33,12,12,8,3,0,1,0,22,19,3,5,15,0,5,5
453044893,1,,453044783,14,7,7,2,1,1,17,9,8,11,5,6,16,8,8,14,7,7,6,4,2,2,2,0,0,0,0,0,0,0,2,1,1,5,5,1,3,1,1,1,0,0,6,5,1,1,4,0,1,2
453044932,0,,,9,5,4,0,0,0,9,5,4,5,3,2,8,4,4,8,4,4,4,2,2,3,1,2,1,0,1,0,0,0,0,0,0,5,5,1,4,0,0,0,0,0,4,4,0,0,3,0,0,2
453044951,2,453044953,,3,1,2,*,*,*,*,*,*,*,*,*,*,*,*,*,*,*,*,*,*,*,*,*,*,*,*,*,*,*,*,*,*,2,2,*,*,*,*,*,*,*,*,*,*,*,*,*,*,*
453044953,1,,453044951,8,4,4,0,0,0,11,5,6,5,3,2,11,5,6,11,5,6,6,2,4,2,0,2,0,0,0,0,0,0,0,0,0,3,3,1,2,2,0,0,0,0,4,3,1,0,4,0,0,1
453044962,0,,,33,14,19,7,2,5,26,12,14,20,10,10,25,11,14,24,11,13,6,2,4,4,2,2,0,0,0,0,0,0,0,0,0,15,15,5,4,4,2,0,0,0,10,10,0,1,5,0,3,1
453044963,0,,,20,9,11,2,1,1,18,8,10,11,4,7,18,8,10,18,8,10,7,4,3,1,0,1,0,0,0,0,0,0,0,0,0,12,12,6,5,0,1,0,0,0,6,6,0,0,5,2,1,3
453044964,0,,,199,102,97,16,9,7,183,93,90,90,49,41,180,91,89,180,91,89,93,44,49,57,27,30,27,10,17,9,1,8,0,0,0,67,66,13,30,14,8,0,1,0,53,48,5,4,31,1,7,12
453044971,0,,,22,12,10,3,1,2,19,11,8,12,6,6,19,11,8,19,11,8,7,5,2,4,3,1,1,0,1,1,0,1,0,0,0,12,12,8,1,1,1,1,0,0,4,3,1,1,6,0,4,1
453044972,0,,,52,29,23,7,5,2,45,24,21,25,14,11,44,23,21,44,23,21,20,10,10,12,6,6,3,2,1,0,0,0,0,0,0,25,25,7,12,5,0,0,1,0,18,15,3,0,12,0,3,5
453044973,0,,,114,52,62,13,8,5,101,44,57,65,28,37,94,42,52,94,42,52,36,16,20,10,3,7,4,0,4,1,0,1,0,0,0,57,57,29,12,10,2,1,3,0,27,24,3,1,25,7,11,6
453044974,0,,,185,87,98,16,5,11,169,82,87,91,45,46,161,77,84,161,77,84,78,37,41,27,11,16,8,2,6,1,0,1,4,2,2,94,94,35,40,10,5,4,0,0,58,52,6,5,52,1,14,21
453044981,2,453044883,,6,4,2,*,*,*,*,*,*,*,*,*,*,*,*,*,*,*,*,*,*,*,*,*,*,*,*,*,*,*,*,*,*,4,4,*,*,*,*,*,*,*,*,*,*,*,*,*,*,*
453045021,0,,,31,19,12,6,4,2,25,15,10,19,13,6,24,14,10,24,14,10,6,2,4,1,0,1,0,0,0,0,0,0,0,0,0,15,15,7,3,4,0,0,1,0,8,7,1,1,4,0,2,0
453045022,0,,,79,38,41,15,7,8,64,31,33,45,21,24,61,31,30,61,31,30,19,10,9,6,2,4,3,0,3,2,0,2,1,0,1,33,33,11,10,3,6,3,0,0,22,20,2,5,13,0,4,3
453045023,0,,,36,17,19,9,5,4,27,12,15,21,10,11,26,12,14,26,12,14,6,2,4,5,1,4,2,0,2,0,0,0,0,0,0,17,17,6,6,2,3,0,0,0,11,11,0,3,6,0,4,1
453045024,0,,,60,29,31,8,3,5,52,26,26,25,13,12,51,25,26,51,25,26,27,13,14,11,6,5,5,4,1,0,0,0,0,0,0,28,28,9,12,3,2,2,0,0,18,14,4,3,18,0,4,7
453045121,1,,453045124,83,22,61,4,1,3,83,22,61,10,5,5,82,21,61,81,21,60,73,17,56,69,14,55,51,7,44,17,1,16,0,0,0,6,5,2,2,1,1,0,1,0,5,4,1,2,4,0,1,2
453045124,2,453045121,,4,1,3,*,*,*,*,*,*,*,*,*,*,*,*,*,*,*,*,*,*,*,*,*,*,*,*,*,*,*,*,*,*,2,2,*,*,*,*,*,*,*,*,*,*,*,*,*,*,*
453045222,1,,453045231;453045233,29,10,19,5,1,4,29,11,18,15,7,8,27,9,18,27,9,18,14,4,10,7,1,6,4,1,3,0,0,0,0,0,0,15,15,10,6,1,1,1,0,0,8,8,0,0,13,0,9,2
453045223,2,453045224,,7,2,5,*,*,*,*,*,*,*,*,*,*,*,*,*,*,*,*,*,*,*,*,*,*,*,*,*,*,*,*,*,*,2,2,*,*,*,*,*,*,*,*,*,*,*,*,*,*,*
453045224,1,,453045223,24,12,12,4,1,3,27,13,14,17,9,8,27,13,14,27,13,14,10,4,6,3,1,2,2,1,1,0,0,0,0,0,0,11,11,1,9,1,1,1,0,0,11,9,2,0,8,0,0,3
453045231,2,453045222,,2,1,1,*,*,*,*,*,*,*,*,*,*,*,*,*,*,*,*,*,*,*,*,*,*,*,*,*,*,*,*,*,*,2,2,*,*,*,*,*,*,*,*,*,*,*,*,*,*,*
453045233,2,453045222,,3,1,2,*,*,*,*,*,*,*,*,*,*,*,*,*,*,*,*,*,*,*,*,*,*,*,*,*,*,*,*,*,*,2,2,*,*,*,*,*,*,*,*,*,*,*,*,*,*,*
453045321,1,,453045322;453045324,2,2,0,0,0,0,14,8,6,3,2,1,14,8,6,14,8,6,11,6,5,5,2,3,3,1,2,0,0,0,0,0,0,2,2,6,4,0,0,0,0,0,4,4,0,0,8,0,4,4
453045322,2,453045321,,4,2,2,*,*,*,*,*,*,*,*,*,*,*,*,*,*,*,*,*,*,*,*,*,*,*,*,*,*,*,*,*,*,3,3,*,*,*,*,*,*,*,*,*,*,*,*,*,*,*
453045324,2,453045321,,8,4,4,*,*,*,*,*,*,*,*,*,*,*,*,*,*,*,*,*,*,*,*,*,*,*,*,*,*,*,*,*,*,5,5,*,*,*,*,*,*,*,*,*,*,*,*,*,*,*
453045331,0,,,19,10,9,0,0,0,19,10,9,9,4,5,19,10,9,19,10,9,10,6,4,1,0,1,1,0,1,1,0,1,0,0,0,11,11,5,4,2,0,0,0,0,5,3,2,0,6,0,2,1
453045333,0,,,24,11,13,5,1,4,19,10,9,16,8,8,19,10,9,19,10,9,3,2,1,1,0,1,0,0,0,0,0,0,0,0,0,9,9,1,4,2,1,1,0,0,8,8,0,0,3,0,1,1
453045422,2,453045424,,10,5,5,*,*,*,*,*,*,*,*,*,*,*,*,*,*,*,*,*,*,*,*,*,*,*,*,*,*,*,*,*,*,5,5,*,*,*,*,*,*,*,*,*,*,*,*,*,*,*
453045423,0,,,20,6,14,7,2,5,13,4,9,8,2,6,12,4,8,11,4,7,5,2,3,2,1,1,0,0,0,0,0,0,1,1,0,7,7,1,3,0,2,1,0,0,6,6,0,0,3,0,1,2
453045424,1,,453045422,13,7,6,4,1,3,19,11,8,12,7,5,19,11,8,19,11,8,7,4,3,2,1,1,0,0,0,0,0,0,0,0,0,6,6,4,4,1,2,0,0,0,7,7,0,1,5,1,2,1
453045431,0,,,10,6,4,0,0,0,10,6,4,8,4,4,10,6,4,10,6,4,2,2,0,0,0,0,0,0,0,0,0,0,0,0,0,6,6,3,2,1,0,0,0,0,3,3,0,0,2,0,0,0
453045433,1,,453045434,58,34,24,12,8,4,50,28,22,32,17,15,48,27,21,48,27,21,18,11,7,9,6,3,5,3,2,0,0,0,1,0,1,29,29,14,7,4,3,2,0,0,14,12,2,4,16,0,10,3
453045434,2,453045433,,4,2,2,*,*,*,*,*,*,*,*,*,*,*,*,*,*,*,*,*,*,*,*,*,*,*,*,*,*,*,*,*,*,1,1,*,*,*,*,*,*,*,*,*,*,*,*,*,*,*
453045513,0,,,13,6,7,1,1,0,12,5,7,8,4,4,11,5,6,11,5,6,4,1,3,2,0,2,2,0,2,0,0,0,0,0,0,4,4,0,1,1,2,0,0,0,4,3,1,0,2,0,0,0
453045521,2,453045524,,5,4,1,*,*,*,*,*,*,*,*,*,*,*,*,*,*,*,*,*,*,*,*,*,*,*,*,*,*,*,*,*,*,2,2,*,*,*,*,*,*,*,*,*,*,*,*,*,*,*
453045522,2,453045524,,6,3,3,*,*,*,*,*,*,*,*,*,*,*,*,*,*,*,*,*,*,*,*,*,*,*,*,*,*,*,*,*,*,4,4,*,*,*,*,*,*,*,*,*,*,*,*,*,*,*
453045523,2,453045524,,3,1,2,*,*,*,*,*,*,*,*,*,*,*,*,*,*,*,*,*,*,*,*,*,*,*,*,*,*,*,*,*,*,2,2,*,*,*,*,*,*,*,*,*,*,*,*,*,*,*
453045524,1,,453045521;453045522;453045523,74,40,34,13,11,2,75,37,38,48,25,23,74,37,37,74,37,37,27,12,15,13,7,6,4,3,1,0,0,0,0,0,0,39,39,21,19,2,3,1,1,0,26,24,2,3,15,3,2,12
453045531,1,,453045532,60,30,30,5,1,4,57,31,26,37,24,13,56,30,26,56,30,26,20,7,13,4,1,3,0,0,0,0,0,0,1,0,1,35,35,22,8,7,1,0,0,0,16,15,1,1,16,0,9,3
453045532,2,453045531,,3,3,0,*,*,*,*,*,*,*,*,*,*,*,*,*,*,*,*,*,*,*,*,*,*,*,*,*,*,*,*,*,*,3,3,*,*,*,*,*,*,*,*,*,*,*,*,*,*,*
453045612,0,,,31,11,20,2,1,1,29,10,19,6,4,2,29,10,19,29,10,19,23,6,17,17,3,14,13,2,11,4,0,4,0,0,0,7,6,1,3,1,1,0,0,0,5,5,0,1,3,0,0,2
453045614,1,,453045721,25,12,13,3,1,2,23,12,11,12,7,5,23,12,11,23,12,11,11,5,6,3,1,2,2,0,2,0,0,0,0,0,0,10,10,4,3,2,0,2,0,0,7,4,3,1,6,0,2,0
453045621,2,453045623,,4,2,2,*,*,*,*,*,*,*,*,*,*,*,*,*,*,*,*,*,*,*,*,*,*,*,*,*,*,*,*,*,*,3,3,*,*,*,*,*,*,*,*,*,*,*,*,*,*,*
453045622,2,453045623,,1,1,0,*,*,*,*,*,*,*,*,*,*,*,*,*,*,*,*,*,*,*,*,*,*,*,*,*,*,*,*,*,*,1,1,*,*,*,*,*,*,*,*,*,*,*,*,*,*,*
453045623,1,,453045621;453045622,30,13,17,10,5,5,25,11,14,20,9,11,25,11,14,25,11,14,5,2,3,2,0,2,0,0,0,0,0,0,0,0,0,14,14,8,5,3,2,0,0,0,10,9,1,2,4,0,2,1
453045702,2,453045704,,15,5,10,*,*,*,*,*,*,*,*,*,*,*,*,*,*,*,*,*,*,*,*,*,*,*,*,*,*,*,*,*,*,6,6,*,*,*,*,*,*,*,*,*,*,*,*,*,*,*
453045704,1,,453045702;453045811,40,19,21,16,7,9,40,18,22,30,13,17,37,17,20,37,17,20,10,5,5,6,3,3,2,2,0,0,0,0,0,0,0,15,15,6,8,3,1,3,1,0,16,14,2,3,7,0,2,3
453045711,0,,,26,14,12,6,4,2,20,10,10,10,5,5,20,10,10,20,10,10,10,5,5,3,2,1,0,0,0,0,0,0,0,0,0,14,14,9,1,3,0,0,1,0,5,5,0,2,8,0,6,1
453045712,0,,,13,6,7,2,0,2,11,6,5,9,5,4,11,6,5,11,6,5,2,1,1,0,0,0,0,0,0,0,0,0,0,0,0,5,5,0,2,3,0,0,0,0,5,5,0,1,1,0,0,1
453045713,1,,453045714,290,145,145,35,20,15,259,126,133,158,82,76,249,123,126,247,122,125,101,44,57,48,17,31,18,5,13,1,1,0,4,0,4,150,150,67,56,13,9,8,0,0,85,80,5,9,75,2,32,20
453045714,2,453045713,,4,1,3,*,*,*,*,*,*,*,*,*,*,*,*,*,*,*,*,*,*,*,*,*,*,*,*,*,*,*,*,*,*,3,3,*,*,*,*,*,*,*,*,*,*,*,*,*,*,*
453045721,2,453045614,,1,1,0,*,*,*,*,*,*,*,*,*,*,*,*,*,*,*,*,*,*,*,*,*,*,*,*,*,*,*,*,*,*,1,1,*,*,*,*,*,*,*,*,*,*,*,*,*,*,*
453045801,2,453045802,,5,2,3,*,*,*,*,*,*,*,*,*,*,*,*,*,*,*,*,*,*,*,*,*,*,*,*,*,*,*,*,*,*,3,3,*,*,*,*,*,*,*,*,*,*,*,*,*,*,*
453045802,1,,453045801,17,9,8,2,1,1,20,10,10,12,6,6,20,10,10,20,10,10,8,4,4,2,1,1,2,1,1,0,0,0,0,0,0,8,8,4,4,2,1,0,0,0,7,6,1,0,6,0,3,0
453045811,2,453045704,,1,1,0,*,*,*,*,*,*,*,*,*,*,*,*,*,*,*,*,*,*,*,*,*,*,*,*,*,*,*,*,*,*,1,1,*,*,*,*,*,*,*,*,*,*,*,*,*,*,*
453046292,2,453046294,,2,1,1,*,*,*,*,*,*,*,*,*,*,*,*,*,*,*,*,*,*,*,*,*,*,*,*,*,*,*,*,*,*,2,2,*,*,*,*,*,*,*,*,*,*,*,*,*,*,*
453046293,0,,,28,12,16,1,1,0,27,11,16,8,4,4,27,11,16,27,11,16,19,7,12,13,5,8,6,2,4,0,0,0,0,0,0,15,15,4,9,2,0,0,0,0,11,10,1,0,13,0,4,6
453046294,1,,453046292,39,21,18,7,5,2,34,17,17,20,9,11,30,16,14,30,16,14,14,8,6,11,7,4,2,2,0,0,0,0,0,0,0,13,13,2,6,4,1,1,1,0,13,12,1,0,8,0,1,5
453046391,2,453046393,,9,4,5,*,*,*,*,*,*,*,*,*,*,*,*,*,*,*,*,*,*,*,*,*,*,*,*,*,*,*,*,*,*,3,3,*,*,*,*,*,*,*,*,*,*,*,*,*,*,*
453046393,1,,453046391,38,17,21,4,0,4,43,21,22,18,8,10,43,21,22,43,21,22,25,13,12,10,4,6,4,2,2,1,0,1,0,0,0,19,19,6,9,5,2,0,0,0,15,15,0,1,17,0,5,8
453046394,0,,,40,17,23,2,0,2,38,17,21,14,8,6,38,17,21,38,17,21,24,9,15,15,5,10,11,3,8,1,0,1,0,0,0,21,21,6,12,2,1,0,0,0,15,15,0,1,16,0,5,7
453046491,2,453046493,,3,2,1,*,*,*,*,*,*,*,*,*,*,*,*,*,*,*,*,*,*,*,*,*,*,*,*,*,*,*,*,*,*,1,1,*,*,*,*,*,*,*,*,*,*,*,*,*,*,*
453046493,1,,453046491,75,36,39,3,2,1,75,36,39,37,21,16,75,36,39,75,36,39,38,15,23,19,6,13,6,2,4,0,0,0,0,0,0,38,38,16,12,8,2,0,1,0,23,18,5,0,28,0,13,7
453046584,2,453046593,,3,1,2,*,*,*,*,*,*,*,*,*,*,*,*,*,*,*,*,*,*,*,*,*,*,*,*,*,*,*,*,*,*,2,2,*,*,*,*,*,*,*,*,*,*,*,*,*,*,*
453046591,0,,,14,9,5,2,2,0,12,7,5,6,4,2,12,7,5,12,7,5,6,3,3,4,2,2,4,2,2,1,0,1,0,0,0,6,6,2,2,1,0,1,0,0,3,3,0,0,4,0,1,2
453046593,1,,453046584,71,38,33,2,2,0,72,37,35,33,21,12,71,37,34,71,37,34,39,16,23,24,7,17,13,5,8,0,0,0,0,0,0,41,41,20,16,6,1,0,0,0,22,21,1,0,30,0,17,5
453046694,2,453046792,,3,1,2,*,*,*,*,*,*,*,*,*,*,*,*,*,*,*,*,*,*,*,*,*,*,*,*,*,*,*,*,*,*,2,2,*,*,*,*,*,*,*,*,*,*,*,*,*,*,*
453046792,1,,453046694;453046794,9,4,5,1,1,0,15,6,9,10,5,5,13,4,9,12,4,8,5,1,4,2,0,2,1,0,1,1,0,1,0,0,0,4,4,2,3,0,2,0,0,0,5,5,0,0,4,0,2,1
453046794,2,453046792,,4,2,2,*,*,*,*,*,*,*,*,*,*,*,*,*,*,*,*,*,*,*,*,*,*,*,*,*,*,*,*,*,*,1,1,*,*,*,*,*,*,*,*,*,*,*,*,*,*,*
453046892,2,453046894,,7,4,3,*,*,*,*,*,*,*,*,*,*,*,*,*,*,*,*,*,*,*,*,*,*,*,*,*,*,*,*,*,*,3,3,*,*,*,*,*,*,*,*,*,*,*,*,*,*,*
453046894,1,,453046892,18,10,8,2,1,1,23,13,10,9,5,4,23,13,10,23,13,10,14,8,6,10,6,4,4,3,1,0,0,0,0,0,0,9,9,2,7,3,0,0,0,0,10,10,0,2,8,0,2,5
453046991,0,,,17,8,9,0,0,0,17,8,9,4,2,2,17,8,9,17,8,9,13,6,7,6,3,3,4,1,3,1,1,0,0,0,0,10,10,4,5,1,0,0,0,0,6,5,1,0,8,0,3,4
453046993,0,,,21,9,12,0,0,0,21,9,12,7,4,3,21,9,12,21,9,12,14,5,9,7,3,4,5,1,4,1,0,1,0,0,0,11,11,3,7,0,1,0,0,0,8,7,1,0,8,0,3,3
453047103,0,,,14,6,8,0,0,0,14,6,8,5,3,2,14,6,8,14,6,8,9,3,6,8,3,5,1,0,1,0,0,0,0,0,0,8,8,4,3,0,1,0,0,0,4,4,0,0,7,0,4,1
453047202,1,,453047204,15,7,8,2,2,0,21,8,13,9,4,5,21,8,13,20,8,12,12,4,8,5,0,5,3,0,3,1,0,1,0,0,0,8,8,2,9,1,0,0,0,0,9,9,0,0,8,0,2,3
453047204,2,453047202,,8,3,5,*,*,*,*,*,*,*,*,*,*,*,*,*,*,*,*,*,*,*,*,*,*,*,*,*,*,*,*,*,*,4,4,*,*,*,*,*,*,*,*,*,*,*,*,*,*,*
453047302,1,,453047304,21,11,10,2,1,1,29,15,14,15,8,7,27,13,14,26,13,13,14,7,7,7,3,4,5,2,3,0,0,0,0,0,0,11,11,4,6,3,0,0,1,0,10,10,0,0,10,0,3,4
453047304,2,453047302,,10,5,5,*,*,*,*,*,*,*,*,*,*,*,*,*,*,*,*,*,*,*,*,*,*,*,*,*,*,*,*,*,*,3,3,*,*,*,*,*,*,*,*,*,*,*,*,*,*,*
453047311,2,453047313,,6,4,2,*,*,*,*,*,*,*,*,*,*,*,*,*,*,*,*,*,*,*,*,*,*,*,*,*,*,*,*,*,*,3,3,*,*,*,*,*,*,*,*,*,*,*,*,*,*,*
453047313,1,,453047311;453047411,7,2,5,0,0,0,20,10,10,8,5,3,20,10,10,20,10,10,12,5,7,8,3,5,5,2,3,0,0,0,0,0,0,3,3,5,6,1,0,0,0,0,7,6,1,0,9,0,4,2
453047401,0,,,14,9,5,3,2,1,11,7,4,8,6,2,11,7,4,11,7,4,3,1,2,1,0,1,0,0,0,0,0,0,0,0,0,6,6,2,2,0,2,0,0,0,4,3,1,1,3,0,1,0
453047402,0,,,67,35,32,16,7,9,51,28,23,29,15,14,51,28,23,51,28,23,22,13,9,12,8,4,6,5,1,0,0,0,0,0,0,32,32,13,8,8,1,2,0,0,19,18,1,3,15,0,7,4
453047403,0,,,23,9,14,6,2,4,17,7,10,13,5,8,16,7,9,16,7,9,4,2,2,1,0,1,0,0,0,0,0,0,0,0,0,10,10,3,4,1,1,1,0,0,7,7,0,1,3,0,1,2
453047404,0,,,11,7,4,0,0,0,11,7,4,5,3,2,11,7,4,11,7,4,6,4,2,5,3,2,3,2,1,0,0,0,0,0,0,6,6,1,5,0,0,0,0,0,5,5,0,0,4,0,0,2
453047411,2,453047313,,7,4,3,*,*,*,*,*,*,*,*,*,*,*,*,*,*,*,*,*,*,*,*,*,*,*,*,*,*,*,*,*,*,6,6,*,*,*,*,*,*,*,*,*,*,*,*,*,*,*
453047421,1,,453047423,16,11,5,0,0,0,23,14,9,13,7,6,23,14,9,23,14,9,10,7,3,4,3,1,0,0,0,0,0,0,0,0,0,9,9,4,6,1,1,0,0,0,8,8,0,0,7,0,2,2
453047423,2,453047421,,7,3,4,*,*,*,*,*,*,*,*,*,*,*,*,*,*,*,*,*,*,*,*,*,*,*,*,*,*,*,*,*,*,3,3,*,*,*,*,*,*,*,*,*,*,*,*,*,*,*
453047424,0,,,71,32,39,16,5,11,55,27,28,32,15,17,53,25,28,53,25,28,23,12,11,7,4,3,3,1,2,0,0,0,0,0,0,30,30,8,10,6,5,1,0,0,22,22,0,3,15,0,5,9
453047503,2,453047511,,1,1,0,*,*,*,*,*,*,*,*,*,*,*,*,*,*,*,*,*,*,*,*,*,*,*,*,*,*,*,*,*,*,1,1,*,*,*,*,*,*,*,*,*,*,*,*,*,*,*
453047511,1,,453047503;453047512,32,17,15,5,2,3,32,17,15,16,8,8,31,17,14,30,16,14,16,9,7,12,7,5,3,3,0,0,0,0,0,0,0,18,18,11,5,4,1,0,0,0,10,9,1,1,12,0,8,2
453047512,2,453047511,,4,1,3,*,*,*,*,*,*,*,*,*,*,*,*,*,*,*,*,*,*,*,*,*,*,*,*,*,*,*,*,*,*,2,2,*,*,*,*,*,*,*,*,*,*,*,*,*,*,*
453047513,1,,453047514,26,12,14,0,0,0,31,13,18,16,8,8,31,13,18,31,13,18,15,5,10,11,3,8,5,1,4,0,0,0,0,0,0,15,15,7,9,2,0,0,0,0,11,10,1,0,11,0,5,2
453047514,2,453047513,,5,1,4,*,*,*,*,*,*,*,*,*,*,*,*,*,*,*,*,*,*,*,*,*,*,*,*,*,*,*,*,*,*,3,3,*,*,*,*,*,*,*,*,*,*,*,*,*,*,*
453047522,0,,,29,17,12,5,4,1,24,13,11,15,9,6,24,13,11,23,12,11,9,4,5,7,3,4,2,1,1,0,0,0,0,0,0,13,13,4,4,3,2,0,0,0,8,8,0,0,6,0,2,2
453047534,0,,,13,7,6,0,0,0,13,7,6,4,2,2,13,7,6,13,7,6,9,5,4,7,3,4,4,2,2,0,0,0,0,0,0,8,8,3,5,0,0,0,0,0,5,5,0,0,7,0,3,2
453047544,2,453047651,,2,1,1,*,*,*,*,*,*,*,*,*,*,*,*,*,*,*,*,*,*,*,*,*,*,*,*,*,*,*,*,*,*,1,1,*,*,*,*,*,*,*,*,*,*,*,*,*,*,*
453047552,0,,,16,8,8,4,3,1,12,5,7,9,5,4,12,5,7,12,5,7,3,0,3,3,0,3,2,0,2,0,0,0,0,0,0,6,6,1,2,2,0,1,0,0,5,5,0,0,3,0,1,0
453047553,0,,,13,7,6,2,2,0,11,5,6,6,2,4,10,4,6,10,4,6,5,3,2,0,0,0,0,0,0,0,0,0,0,0,0,5,5,2,1,0,1,1,0,0,3,2,1,1,3,0,1,1
453047554,0,,,21,12,9,0,0,0,21,12,9,13,10,3,21,12,9,21,12,9,8,2,6,6,0,6,0,0,0,0,0,0,0,0,0,15,15,11,2,2,0,0,0,0,3,2,1,0,7,0,6,1
453047561,0,,,28,15,13,9,8,1,19,7,12,12,5,7,19,7,12,19,7,12,7,2,5,5,1,4,2,1,1,0,0,0,0,0,0,12,12,5,4,0,0,3,0,0,7,7,0,2,5,0,3,2
453047601,1,,453047603,4,3,1,0,0,0,19,12,7,11,8,3,19,12,7,19,12,7,8,4,4,7,3,4,2,1,1,0,0,0,0,0,0,3,3,6,4,2,0,0,0,0,6,5,1,0,5,0,2,2
453047603,2,453047601,,16,10,6,*,*,*,*,*,*,*,*,*,*,*,*,*,*,*,*,*,*,*,*,*,*,*,*,*,*,*,*,*,*,9,9,*,*,*,*,*,*,*,*,*,*,*,*,*,*,*
453047631,1,,453047633,24,9,15,0,0,0,25,10,15,9,7,2,25,10,15,25,10,15,16,3,13,13,3,10,6,1,5,0,0,0,0,0,0,16,16,10,6,1,0,0,0,0,7,7,0,0,13,1,7,3
453047633,2,453047631,,1,1,0,*,*,*,*,*,*,*,*,*,*,*,*,*,*,*,*,*,*,*,*,*,*,*,*,*,*,*,*,*,*,1,1,*,*,*,*,*,*,*,*,*,*,*,*,*,*,*
453047642,0,,,20,9,11,3,0,3,17,9,8,9,6,3,16,8,8,15,7,8,8,3,5,6,2,4,3,1,2,0,0,0,0,0,0,9,9,4,2,1,1,1,0,0,5,4,1,0,6,0,3,2
453047651,1,,453047544,45,23,22,9,6,3,38,18,20,20,9,11,37,18,19,37,18,19,18,9,9,7,2,5,4,1,3,1,1,0,0,0,0,22,22,10,7,2,3,1,0,0,12,11,1,0,13,0,6,3
453047652,1,,453047654,16,7,9,3,1,2,20,9,11,12,6,6,19,9,10,19,9,10,8,3,5,5,1,4,2,0,2,0,0,0,0,0,0,7,7,5,4,2,1,0,0,0,7,7,0,0,5,0,2,3
453047653,0,,,76,31,45,13,5,8,63,26,37,36,17,19,63,26,37,63,26,37,27,9,18,18,6,12,2,0,2,1,0,1,0,0,0,39,39,19,10,4,5,1,0,0,16,16,0,2,19,0,10,5
453047654,2,453047652,,7,3,4,*,*,*,*,*,*,*,*,*,*,*,*,*,*,*,*,*,*,*,*,*,*,*,*,*,*,*,*,*,*,5,5,*,*,*,*,*,*,*,*,*,*,*,*,*,*,*
453047701,2,453047703,,6,3,3,*,*,*,*,*,*,*,*,*,*,*,*,*,*,*,*,*,*,*,*,*,*,*,*,*,*,*,*,*,*,3,3,*,*,*,*,*,*,*,*,*,*,*,*,*,*,*
453047703,1,,453047701;453047704,8,3,5,0,0,0,18,8,10,5,2,3,17,8,9,17,8,9,13,6,7,11,5,6,6,2,4,1,0,1,0,0,0,7,7,7,4,1,0,0,0,0,5,4,1,0,10,0,7,3
453047704,2,453047703,,4,2,2,*,*,*,*,*,*,*,*,*,*,*,*,*,*,*,*,*,*,*,*,*,*,*,*,*,*,*,*,*,*,2,2,*,*,*,*,*,*,*,*,*,*,*,*,*,*,*
453047712,2,453047714,,4,2,2,*,*,*,*,*,*,*,*,*,*,*,*,*,*,*,*,*,*,*,*,*,*,*,*,*,*,*,*,*,*,2,2,*,*,*,*,*,*,*,*,*,*,*,*,*,*,*
453047714,1,,453047712;453047723,6,2,4,4,1,3,12,6,6,6,3,3,12,6,6,12,6,6,6,3,3,5,3,2,0,0,0,0,0,0,0,0,0,2,2,0,4,0,2,0,0,0,6,6,0,1,3,0,0,3
453047723,2,453047714,,6,3,3,*,*,*,*,*,*,*,*,*,*,*,*,*,*,*,*,*,*,*,*,*,*,*,*,*,*,*,*,*,*,2,2,*,*,*,*,*,*,*,*,*,*,*,*,*,*,*
453047744,0,,,17,8,9,2,2,0,15,6,9,11,5,6,14,6,8,14,6,8,4,1,3,2,0,2,0,0,0,0,0,0,0,0,0,9,9,5,2,0,2,0,0,0,3,3,0,0,3,0,2,1
453047751,0,,,42,21,21,6,4,2,36,17,19,25,11,14,35,17,18,35,17,18,11,6,5,6,2,4,5,2,3,0,0,0,1,1,0,19,19,5,8,4,1,1,0,0,14,14,0,3,8,0,2,4
453047752,0,,,20,9,11,4,3,1,16,6,10,9,4,5,16,6,10,16,6,10,7,2,5,4,1,3,0,0,0,0,0,0,0,0,0,10,10,4,3,2,1,0,0,0,6,6,0,2,5,0,3,2
453047753,0,,,19,7,12,2,1,1,17,6,11,8,3,5,17,6,11,17,6,11,9,3,6,2,0,2,1,0,1,0,0,0,0,0,0,8,8,1,5,0,2,0,0,0,7,6,1,0,6,0,0,3
453047801,2,453047802,,5,3,2,*,*,*,*,*,*,*,*,*,*,*,*,*,*,*,*,*,*,*,*,*,*,*,*,*,*,*,*,*,*,2,2,*,*,*,*,*,*,*,*,*,*,*,*,*,*,*
453047802,1,,453047801;453047804,24,13,11,0,0,0,31,18,13,13,8,5,31,18,13,31,18,13,18,10,8,8,5,3,1,1,0,0,0,0,0,0,0,13,13,6,8,3,0,0,0,0,11,10,1,0,12,0,2,6
453047804,2,453047802,,2,2,0,*,*,*,*,*,*,*,*,*,*,*,*,*,*,*,*,*,*,*,*,*,*,*,*,*,*,*,*,*,*,2,2,*,*,*,*,*,*,*,*,*,*,*,*,*,*,*
453047812,2,453047814,,1,1,0,*,*,*,*,*,*,*,*,*,*,*,*,*,*,*,*,*,*,*,*,*,*,*,*,*,*,*,*,*,*,1,1,*,*,*,*,*,*,*,*,*,*,*,*,*,*,*
453047814,1,,453047812,21,12,9,5,4,1,17,9,8,9,5,4,17,9,8,17,9,8,8,4,4,3,1,2,0,0,0,0,0,0,0,0,0,9,9,5,2,1,1,0,1,0,5,5,0,0,6,0,4,1
453047821,0,,,28,14,14,3,2,1,25,12,13,19,10,9,25,12,13,24,12,12,6,2,4,3,1,2,0,0,0,0,0,0,0,0,0,15,15,6,6,2,1,0,0,0,9,9,0,1,4,1,1,2
453047823,0,,,133,74,59,26,12,14,107,62,45,93,55,38,104,60,44,103,59,44,14,7,7,5,1,4,1,0,1,0,0,0,0,0,0,68,68,33,17,8,8,2,0,0,35,35,0,8,10,12,3,5
453047834,2,453047932,,3,2,1,*,*,*,*,*,*,*,*,*,*,*,*,*,*,*,*,*,*,*,*,*,*,*,*,*,*,*,*,*,*,2,2,*,*,*,*,*,*,*,*,*,*,*,*,*,*,*
453047841,1,,453047844,10,5,5,0,0,0,14,7,7,5,3,2,14,7,7,14,7,7,9,4,5,6,3,3,2,0,2,0,0,0,0,0,0,5,5,1,5,1,0,0,0,0,6,6,0,0,5,0,0,4
453047842,0,,,15,6,9,3,1,2,12,5,7,8,4,4,12,5,7,12,5,7,4,1,3,3,0,3,3,0,3,0,0,0,0,0,0,7,7,3,1,2,1,0,0,0,3,2,1,1,4,0,2,1
453047844,2,453047841,,4,2,2,*,*,*,*,*,*,*,*,*,*,*,*,*,*,*,*,*,*,*,*,*,*,*,*,*,*,*,*,*,*,2,2,*,*,*,*,*,*,*,*,*,*,*,*,*,*,*
453047851,2,453047852,,2,1,1,*,*,*,*,*,*,*,*,*,*,*,*,*,*,*,*,*,*,*,*,*,*,*,*,*,*,*,*,*,*,2,2,*,*,*,*,*,*,*,*,*,*,*,*,*,*,*
453047852,1,,453047851;453047853,8,4,4,0,0,0,12,6,6,5,2,3,11,6,5,11,6,5,7,4,3,2,1,1,2,1,1,0,0,0,0,0,0,4,4,3,3,1,0,0,0,0,4,4,0,0,5,0,2,2
453047853,2,453047852,,2,1,1,*,*,*,*,*,*,*,*,*,*,*,*,*,*,*,*,*,*,*,*,*,*,*,*,*,*,*,*,*,*,1,1,*,*,*,*,*,*,*,*,*,*,*,*,*,*,*
453047911,0,,,12,6,6,0,0,0,12,6,6,6,3,3,12,6,6,12,6,6,6,3,3,4,2,2,2,1,1,0,0,0,0,0,0,6,6,1,4,1,0,0,0,0,5,5,0,0,4,0,1,1
453047912,0,,,173,84,89,25,8,17,147,75,72,107,61,46,144,73,71,143,72,71,40,14,26,14,3,11,1,1,0,0,0,0,1,0,1,102,102,63,19,11,6,3,0,0,39,38,1,11,32,10,19,9
453047913,0,,,46,22,24,3,2,1,43,20,23,22,8,14,42,20,22,42,20,22,21,12,9,5,3,2,2,1,1,1,0,1,0,0,0,25,25,10,10,4,1,0,0,0,15,15,0,1,16,1,6,7
453047914,0,,,228,109,119,22,8,14,204,99,105,124,68,56,196,95,101,194,94,100,80,31,49,49,16,33,17,2,15,2,1,1,0,0,0,112,111,42,45,13,8,2,1,0,69,67,2,8,51,1,21,20
453047921,0,,,198,106,92,33,22,11,165,84,81,108,59,49,158,80,78,157,79,78,57,25,32,32,13,19,4,3,1,0,0,0,0,0,0,94,94,36,32,12,10,3,0,1,58,54,4,8,38,4,12,15
453047923,0,,,296,142,154,44,20,24,252,122,130,153,83,70,247,120,127,243,116,127,99,39,60,57,20,37,16,8,8,0,0,0,1,1,0,159,159,76,50,20,7,4,2,0,83,79,4,12,70,9,30,25
453047931,0,,,13,7,6,1,1,0,12,6,6,8,4,4,11,5,6,11,5,6,4,2,2,1,0,1,1,0,1,0,0,0,0,0,0,5,5,0,3,1,1,0,0,0,5,4,1,0,2,0,0,1
453047932,1,,453047834,7,3,4,0,0,0,10,5,5,7,3,4,9,5,4,8,5,3,3,2,1,1,1,0,0,0,0,0,0,0,0,0,0,3,3,2,2,0,1,0,0,0,3,3,0,0,3,0,2,0
453047942,2,453047944,,5,3,2,*,*,*,*,*,*,*,*,*,*,*,*,*,*,*,*,*,*,*,*,*,*,*,*,*,*,*,*,*,*,2,2,*,*,*,*,*,*,*,*,*,*,*,*,*,*,*
453047943,2,453047944,,3,2,1,*,*,*,*,*,*,*,*,*,*,*,*,*,*,*,*,*,*,*,*,*,*,*,*,*,*,*,*,*,*,3,3,*,*,*,*,*,*,*,*,*,*,*,*,*,*,*
453047944,1,,453047942;453047943;453047951,17,9,8,7,5,2,24,12,12,15,8,7,24,12,12,24,12,12,9,4,5,7,2,5,3,0,3,1,0,1,0,0,0,6,6,5,2,3,2,1,0,0,7,5,2,3,8,0,4,1
453047951,2,453047944,,6,3,3,*,*,*,*,*,*,*,*,*,*,*,*,*,*,*,*,*,*,*,*,*,*,*,*,*,*,*,*,*,*,2,2,*,*,*,*,*,*,*,*,*,*,*,*,*,*,*
453051492,2,453051674,,1,1,0,*,*,*,*,*,*,*,*,*,*,*,*,*,*,*,*,*,*,*,*,*,*,*,*,*,*,*,*,*,*,1,1,*,*,*,*,*,*,*,*,*,*,*,*,*,*,*
453051494,2,453051674,,7,4,3,*,*,*,*,*,*,*,*,*,*,*,*,*,*,*,*,*,*,*,*,*,*,*,*,*,*,*,*,*,*,5,5,*,*,*,*,*,*,*,*,*,*,*,*,*,*,*
453051552,0,,,12,5,7,4,1,3,8,4,4,6,3,3,8,4,4,8,4,4,2,1,1,1,0,1,0,0,0,0,0,0,0,0,0,5,5,2,2,0,0,0,1,0,2,2,0,0,2,0,2,0
453051553,1,,453051651,50,24,26,7,2,5,44,23,21,26,16,10,44,23,21,44,23,21,18,7,11,8,2,6,2,1,1,0,0,0,0,0,0,31,31,21,8,1,1,0,0,1,10,10,0,0,13,4,5,5
453051554,0,,,20,10,10,4,1,3,16,9,7,6,5,1,16,9,7,16,9,7,10,4,6,5,2,3,3,1,2,0,0,0,0,0,0,10,10,4,4,1,0,1,0,0,6,5,1,0,6,0,1,3
453051651,2,453051553,,1,1,0,*,*,*,*,*,*,*,*,*,*,*,*,*,*,*,*,*,*,*,*,*,*,*,*,*,*,*,*,*,*,1,1,*,*,*,*,*,*,*,*,*,*,*,*,*,*,*
453051674,1,,453051492;453051494,2,1,1,0,0,0,10,6,4,1,1,0,10,6,4,10,6,4,9,5,4,3,1,2,0,0,0,0,0,0,0,0,0,2,2,6,2,0,0,0,0,0,2,2,0,0,7,0,5,2
453053163,2,453053164,,4,3,1,*,*,*,*,*,*,*,*,*,*,*,*,*,*,*,*,*,*,*,*,*,*,*,*,*,*,*,*,*,*,2,2,*,*,*,*,*,*,*,*,*,*,*,*,*,*,*
453053164,1,,453053163,68,27,41,8,1,7,64,29,35,25,11,14,64,29,35,64,29,35,39,18,21,16,7,9,6,1,5,0,0,0,1,0,1,36,36,17,12,7,1,0,1,0,21,20,1,3,28,0,13,7
453053173,0,,,44,22,22,2,1,1,42,21,21,17,11,6,40,20,20,40,20,20,25,10,15,15,5,10,5,0,5,0,0,0,0,0,0,24,24,10,10,3,0,1,0,0,14,13,1,1,17,0,8,4
453053184,2,453053282,,7,4,3,*,*,*,*,*,*,*,*,*,*,*,*,*,*,*,*,*,*,*,*,*,*,*,*,*,*,*,*,*,*,3,3,*,*,*,*,*,*,*,*,*,*,*,*,*,*,*
453053271,0,,,17,6,11,2,1,1,15,5,10,4,1,3,15,5,10,15,5,10,11,4,7,2,1,1,0,0,0,0,0,0,0,0,0,9,9,3,5,0,1,0,0,0,6,6,0,1,7,0,2,4
453053282,1,,453053184,13,8,5,1,1,0,19,11,8,5,4,1,19,11,8,19,11,8,14,7,7,1,1,0,0,0,0,0,0,0,0,0,0,10,10,7,5,1,0,0,0,0,6,6,0,1,9,0,4,5
453053384,0,,,11,5,6,0,0,0,11,5,6,5,3,2,11,5,6,11,5,6,6,2,4,5,2,3,2,0,2,0,0,0,0,0,0,5,5,1,2,2,0,0,0,0,4,3,1,0,4,0,1,1
453053472,0,,,9,5,4,0,0,0,9,5,4,7,4,3,7,4,3,7,4,3,2,1,1,1,1,0,0,0,0,0,0,0,1,0,1,4,4,1,2,0,1,0,0,0,3,3,0,0,1,0,0,1
453053481,1,,453053483,18,8,10,0,0,0,26,12,14,17,8,9,22,8,14,22,8,14,9,4,5,1,0,1,1,0,1,0,0,0,0,0,0,10,10,4,5,4,0,0,0,0,9,8,1,0,4,0,0,2
453053482,1,,453053484,212,115,97,8,7,1,208,110,98,100,56,44,204,108,96,203,107,96,108,54,54,46,16,30,14,3,11,1,0,1,0,0,0,120,120,53,53,12,4,1,0,0,70,66,4,3,78,1,30,31
453053483,2,453053481,,8,4,4,*,*,*,*,*,*,*,*,*,*,*,*,*,*,*,*,*,*,*,*,*,*,*,*,*,*,*,*,*,*,3,3,*,*,*,*,*,*,*,*,*,*,*,*,*,*,*
453053484,2,453053482,,4,2,2,*,*,*,*,*,*,*,*,*,*,*,*,*,*,*,*,*,*,*,*,*,*,*,*,*,*,*,*,*,*,3,3,*,*,*,*,*,*,*,*,*,*,*,*,*,*,*
453053491,0,,,206,112,94,14,10,4,192,102,90,81,47,34,192,102,90,191,101,90,111,55,56,59,28,31,21,9,12,1,0,1,0,0,0,120,120,64,35,14,5,2,0,0,56,52,4,2,83,0,46,21
453053493,0,,,14,9,5,0,0,0,14,9,5,6,4,2,14,9,5,14,9,5,8,5,3,3,2,1,1,1,0,0,0,0,0,0,0,9,9,5,3,1,0,0,0,0,4,4,0,0,6,0,3,3
453054051,0,,,74,31,43,14,6,8,60,25,35,44,17,27,56,23,33,54,22,32,16,8,8,5,1,4,2,0,2,0,0,0,0,0,0,29,29,10,9,3,3,0,3,1,17,14,3,4,14,2,4,3
453054052,0,,,201,91,110,21,12,9,180,79,101,98,47,51,175,77,98,175,77,98,82,32,50,53,18,35,20,5,15,0,0,0,2,0,2,88,86,27,36,10,9,4,0,0,57,53,4,6,46,1,12,19
453054053,0,,,25,12,13,1,0,1,24,12,12,13,9,4,24,12,12,24,12,12,11,3,8,10,3,7,2,0,2,0,0,0,0,0,0,13,13,4,7,1,1,0,0,0,9,9,0,1,8,0,2,3
453054054,0,,,335,156,179,37,16,21,297,139,158,162,87,75,291,135,156,289,134,155,135,52,83,72,22,50,19,3,16,0,0,0,1,0,1,176,176,72,71,19,9,3,1,1,101,93,8,13,99,2,37,34
453054061,0,,,111,49,62,19,7,12,91,42,49,60,31,29,91,42,49,91,42,49,31,11,20,14,4,10,2,0,2,1,0,1,0,0,0,55,55,23,18,6,6,2,0,0,32,30,2,5,24,5,7,7
453054062,0,,,597,262,335,119,58,61,474,201,273,287,136,151,454,189,265,449,187,262,187,65,122,125,29,96,77,10,67,14,1,13,1,0,1,220,219,81,55,37,26,14,5,1,135,129,6,32,75,12,29,26
453054063,0,,,330,157,173,48,22,26,282,135,147,195,99,96,272,132,140,268,128,140,87,36,51,39,11,28,10,3,7,0,0,0,1,0,1,176,176,94,41,23,11,5,1,1,81,73,8,12,65,7,29,19
453054064,0,,,55,26,29,8,4,4,47,22,25,30,16,14,46,22,24,46,22,24,17,6,11,5,1,4,1,0,1,0,0,0,0,0,0,25,25,10,8,4,0,1,2,0,15,12,3,3,12,0,6,3
453054071,1,,453054072,42,18,24,7,3,4,46,22,24,30,13,17,45,22,23,43,20,23,16,9,7,3,1,2,1,0,1,0,0,0,1,1,0,23,23,14,4,6,2,1,0,0,13,13,0,1,10,1,4,3
453054072,2,453054071,,11,7,4,*,*,*,*,*,*,*,*,*,*,*,*,*,*,*,*,*,*,*,*,*,*,*,*,*,*,*,*,*,*,4,4,*,*,*,*,*,*,*,*,*,*,*,*,*,*,*
453054143,0,,,28,13,15,5,3,2,23,10,13,16,7,9,22,9,13,22,9,13,7,3,4,5,3,2,0,0,0,0,0,0,0,0,0,13,13,5,5,1,1,0,1,0,8,8,0,1,4,1,1,3
453054144,0,,,94,40,54,21,11,10,73,29,44,53,21,32,68,28,40,65,25,40,20,8,12,4,1,3,2,0,2,0,0,0,0,0,0,42,42,15,15,4,4,3,1,0,27,26,1,8,16,0,8,4
453054152,0,,,329,161,168,41,29,12,288,132,156,171,84,87,277,129,148,274,128,146,117,48,69,55,18,37,22,5,17,4,0,4,1,1,0,157,156,55,62,18,14,5,1,1,99,86,13,10,80,0,29,23
453054153,0,,,189,103,86,51,21,30,138,82,56,129,79,50,134,79,55,132,77,55,9,3,6,6,2,4,0,0,0,0,0,0,4,1,3,83,83,37,12,16,11,6,1,0,46,43,3,14,7,8,2,1
453054154,0,,,16,10,6,2,1,1,14,9,5,14,9,5,13,9,4,13,9,4,0,0,0,0,0,0,0,0,0,0,0,0,0,0,0,10,10,6,3,0,1,0,0,0,4,4,0,0,0,2,0,0
453054241,2,453054242,,3,1,2,*,*,*,*,*,*,*,*,*,*,*,*,*,*,*,*,*,*,*,*,*,*,*,*,*,*,*,*,*,*,1,1,*,*,*,*,*,*,*,*,*,*,*,*,*,*,*
453054242,1,,453054241;453054243,193,92,101,26,11,15,175,85,90,99,42,57,167,82,85,166,82,84,76,43,33,30,15,15,8,5,3,0,0,0,4,1,3,100,100,45,39,7,9,3,1,0,58,53,5,6,58,0,33,14
453054243,2,453054242,,5,3,2,*,*,*,*,*,*,*,*,*,*,*,*,*,*,*,*,*,*,*,*,*,*,*,*,*,*,*,*,*,*,3,3,*,*,*,*,*,*,*,*,*,*,*,*,*,*,*
453054313,1,,453054411,99,59,40,12,8,4,91,54,37,47,30,17,90,54,36,88,52,36,44,24,20,17,9,8,8,4,4,2,1,1,1,0,1,45,45,20,13,10,3,3,0,0,29,27,2,3,31,0,12,9
453054314,0,,,188,91,97,14,4,10,174,87,87,91,53,38,169,83,86,168,82,86,83,34,49,43,15,28,15,7,8,0,0,0,0,0,0,103,103,50,29,18,4,2,0,0,52,47,5,2,65,2,33,13
453054411,2,453054313,,4,3,1,*,*,*,*,*,*,*,*,*,*,*,*,*,*,*,*,*,*,*,*,*,*,*,*,*,*,*,*,*,*,4,4,*,*,*,*,*,*,*,*,*,*,*,*,*,*,*
453056091,0,,,26,15,11,3,1,2,23,14,9,9,6,3,23,14,9,23,14,9,14,8,6,6,2,4,3,0,3,0,0,0,0,0,0,15,15,8,5,1,0,1,0,0,7,7,0,1,11,0,6,2
453056093,0,,,13,7,6,4,2,2,9,5,4,9,5,4,9,5,4,9,5,4,0,0,0,0,0,0,0,0,0,0,0,0,0,0,0,5,5,1,2,0,2,0,0,0,4,3,1,0,0,0,0,0
453056184,0,,,11,5,6,1,1,0,10,4,6,4,3,1,10,4,6,10,4,6,6,1,5,6,1,5,2,0,2,0,0,0,0,0,0,7,7,4,2,1,0,0,0,0,3,3,0,0,5,0,3,0
453056282,0,,,41,17,24,0,0,0,41,17,24,20,8,12,39,16,23,39,16,23,21,9,12,12,4,8,6,4,2,0,0,0,0,0,0,24,24,10,11,3,0,0,0,0,14,13,1,0,15,0,7,7
453056284,1,,453056382,18,8,10,5,3,2,17,8,9,15,6,9,17,8,9,17,8,9,2,2,0,1,1,0,1,1,0,0,0,0,0,0,0,7,7,4,4,0,0,2,0,0,5,5,0,0,2,1,2,0
453056382,2,453056284,,4,3,1,*,*,*,*,*,*,*,*,*,*,*,*,*,*,*,*,*,*,*,*,*,*,*,*,*,*,*,*,*,*,3,3,*,*,*,*,*,*,*,*,*,*,*,*,*,*,*
453056393,2,453056484,,5,2,3,*,*,*,*,*,*,*,*,*,*,*,*,*,*,*,*,*,*,*,*,*,*,*,*,*,*,*,*,*,*,2,2,*,*,*,*,*,*,*,*,*,*,*,*,*,*,*
453056484,1,,453056393,25,11,14,1,0,1,29,13,16,14,5,9,29,13,16,28,13,15,15,8,7,10,5,5,3,3,0,0,0,0,0,0,0,12,12,4,6,2,2,0,0,0,10,8,2,1,10,0,3,5
453056582,0,,,85,44,41,6,3,3,79,41,38,36,22,14,79,41,38,78,40,38,43,19,24,24,10,14,8,3,5,0,0,0,0,0,0,43,43,15,19,6,1,2,0,0,28,26,2,1,30,1,11,9
453056584,0,,,89,50,39,22,11,11,67,39,28,41,25,16,65,38,27,65,38,27,26,14,12,16,9,7,8,3,5,2,0,2,0,0,0,40,40,17,11,4,3,4,1,0,22,20,2,5,21,0,11,5
453056591,0,,,28,13,15,0,0,0,28,13,15,13,7,6,25,12,13,25,12,13,15,6,9,8,4,4,5,3,2,0,0,0,0,0,0,16,16,7,7,1,1,0,0,0,9,8,1,0,11,0,5,4
453056592,1,,453056594,10,5,5,1,0,1,14,7,7,9,4,5,14,7,7,14,7,7,5,3,2,4,2,2,0,0,0,0,0,0,0,0,0,5,5,0,6,1,0,0,0,0,7,7,0,0,3,0,0,3
453056593,0,,,75,40,35,4,3,1,71,37,34,35,23,12,70,37,33,70,37,33,36,14,22,24,8,16,8,3,5,2,1,1,0,0,0,43,43,21,14,6,2,0,0,0,22,21,1,3,25,2,14,6
453056594,2,453056592,,5,2,3,*,*,*,*,*,*,*,*,*,*,*,*,*,*,*,*,*,*,*,*,*,*,*,*,*,*,*,*,*,*,2,2,*,*,*,*,*,*,*,*,*,*,*,*,*,*,*
453057003,2,453057004,,3,1,2,*,*,*,*,*,*,*,*,*,*,*,*,*,*,*,*,*,*,*,*,*,*,*,*,*,*,*,*,*,*,1,1,*,*,*,*,*,*,*,*,*,*,*,*,*,*,*
453057004,1,,453057003,16,9,7,3,2,1,16,8,8,11,6,5,15,8,7,15,8,7,5,2,3,4,1,3,2,0,2,0,0,0,0,0,0,9,9,5,2,2,1,0,0,0,5,5,0,0,4,0,3,1
453057011,0,,,40,19,21,4,2,2,36,17,19,20,10,10,35,16,19,32,14,18,16,7,9,5,1,4,3,1,2,0,0,0,0,0,0,16,16,5,6,0,3,1,1,0,11,10,1,1,11,0,4,4
453057012,0,,,191,103,88,29,15,14,162,88,74,105,61,44,155,83,72,154,82,72,57,27,30,28,14,14,9,4,5,0,0,0,0,0,0,93,93,36,37,8,6,4,1,1,57,56,1,8,38,3,15,16
453057013,0,,,15,6,9,0,0,0,15,6,9,8,3,5,15,6,9,15,6,9,7,3,4,3,1,2,1,0,1,0,0,0,0,0,0,7,7,2,2,3,0,0,0,0,5,4,1,0,5,0,2,1
453057014,0,,,168,81,87,36,17,19,132,64,68,81,45,36,127,60,67,125,59,66,51,19,32,24,9,15,6,1,5,0,0,0,0,0,0,71,71,20,30,8,5,4,4,0,50,49,1,8,35,0,13,14
453057021,0,,,285,139,146,43,23,20,242,116,126,155,80,75,237,114,123,234,112,122,87,36,51,47,19,28,20,10,10,1,0,1,3,0,3,142,142,59,51,17,8,3,2,2,83,77,6,9,62,6,22,21
453057023,0,,,173,81,92,20,12,8,153,69,84,104,51,53,152,68,84,152,68,84,49,18,31,25,7,18,6,1,5,0,0,0,0,0,0,89,89,37,32,12,5,2,1,0,51,50,1,8,37,4,21,10
453057064,1,,453057171;453057183,19,13,6,1,1,0,23,15,8,11,8,3,23,15,8,23,15,8,12,7,5,8,4,4,0,0,0,0,0,0,0,0,0,11,11,7,4,3,0,0,0,0,7,7,0,0,9,0,5,2
453057102,0,,,18,11,7,2,1,1,16,10,6,11,6,5,16,10,6,16,10,6,5,4,1,0,0,0,0,0,0,0,0,0,0,0,0,9,9,5,1,1,2,0,0,0,4,4,0,1,4,0,2,1
453057103,2,453057104,,8,2,6,*,*,*,*,*,*,*,*,*,*,*,*,*,*,*,*,*,*,*,*,*,*,*,*,*,*,*,*,*,*,4,4,*,*,*,*,*,*,*,*,*,*,*,*,*,*,*
453057104,1,,453057103;453057201,3,2,1,1,0,1,12,6,6,10,5,5,12,6,6,12,6,6,2,1,1,1,0,1,0,0,0,0,0,0,1,1,0,2,2,4,3,1,0,0,0,0,4,4,0,1,2,0,1,0
453057112,0,,,70,39,31,17,8,9,53,31,22,42,26,16,50,31,19,50,31,19,11,5,6,2,0,2,2,0,2,0,0,0,0,0,0,31,31,13,7,5,2,4,0,0,18,18,0,6,8,7,2,3
453057114,0,,,15,10,5,4,4,0,11,6,5,9,5,4,11,6,5,11,6,5,2,1,1,0,0,0,0,0,0,0,0,0,0,0,0,4,4,0,1,0,2,1,0,0,4,2,2,2,1,0,0,0
453057121,0,,,302,176,126,40,18,22,261,157,104,189,118,71,257,154,103,250,148,102,72,39,33,27,14,13,11,6,5,0,0,0,1,0,1,158,158,71,49,22,13,3,0,0,87,84,3,15,49,24,16,24
453057122,0,,,116,60,56,35,21,14,81,39,42,74,33,41,73,35,38,71,33,38,7,6,1,3,2,1,1,1,0,0,0,0,1,1,0,39,39,3,15,8,7,5,1,0,36,36,0,10,6,0,1,3
453057123,1,,453057124,62,40,22,12,9,3,52,31,21,37,27,10,51,30,21,51,30,21,15,4,11,8,2,6,3,1,2,0,0,0,1,1,0,34,34,21,6,4,1,2,1,0,14,13,1,3,11,0,6,1
453057124,2,453057123,,3,1,2,*,*,*,*,*,*,*,*,*,*,*,*,*,*,*,*,*,*,*,*,*,*,*,*,*,*,*,*,*,*,1,1,*,*,*,*,*,*,*,*,*,*,*,*,*,*,*
453057154,0,,,14,8,6,0,0,0,14,8,6,9,6,3,14,8,6,14,8,6,5,2,3,2,0,2,0,0,0,0,0,0,0,0,0,9,9,5,3,1,0,0,0,0,4,4,0,0,5,0,2,0
453057162,0,,,75,41,34,6,3,3,69,38,31,25,13,12,67,37,30,67,37,30,44,25,19,17,10,7,8,5,3,1,0,1,0,0,0,40,40,14,20,4,1,1,0,0,25,24,1,0,30,0,12,11
453057163,1,,453057164,22,11,11,5,2,3,26,13,13,15,8,7,24,12,12,23,12,11,11,5,6,4,2,2,2,1,1,0,0,0,1,1,0,8,8,3,6,2,1,0,1,0,9,9,0,1,8,0,2,3
453057164,2,453057163,,9,4,5,*,*,*,*,*,*,*,*,*,*,*,*,*,*,*,*,*,*,*,*,*,*,*,*,*,*,*,*,*,*,5,5,*,*,*,*,*,*,*,*,*,*,*,*,*,*,*
453057171,2,453057064,,4,2,2,*,*,*,*,*,*,*,*,*,*,*,*,*,*,*,*,*,*,*,*,*,*,*,*,*,*,*,*,*,*,2,2,*,*,*,*,*,*,*,*,*,*,*,*,*,*,*
453057183,2,453057064,,1,1,0,*,*,*,*,*,*,*,*,*,*,*,*,*,*,*,*,*,*,*,*,*,*,*,*,*,*,*,*,*,*,1,1,*,*,*,*,*,*,*,*,*,*,*,*,*,*,*
453057201,2,453057104,,2,2,0,*,*,*,*,*,*,*,*,*,*,*,*,*,*,*,*,*,*,*,*,*,*,*,*,*,*,*,*,*,*,2,2,*,*,*,*,*,*,*,*,*,*,*,*,*,*,*
453057212,2,453057221,,3,1,2,*,*,*,*,*,*,*,*,*,*,*,*,*,*,*,*,*,*,*,*,*,*,*,*,*,*,*,*,*,*,2,2,*,*,*,*,*,*,*,*,*,*,*,*,*,*,*
453057214,2,453057221,,4,2,2,*,*,*,*,*,*,*,*,*,*,*,*,*,*,*,*,*,*,*,*,*,*,*,*,*,*,*,*,*,*,2,2,*,*,*,*,*,*,*,*,*,*,*,*,*,*,*
453057221,1,,453057212;453057214,9,7,2,2,2,0,14,8,6,9,5,4,14,8,6,14,8,6,5,3,2,1,0,1,0,0,0,0,0,0,0,0,0,3,3,2,3,1,0,1,0,0,3,3,0,0,4,0,1,0
453057222,1,,453057223;453057224,26,13,13,2,1,1,38,18,20,16,8,8,38,18,20,38,18,20,22,10,12,11,4,7,6,2,4,1,0,1,0,0,0,16,16,9,11,3,0,0,0,0,14,12,2,0,18,0,7,3
453057223,2,453057222,,7,3,4,*,*,*,*,*,*,*,*,*,*,*,*,*,*,*,*,*,*,*,*,*,*,*,*,*,*,*,*,*,*,3,3,*,*,*,*,*,*,*,*,*,*,*,*,*,*,*
453057224,2,453057222,,7,3,4,*,*,*,*,*,*,*,*,*,*,*,*,*,*,*,*,*,*,*,*,*,*,*,*,*,*,*,*,*,*,4,4,*,*,*,*,*,*,*,*,*,*,*,*,*,*,*
453057231,2,453057233,,82,14,68,*,*,*,*,*,*,*,*,*,*,*,*,*,*,*,*,*,*,*,*,*,*,*,*,*,*,*,*,*,*,6,3,*,*,*,*,*,*,*,*,*,*,*,*,*,*,*
453057232,2,453057233,,1,0,1,*,*,*,*,*,*,*,*,*,*,*,*,*,*,*,*,*,*,*,*,*,*,*,*,*,*,*,*,*,*,1,1,*,*,*,*,*,*,*,*,*,*,*,*,*,*,*
453057233,1,,453057231;453057232,26,9,17,4,0,4,105,23,82,19,9,10,104,22,82,103,22,81,86,14,72,79,11,68,55,7,48,10,0,10,0,0,0,12,12,7,4,3,1,1,0,0,9,9,0,0,9,0,6,1
453057234,0,,,23,11,12,8,5,3,15,6,9,10,5,5,14,6,8,14,6,8,5,1,4,2,0,2,1,0,1,0,0,0,0,0,0,8,8,2,2,1,1,2,0,0,6,6,0,1,3,0,1,1
453057252,2,453057254,,11,3,8,*,*,*,*,*,*,*,*,*,*,*,*,*,*,*,*,*,*,*,*,*,*,*,*,*,*,*,*,*,*,3,3,*,*,*,*,*,*,*,*,*,*,*,*,*,*,*
453057254,1,,453057252,1,1,0,4,0,4,8,4,4,6,3,3,6,3,3,6,3,3,2,1,1,2,1,1,2,1,1,0,0,0,0,0,0,1,1,2,0,0,1,0,1,0,2,2,0,1,2,0,2,0
453057261,0,,,44,20,24,6,3,3,38,17,21,20,9,11,38,17,21,38,17,21,18,8,10,12,5,7,8,4,4,0,0,0,0,0,0,22,22,10,8,0,2,2,0,0,12,11,1,3,12,0,5,3
453057262,0,,,56,30,26,6,5,1,50,25,25,15,10,5,50,25,25,50,25,25,35,15,20,23,8,15,13,5,8,1,0,1,0,0,0,30,30,13,13,1,2,0,1,0,16,16,0,1,25,0,11,8
453057263,2,453057264,,6,4,2,*,*,*,*,*,*,*,*,*,*,*,*,*,*,*,*,*,*,*,*,*,*,*,*,*,*,*,*,*,*,2,2,*,*,*,*,*,*,*,*,*,*,*,*,*,*,*
453057264,1,,453057263,16,8,8,1,0,1,21,12,9,13,8,5,21,12,9,21,12,9,8,4,4,5,2,3,1,1,0,0,0,0,0,0,0,9,9,3,5,3,0,0,0,0,8,7,1,1,6,0,2,2
453057274,2,453057372,,4,2,2,*,*,*,*,*,*,*,*,*,*,*,*,*,*,*,*,*,*,*,*,*,*,*,*,*,*,*,*,*,*,2,2,*,*,*,*,*,*,*,*,*,*,*,*,*,*,*
453057312,1,,453057314,11,5,6,0,0,0,16,7,9,9,5,4,16,7,9,16,7,9,7,2,5,4,0,4,2,0,2,0,0,0,1,0,1,7,7,5,4,1,0,0,0,0,5,5,0,0,5,0,3,2
453057314,2,453057312,,5,2,3,*,*,*,*,*,*,*,*,*,*,*,*,*,*,*,*,*,*,*,*,*,*,*,*,*,*,*,*,*,*,3,3,*,*,*,*,*,*,*,*,*,*,*,*,*,*,*
453057321,0,,,20,7,13,7,1,6,13,6,7,12,5,7,12,6,6,12,6,6,1,1,0,0,0,0,0,0,0,0,0,0,0,0,0,7,7,1,3,0,2,1,0,0,6,6,0,1,1,0,0,0
453057322,0,,,15,6,9,2,2,0,13,4,9,4,1,3,13,4,9,13,4,9,9,3,6,6,2,4,3,1,2,0,0,0,0,0,0,8,8,3,4,0,1,0,0,0,5,5,0,1,7,0,3,2
453057323,0,,,25,17,8,1,1,0,24,16,8,13,10,3,23,15,8,23,15,8,11,6,5,6,4,2,0,0,0,0,0,0,0,0,0,11,11,2,6,1,2,0,0,0,9,8,1,0,6,0,1,3
453057324,0,,,35,18,17,8,7,1,27,11,16,17,7,10,26,10,16,26,10,16,10,4,6,3,1,2,3,1,2,0,0,0,0,0,0,16,16,5,7,2,0,2,0,0,11,11,0,2,8,0,4,2
453057331,0,,,34,16,18,0,0,0,34,16,18,19,9,10,34,16,18,34,16,18,15,7,8,6,1,5,2,0,2,0,0,0,0,0,0,19,18,9,8,1,0,0,0,0,9,8,1,0,7,0,4,2
453057332,1,,453057334,37,21,16,4,3,1,38,21,17,20,12,8,38,21,17,38,21,17,18,9,9,10,6,4,0,0,0,0,0,0,1,0,1,15,15,3,11,3,2,0,0,0,15,15,0,0,12,0,3,5
453057333,0,,,17,10,7,3,3,0,14,7,7,6,4,2,14,7,7,14,7,7,8,3,5,3,1,2,1,0,1,0,0,0,0,0,0,10,10,6,2,1,1,0,0,0,4,4,0,1,6,0,4,2
453057334,2,453057332,,5,3,2,*,*,*,*,*,*,*,*,*,*,*,*,*,*,*,*,*,*,*,*,*,*,*,*,*,*,*,*,*,*,4,4,*,*,*,*,*,*,*,*,*,*,*,*,*,*,*
453057361,2,453057373,,4,2,2,*,*,*,*,*,*,*,*,*,*,*,*,*,*,*,*,*,*,*,*,*,*,*,*,*,*,*,*,*,*,2,2,*,*,*,*,*,*,*,*,*,*,*,*,*,*,*
453057364,2,453057373,,6,2,4,*,*,*,*,*,*,*,*,*,*,*,*,*,*,*,*,*,*,*,*,*,*,*,*,*,*,*,*,*,*,3,3,*,*,*,*,*,*,*,*,*,*,*,*,*,*,*
453057371,0,,,58,26,32,6,1,5,52,25,27,24,13,11,52,25,27,52,25,27,28,12,16,11,4,7,4,2,2,0,0,0,0,0,0,28,28,8,13,5,1,1,0,0,20,19,1,3,18,0,4,8
453057372,1,,453057274,35,17,18,5,2,3,34,17,17,23,11,12,34,17,17,34,17,17,11,6,5,8,4,4,3,3,0,1,1,0,0,0,0,15,15,3,10,1,2,1,0,0,13,13,0,2,8,0,3,3
453057373,1,,453057361;453057364,6,2,4,2,1,1,14,5,9,7,3,4,14,5,9,14,5,9,7,2,5,7,2,5,2,0,2,0,0,0,0,0,0,3,3,4,2,0,2,0,0,0,4,3,1,0,6,0,4,1
453057404,2,453057502,,5,3,2,*,*,*,*,*,*,*,*,*,*,*,*,*,*,*,*,*,*,*,*,*,*,*,*,*,*,*,*,*,*,2,2,*,*,*,*,*,*,*,*,*,*,*,*,*,*,*
453057412,0,,,15,10,5,0,0,0,15,10,5,4,4,0,15,10,5,15,10,5,11,6,5,8,4,4,4,2,2,1,0,1,0,0,0,7,7,1,4,2,0,0,0,0,6,6,0,0,7,0,1,2
453057421,0,,,13,6,7,3,2,1,10,4,6,5,2,3,10,4,6,10,4,6,5,2,3,2,1,1,2,1,1,0,0,0,0,0,0,5,5,2,1,0,1,1,0,0,3,1,2,1,4,0,1,0
453057422,1,,453057423;453057424,14,6,8,0,0,0,19,9,10,13,6,7,19,9,10,19,9,10,6,3,3,3,1,2,1,0,1,1,0,1,0,0,0,7,7,2,7,1,0,0,0,0,8,7,1,0,3,0,0,1
453057423,2,453057422,,2,1,1,*,*,*,*,*,*,*,*,*,*,*,*,*,*,*,*,*,*,*,*,*,*,*,*,*,*,*,*,*,*,1,1,*,*,*,*,*,*,*,*,*,*,*,*,*,*,*
453057424,2,453057422,,3,2,1,*,*,*,*,*,*,*,*,*,*,*,*,*,*,*,*,*,*,*,*,*,*,*,*,*,*,*,*,*,*,2,2,*,*,*,*,*,*,*,*,*,*,*,*,*,*,*
453057431,2,453057433,,6,4,2,*,*,*,*,*,*,*,*,*,*,*,*,*,*,*,*,*,*,*,*,*,*,*,*,*,*,*,*,*,*,3,3,*,*,*,*,*,*,*,*,*,*,*,*,*,*,*
453057432,1,,453057441;453057443,10,4,6,1,0,1,12,5,7,5,2,3,12,5,7,12,5,7,7,3,4,4,1,3,1,0,1,1,0,1,0,0,0,5,5,3,2,2,0,0,0,0,4,3,1,1,5,0,3,0
453057433,1,,453057431,9,4,5,0,0,0,15,8,7,7,4,3,15,8,7,15,8,7,8,4,4,8,4,4,2,1,1,0,0,0,0,0,0,4,4,1,5,0,1,0,0,0,6,5,1,0,5,0,1,2
453057441,2,453057432,,2,1,1,*,*,*,*,*,*,*,*,*,*,*,*,*,*,*,*,*,*,*,*,*,*,*,*,*,*,*,*,*,*,1,1,*,*,*,*,*,*,*,*,*,*,*,*,*,*,*
453057443,2,453057432,,1,0,1,*,*,*,*,*,*,*,*,*,*,*,*,*,*,*,*,*,*,*,*,*,*,*,*,*,*,*,*,*,*,1,1,*,*,*,*,*,*,*,*,*,*,*,*,*,*,*
453057501,0,,,15,9,6,1,1,0,14,8,6,7,5,2,14,8,6,14,8,6,7,3,4,5,2,3,1,0,1,0,0,0,0,0,0,8,8,3,3,2,0,0,0,0,5,5,0,0,4,0,1,2
453057502,1,,453057404,41,20,21,2,0,2,44,23,21,23,14,9,44,23,21,44,23,21,21,9,12,13,3,10,5,1,4,0,0,0,0,0,0,21,21,9,7,5,2,0,0,0,14,12,2,1,14,0,5,5
453057503,0,,,20,11,9,4,2,2,16,9,7,10,7,3,16,9,7,16,9,7,6,2,4,2,1,1,0,0,0,0,0,0,0,0,0,10,10,5,2,1,2,0,0,0,5,3,2,0,4,0,1,1
453057504,0,,,35,17,18,4,3,1,31,14,17,17,7,10,30,14,16,30,14,16,14,7,7,5,2,3,0,0,0,0,0,0,0,0,0,15,15,3,6,4,2,0,0,0,12,11,1,0,9,0,2,2
453057522,2,453057531,,1,0,1,*,*,*,*,*,*,*,*,*,*,*,*,*,*,*,*,*,*,*,*,*,*,*,*,*,*,*,*,*,*,1,1,*,*,*,*,*,*,*,*,*,*,*,*,*,*,*
453057524,2,453057531,,2,1,1,*,*,*,*,*,*,*,*,*,*,*,*,*,*,*,*,*,*,*,*,*,*,*,*,*,*,*,*,*,*,1,1,*,*,*,*,*,*,*,*,*,*,*,*,*,*,*
453057531,1,,453057522;453057524;453057534,14,7,7,7,2,5,20,11,9,10,7,3,20,11,9,20,11,9,10,4,6,7,2,5,4,1,3,0,0,0,0,0,0,5,5,5,4,1,0,1,1,0,7,7,0,2,7,0,3,3
453057534,2,453057531,,10,5,5,*,*,*,*,*,*,*,*,*,*,*,*,*,*,*,*,*,*,*,*,*,*,*,*,*,*,*,*,*,*,5,5,*,*,*,*,*,*,*,*,*,*,*,*,*,*,*
453057543,0,,,20,11,9,0,0,0,20,11,9,9,4,5,20,11,9,20,11,9,11,7,4,5,4,1,1,1,0,1,1,0,0,0,0,11,11,3,7,1,0,0,0,0,8,8,0,0,8,0,1,4
453057562,2,453057564,,7,3,4,*,*,*,*,*,*,*,*,*,*,*,*,*,*,*,*,*,*,*,*,*,*,*,*,*,*,*,*,*,*,3,3,*,*,*,*,*,*,*,*,*,*,*,*,*,*,*
453057564,1,,453057562;453057573,98,47,51,11,2,9,100,50,50,60,33,27,97,48,49,95,47,48,40,17,23,22,8,14,7,2,5,1,0,1,2,0,2,41,41,7,24,8,4,2,1,0,39,37,2,4,28,0,5,12
453057573,2,453057564,,6,2,4,*,*,*,*,*,*,*,*,*,*,*,*,*,*,*,*,*,*,*,*,*,*,*,*,*,*,*,*,*,*,2,2,*,*,*,*,*,*,*,*,*,*,*,*,*,*,*
453057601,1,,453057602,15,6,9,0,0,0,21,9,12,12,6,6,20,9,11,20,9,11,9,3,6,6,1,5,1,0,1,0,0,0,0,0,0,9,9,6,6,1,0,0,0,0,7,7,0,0,7,0,4,2
453057602,2,453057601,,6,3,3,*,*,*,*,*,*,*,*,*,*,*,*,*,*,*,*,*,*,*,*,*,*,*,*,*,*,*,*,*,*,4,4,*,*,*,*,*,*,*,*,*,*,*,*,*,*,*
453057604,0,,,41,20,21,12,8,4,29,12,17,17,8,9,27,12,15,27,12,15,12,4,8,9,3,6,5,2,3,1,1,0,0,0,0,16,16,4,6,2,1,3,0,0,12,12,0,3,10,0,4,2
453057621,1,,453057622,7,2,5,9,3,6,10,4,6,7,3,4,10,4,6,10,4,6,3,1,2,1,0,1,0,0,0,0,0,0,0,0,0,2,2,2,1,0,0,3,0,0,2,2,0,1,2,0,1,1
453057622,2,453057621,,12,5,7,*,*,*,*,*,*,*,*,*,*,*,*,*,*,*,*,*,*,*,*,*,*,*,*,*,*,*,*,*,*,4,4,*,*,*,*,*,*,*,*,*,*,*,*,*,*,*
453057632,0,,,10,5,5,0,0,0,10,5,5,5,3,2,10,5,5,10,5,5,5,2,3,4,1,3,0,0,0,0,0,0,0,0,0,7,7,4,3,0,0,0,0,0,3,3,0,0,4,0,3,1
453057634,0,,,23,12,11,0,0,0,23,12,11,12,8,4,23,12,11,23,12,11,11,4,7,9,3,6,2,1,1,0,0,0,0,0,0,14,14,5,9,0,0,0,0,0,9,9,0,0,9,0,5,2
453057641,0,,,24,10,14,2,1,1,22,9,13,10,4,6,21,9,12,20,8,12,12,5,7,10,4,6,6,2,4,0,0,0,0,0,0,15,15,9,4,1,1,0,0,0,6,6,0,0,10,0,7,3
453057642,2,453057644,,5,3,2,*,*,*,*,*,*,*,*,*,*,*,*,*,*,*,*,*,*,*,*,*,*,*,*,*,*,*,*,*,*,3,3,*,*,*,*,*,*,*,*,*,*,*,*,*,*,*
453057643,1,,453057732,15,7,8,0,0,0,22,10,12,6,2,4,22,10,12,22,10,12,16,8,8,8,3,5,6,2,4,0,0,0,0,0,0,9,9,6,8,0,0,0,0,0,8,8,0,0,12,0,5,5
453057644,1,,453057642,24,12,12,0,0,0,29,15,14,15,7,8,29,15,14,29,15,14,14,8,6,9,5,4,5,4,1,0,0,0,0,0,0,12,12,4,8,3,0,0,0,0,11,9,2,0,10,0,4,3
453057653,0,,,23,8,15,3,3,0,20,5,15,10,4,6,19,4,15,19,4,15,10,1,9,6,0,6,2,0,2,0,0,0,0,0,0,13,13,7,4,1,0,1,0,0,6,6,0,2,9,0,6,1
453057662,0,,,54,27,27,4,1,3,50,26,24,20,10,10,50,26,24,50,26,24,30,16,14,17,8,9,13,6,7,0,0,0,0,0,0,25,25,6,12,5,1,1,0,0,19,19,0,1,20,0,6,11
453057664,1,,453057762;453057764,120,53,67,4,2,2,121,53,68,61,29,32,118,53,65,116,53,63,60,24,36,38,14,24,9,3,6,0,0,0,0,0,0,59,59,22,24,9,7,0,0,0,40,38,2,1,41,0,18,15
453057671,2,453057673,,2,1,1,*,*,*,*,*,*,*,*,*,*,*,*,*,*,*,*,*,*,*,*,*,*,*,*,*,*,*,*,*,*,1,1,*,*,*,*,*,*,*,*,*,*,*,*,*,*,*
453057673,1,,453057671,7,3,4,0,0,0,9,4,5,4,1,3,9,4,5,9,4,5,5,3,2,1,1,0,0,0,0,0,0,0,0,0,0,3,3,0,3,1,0,0,0,0,4,4,0,0,3,0,0,2
453057701,0,,,23,13,10,5,2,3,18,11,7,10,6,4,18,11,7,18,11,7,8,5,3,4,3,1,2,2,0,0,0,0,0,0,0,11,11,4,5,0,1,1,0,0,7,7,0,1,5,0,2,3
453057702,0,,,33,14,19,6,3,3,27,11,16,15,6,9,26,11,15,26,11,15,12,5,7,8,3,5,5,1,4,0,0,0,0,0,0,17,17,8,6,1,0,2,0,0,8,8,0,1,9,0,5,3
453057721,2,453057722,,2,1,1,*,*,*,*,*,*,*,*,*,*,*,*,*,*,*,*,*,*,*,*,*,*,*,*,*,*,*,*,*,*,1,1,*,*,*,*,*,*,*,*,*,*,*,*,*,*,*
453057722,1,,453057721,15,9,6,0,0,0,17,10,7,11,6,5,16,10,6,16,10,6,6,4,2,4,2,2,0,0,0,0,0,0,0,0,0,8,8,2,6,1,0,0,0,0,6,6,0,0,4,0,1,2
453057732,2,453057643,,7,3,4,*,*,*,*,*,*,*,*,*,*,*,*,*,*,*,*,*,*,*,*,*,*,*,*,*,*,*,*,*,*,5,5,*,*,*,*,*,*,*,*,*,*,*,*,*,*,*
453057742,0,,,22,9,13,2,2,0,20,7,13,11,5,6,19,6,13,19,6,13,9,2,7,6,1,5,3,0,3,0,0,0,0,0,0,12,12,7,2,1,2,0,0,0,5,5,0,1,8,0,7,1
453057743,2,453057744,,6,2,4,*,*,*,*,*,*,*,*,*,*,*,*,*,*,*,*,*,*,*,*,*,*,*,*,*,*,*,*,*,*,2,2,*,*,*,*,*,*,*,*,*,*,*,*,*,*,*
453057744,1,,453057743,20,9,11,2,1,1,24,10,14,16,8,8,24,10,14,24,10,14,8,2,6,5,1,4,1,0,1,0,0,0,0,0,0,14,14,10,4,1,0,1,0,0,6,5,1,1,7,0,5,1
453057751,0,,,39,17,22,7,3,4,32,14,18,17,8,9,32,14,18,31,14,17,15,6,9,10,4,6,0,0,0,0,0,0,0,0,0,20,20,10,5,2,2,1,0,0,10,10,0,2,13,0,8,2
453057753,0,,,151,58,93,9,2,7,142,56,86,24,16,8,140,56,84,140,56,84,118,40,78,96,29,67,63,16,47,14,4,10,0,0,0,37,36,15,14,4,0,2,1,0,21,21,0,1,26,0,11,8
453057754,1,,453057862,11,7,4,0,0,0,13,8,5,8,6,2,12,7,5,11,7,4,5,2,3,2,1,1,0,0,0,0,0,0,0,0,0,5,5,2,2,1,1,0,0,0,4,2,2,0,3,1,0,1
453057762,2,453057664,,3,1,2,*,*,*,*,*,*,*,*,*,*,*,*,*,*,*,*,*,*,*,*,*,*,*,*,*,*,*,*,*,*,2,2,*,*,*,*,*,*,*,*,*,*,*,*,*,*,*
453057764,2,453057664,,2,1,1,*,*,*,*,*,*,*,*,*,*,*,*,*,*,*,*,*,*,*,*,*,*,*,*,*,*,*,*,*,*,1,1,*,*,*,*,*,*,*,*,*,*,*,*,*,*,*
453057802,2,453057804,,5,2,3,*,*,*,*,*,*,*,*,*,*,*,*,*,*,*,*,*,*,*,*,*,*,*,*,*,*,*,*,*,*,3,3,*,*,*,*,*,*,*,*,*,*,*,*,*,*,*
453057804,1,,453057802,18,6,12,0,0,0,23,8,15,9,4,5,22,8,14,22,8,14,14,4,10,12,3,9,3,0,3,0,0,0,0,0,0,9,9,4,7,0,0,1,0,0,8,7,1,0,10,0,4,4
453057811,0,,,11,5,6,0,0,0,11,5,6,4,2,2,11,5,6,11,5,6,7,3,4,6,2,4,1,0,1,0,0,0,0,0,0,7,7,3,4,0,0,0,0,0,4,4,0,0,5,0,3,2
453057813,0,,,40,22,18,6,4,2,34,18,16,24,14,10,33,17,16,33,17,16,10,4,6,8,3,5,4,1,3,0,0,0,0,0,0,21,21,9,8,2,1,1,0,0,12,12,0,1,9,0,7,1
453057814,0,,,40,15,25,5,0,5,35,15,20,14,6,8,35,15,20,35,15,20,21,9,12,12,5,7,5,2,3,0,0,0,0,0,0,23,23,10,11,1,0,1,0,0,13,13,0,1,15,0,8,6
453057834,2,453057932,,6,4,2,*,*,*,*,*,*,*,*,*,*,*,*,*,*,*,*,*,*,*,*,*,*,*,*,*,*,*,*,*,*,3,3,*,*,*,*,*,*,*,*,*,*,*,*,*,*,*
453057842,0,,,14,7,7,3,1,2,11,6,5,6,3,3,11,6,5,11,6,5,5,3,2,3,2,1,1,1,0,0,0,0,0,0,0,5,5,0,3,1,0,1,0,0,5,5,0,1,3,0,0,2
453057844,0,,,13,6,7,0,0,0,13,6,7,10,5,5,13,6,7,13,6,7,3,1,2,2,1,1,1,1,0,1,1,0,0,0,0,5,5,2,0,1,2,0,0,0,3,2,1,0,3,0,2,0
453057851,1,,453057852,42,18,24,3,1,2,42,18,24,21,10,11,41,17,24,41,17,24,21,8,13,16,6,10,6,2,4,1,0,1,0,0,0,18,18,3,13,1,2,1,0,0,17,16,1,0,12,0,2,7
453057852,2,453057851,,3,1,2,*,*,*,*,*,*,*,*,*,*,*,*,*,*,*,*,*,*,*,*,*,*,*,*,*,*,*,*,*,*,2,2,*,*,*,*,*,*,*,*,*,*,*,*,*,*,*
453057853,1,,453057854,24,13,11,0,0,0,30,16,14,11,6,5,29,15,14,29,15,14,19,10,9,12,5,7,3,2,1,0,0,0,0,0,0,14,14,8,6,2,1,0,0,0,9,8,1,0,14,0,6,4
453057854,2,453057853,,6,3,3,*,*,*,*,*,*,*,*,*,*,*,*,*,*,*,*,*,*,*,*,*,*,*,*,*,*,*,*,*,*,3,3,*,*,*,*,*,*,*,*,*,*,*,*,*,*,*
453057862,2,453057754,,2,1,1,*,*,*,*,*,*,*,*,*,*,*,*,*,*,*,*,*,*,*,*,*,*,*,*,*,*,*,*,*,*,1,1,*,*,*,*,*,*,*,*,*,*,*,*,*,*,*
453057911,1,,453057912,12,7,5,5,3,2,21,13,8,15,10,5,20,12,8,20,12,8,6,3,3,4,2,2,0,0,0,0,0,0,0,0,0,7,7,4,6,0,0,2,0,0,8,8,0,0,5,1,1,2
453057912,2,453057911,,14,9,5,*,*,*,*,*,*,*,*,*,*,*,*,*,*,*,*,*,*,*,*,*,*,*,*,*,*,*,*,*,*,5,5,*,*,*,*,*,*,*,*,*,*,*,*,*,*,*
453057932,1,,453057834,11,6,5,2,1,1,15,9,6,6,4,2,15,9,6,15,9,6,9,5,4,5,2,3,1,0,1,1,0,1,0,0,0,6,6,3,4,2,0,0,0,0,6,6,0,0,6,0,1,1
453057934,0,,,10,6,4,1,1,0,9,5,4,3,2,1,9,5,4,9,5,4,6,3,3,4,2,2,0,0,0,0,0,0,0,0,0,4,4,0,2,2,0,0,0,0,4,4,0,1,3,0,0,2
453057941,1,,453057942,9,5,4,0,0,0,10,5,5,5,3,2,10,5,5,10,5,5,5,2,3,3,0,3,1,0,1,0,0,0,0,0,0,6,6,4,3,0,0,0,0,0,3,3,0,0,4,0,2,1
453057942,2,453057941,,1,0,1,*,*,*,*,*,*,*,*,*,*,*,*,*,*,*,*,*,*,*,*,*,*,*,*,*,*,*,*,*,*,1,1,*,*,*,*,*,*,*,*,*,*,*,*,*,*,*
453057943,0,,,30,12,18,4,2,2,26,10,16,17,8,9,25,9,16,25,9,16,9,2,7,8,2,6,2,0,2,0,0,0,0,0,0,13,13,3,5,4,0,1,0,0,10,9,1,0,7,0,2,2
453057944,0,,,27,15,12,3,2,1,24,13,11,13,7,6,23,12,11,23,12,11,11,6,5,5,2,3,1,0,1,0,0,0,0,0,0,11,11,2,4,4,0,1,0,0,9,9,0,0,8,0,2,4
453057951,2,453057952,,6,2,4,*,*,*,*,*,*,*,*,*,*,*,*,*,*,*,*,*,*,*,*,*,*,*,*,*,*,*,*,*,*,4,4,*,*,*,*,*,*,*,*,*,*,*,*,*,*,*
453057952,1,,453057951;453057953,13,9,4,2,2,0,18,10,8,9,5,4,18,10,8,18,10,8,9,5,4,5,2,3,3,2,1,0,0,0,0,0,0,6,6,5,4,1,1,0,0,0,6,6,0,1,7,0,4,1
453057953,2,453057952,,1,1,0,*,*,*,*,*,*,*,*,*,*,*,*,*,*,*,*,*,*,*,*,*,*,*,*,*,*,*,*,*,*,1,1,*,*,*,*,*,*,*,*,*,*,*,*,*,*,*
453057954,0,,,9,5,4,0,0,0,9,5,4,7,4,3,9,5,4,9,5,4,2,1,1,2,1,1,0,0,0,0,0,0,0,0,0,5,5,2,2,1,0,0,0,0,3,3,0,0,1,0,0,0
453057962,2,453057964,,7,3,4,*,*,*,*,*,*,*,*,*,*,*,*,*,*,*,*,*,*,*,*,*,*,*,*,*,*,*,*,*,*,5,5,*,*,*,*,*,*,*,*,*,*,*,*,*,*,*
453057964,1,,453057962,125,64,61,11,6,5,121,61,60,60,34,26,117,59,58,115,57,58,61,27,34,35,15,20,12,4,8,0,0,0,0,0,0,63,63,31,22,9,3,1,1,1,37,33,4,4,41,0,18,12
453057972,2,453057974,,10,6,4,*,*,*,*,*,*,*,*,*,*,*,*,*,*,*,*,*,*,*,*,*,*,*,*,*,*,*,*,*,*,3,3,*,*,*,*,*,*,*,*,*,*,*,*,*,*,*
453057973,2,453057974,,6,3,3,*,*,*,*,*,*,*,*,*,*,*,*,*,*,*,*,*,*,*,*,*,*,*,*,*,*,*,*,*,*,3,3,*,*,*,*,*,*,*,*,*,*,*,*,*,*,*
453057974,1,,453057972;453057973;453057983,29,13,16,4,2,2,46,23,23,20,11,9,44,21,23,43,20,23,26,12,14,18,8,10,5,2,3,0,0,0,0,0,0,17,17,9,14,1,1,0,1,0,17,17,0,1,16,0,5,10
453057983,2,453057974,,5,3,2,*,*,*,*,*,*,*,*,*,*,*,*,*,*,*,*,*,*,*,*,*,*,*,*,*,*,*,*,*,*,3,3,*,*,*,*,*,*,*,*,*,*,*,*,*,*,*
453067022,2,453067133,,2,1,1,*,*,*,*,*,*,*,*,*,*,*,*,*,*,*,*,*,*,*,*,*,*,*,*,*,*,*,*,*,*,1,1,*,*,*,*,*,*,*,*,*,*,*,*,*,*,*
453067032,2,453067133,,2,0,2,*,*,*,*,*,*,*,*,*,*,*,*,*,*,*,*,*,*,*,*,*,*,*,*,*,*,*,*,*,*,1,1,*,*,*,*,*,*,*,*,*,*,*,*,*,*,*
453067041,1,,453067042;453067043,3,1,2,6,3,3,12,6,6,11,6,5,12,6,6,12,6,6,1,0,1,1,0,1,0,0,0,0,0,0,0,0,0,3,3,5,2,0,1,1,0,0,4,4,0,1,1,0,1,0
453067042,2,453067041,,10,5,5,*,*,*,*,*,*,*,*,*,*,*,*,*,*,*,*,*,*,*,*,*,*,*,*,*,*,*,*,*,*,5,5,*,*,*,*,*,*,*,*,*,*,*,*,*,*,*
453067043,2,453067041,,5,3,2,*,*,*,*,*,*,*,*,*,*,*,*,*,*,*,*,*,*,*,*,*,*,*,*,*,*,*,*,*,*,1,1,*,*,*,*,*,*,*,*,*,*,*,*,*,*,*
453067051,0,,,21,13,8,2,1,1,19,12,7,10,7,3,18,11,7,17,10,7,9,5,4,7,3,4,0,0,0,0,0,0,0,0,0,10,10,5,2,1,1,1,0,0,5,4,1,0,6,2,2,1
453067052,0,,,25,11,14,0,0,0,25,11,14,16,8,8,25,11,14,25,11,14,9,3,6,8,2,6,1,0,1,0,0,0,0,0,0,13,13,3,8,2,0,0,0,0,10,10,0,0,7,0,2,3
453067053,2,453067054,,7,3,4,*,*,*,*,*,*,*,*,*,*,*,*,*,*,*,*,*,*,*,*,*,*,*,*,*,*,*,*,*,*,5,5,*,*,*,*,*,*,*,*,*,*,*,*,*,*,*
453067054,1,,453067053,40,19,21,0,0,0,47,22,25,15,8,7,47,22,25,47,22,25,32,14,18,18,8,10,7,1,6,0,0,0,0,0,0,22,22,12,10,5,0,0,0,0,15,15,0,0,21,0,9,5
453067061,0,,,12,5,7,0,0,0,12,5,7,7,4,3,12,5,7,11,5,6,5,1,4,5,1,4,4,1,3,1,0,1,0,0,0,5,5,1,2,1,1,0,0,0,4,3,1,0,4,0,1,1
453067062,0,,,25,10,15,2,0,2,23,10,13,13,6,7,23,10,13,23,10,13,10,4,6,5,2,3,4,1,3,0,0,0,0,0,0,14,14,7,3,4,0,0,0,0,7,7,0,2,8,0,5,1
453067064,0,,,51,23,28,9,3,6,42,20,22,34,16,18,42,20,22,42,20,22,8,4,4,4,1,3,0,0,0,0,0,0,0,0,0,22,22,5,9,5,2,1,0,0,17,17,0,2,6,0,2,2
453067071,2,453067081,,4,1,3,*,*,*,*,*,*,*,*,*,*,*,*,*,*,*,*,*,*,*,*,*,*,*,*,*,*,*,*,*,*,1,1,*,*,*,*,*,*,*,*,*,*,*,*,*,*,*
453067072,2,453067081,,6,3,3,*,*,*,*,*,*,*,*,*,*,*,*,*,*,*,*,*,*,*,*,*,*,*,*,*,*,*,*,*,*,2,2,*,*,*,*,*,*,*,*,*,*,*,*,*,*,*
453067081,1,,453067071;453067072,2,1,1,4,1,3,8,4,4,6,3,3,8,4,4,8,4,4,2,1,1,1,1,0,0,0,0,0,0,0,1,1,0,1,1,0,2,0,2,0,0,0,3,3,0,2,1,0,0,1
453067122,2,453067133,,1,0,1,*,*,*,*,*,*,*,*,*,*,*,*,*,*,*,*,*,*,*,*,*,*,*,*,*,*,*,*,*,*,1,1,*,*,*,*,*,*,*,*,*,*,*,*,*,*,*
453067131,2,453067133,,7,4,3,*,*,*,*,*,*,*,*,*,*,*,*,*,*,*,*,*,*,*,*,*,*,*,*,*,*,*,*,*,*,4,4,*,*,*,*,*,*,*,*,*,*,*,*,*,*,*
453067132,2,453067134,,5,2,3,*,*,*,*,*,*,*,*,*,*,*,*,*,*,*,*,*,*,*,*,*,*,*,*,*,*,*,*,*,*,3,3,*,*,*,*,*,*,*,*,*,*,*,*,*,*,*
453067133,1,,453067022;453067032;453067122;453067131;453067231,79,37,42,10,7,3,89,40,49,42,21,21,87,39,48,87,39,48,47,19,28,19,6,13,7,1,6,0,0,0,1,0,1,40,40,17,24,4,3,2,0,0,32,30,2,3,34,0,15,10
453067134,1,,453067132,13,4,9,2,0,2,16,6,10,5,1,4,16,6,10,16,6,10,11,5,6,4,1,3,0,0,0,0,0,0,0,0,0,7,7,4,5,0,1,0,0,0,5,4,1,0,9,0,4,2
453067152,0,,,11,5,6,0,0,0,11,5,6,2,1,1,11,5,6,11,5,6,9,4,5,4,1,3,3,1,2,0,0,0,0,0,0,7,7,3,4,0,0,0,0,0,4,4,0,0,6,0,2,4
453067153,0,,,43,21,22,1,1,0,42,20,22,11,7,4,41,19,22,41,19,22,31,13,18,18,8,10,12,4,8,0,0,0,0,0,0,25,25,10,12,3,0,0,0,0,15,14,1,0,20,1,8,7
453067154,0,,,42,20,22,4,1,3,38,19,19,23,12,11,38,19,19,38,19,19,15,7,8,6,3,3,4,2,2,0,0,0,0,0,0,20,20,4,11,4,1,0,0,0,16,16,0,2,8,0,1,7
453067161,1,,453067163;453067164,25,13,12,3,3,0,42,16,26,18,9,9,42,16,26,42,16,26,24,7,17,18,4,14,11,0,11,1,0,1,0,0,0,13,13,7,6,1,3,0,0,0,10,8,2,1,11,0,5,1
453067162,0,,,14,8,6,4,3,1,10,5,5,6,3,3,10,5,5,10,5,5,4,2,2,3,1,2,1,1,0,0,0,0,0,0,0,7,7,4,1,0,2,0,0,0,3,3,0,1,4,0,4,0
453067163,2,453067161,,18,5,13,*,*,*,*,*,*,*,*,*,*,*,*,*,*,*,*,*,*,*,*,*,*,*,*,*,*,*,*,*,*,4,3,*,*,*,*,*,*,*,*,*,*,*,*,*,*,*
453067164,2,453067161,,2,1,1,*,*,*,*,*,*,*,*,*,*,*,*,*,*,*,*,*,*,*,*,*,*,*,*,*,*,*,*,*,*,1,1,*,*,*,*,*,*,*,*,*,*,*,*,*,*,*
453067172,2,453067174,,3,2,1,*,*,*,*,*,*,*,*,*,*,*,*,*,*,*,*,*,*,*,*,*,*,*,*,*,*,*,*,*,*,1,1,*,*,*,*,*,*,*,*,*,*,*,*,*,*,*
453067173,0,,,63,31,32,8,3,5,55,28,27,35,18,17,54,27,27,52,26,26,20,10,10,12,7,5,5,3,2,0,0,0,0,0,0,28,28,5,17,3,1,1,1,0,23,23,0,3,11,0,2,9
453067174,1,,453067172;453067181,29,17,12,6,5,1,30,15,15,13,7,6,29,15,14,29,15,14,17,8,9,7,3,4,2,1,1,0,0,0,1,1,0,12,12,5,6,3,0,2,0,0,11,11,0,2,12,0,5,3
453067181,2,453067174,,4,1,3,*,*,*,*,*,*,*,*,*,*,*,*,*,*,*,*,*,*,*,*,*,*,*,*,*,*,*,*,*,*,3,3,*,*,*,*,*,*,*,*,*,*,*,*,*,*,*
453067231,2,453067133,,8,5,3,*,*,*,*,*,*,*,*,*,*,*,*,*,*,*,*,*,*,*,*,*,*,*,*,*,*,*,*,*,*,3,3,*,*,*,*,*,*,*,*,*,*,*,*,*,*,*
453067241,2,453067251,,1,1,0,*,*,*,*,*,*,*,*,*,*,*,*,*,*,*,*,*,*,*,*,*,*,*,*,*,*,*,*,*,*,1,1,*,*,*,*,*,*,*,*,*,*,*,*,*,*,*
453067242,2,453067251,,3,1,2,*,*,*,*,*,*,*,*,*,*,*,*,*,*,*,*,*,*,*,*,*,*,*,*,*,*,*,*,*,*,2,2,*,*,*,*,*,*,*,*,*,*,*,*,*,*,*
453067243,2,453067251,,2,1,1,*,*,*,*,*,*,*,*,*,*,*,*,*,*,*,*,*,*,*,*,*,*,*,*,*,*,*,*,*,*,1,1,*,*,*,*,*,*,*,*,*,*,*,*,*,*,*
453067251,1,,453067241;453067242;453067243,36,18,18,3,1,2,39,20,19,17,9,8,39,20,19,39,20,19,22,11,11,10,5,5,4,2,2,0,0,0,0,0,0,19,19,8,12,2,1,0,0,0,15,15,0,1,16,0,6,8
453067252,0,,,24,14,10,6,5,1,18,9,9,13,7,6,18,9,9,18,9,9,5,2,3,2,1,1,0,0,0,0,0,0,0,0,0,11,11,4,4,1,1,1,0,0,7,7,0,2,3,0,1,2
453067253,0,,,23,6,17,4,0,4,19,6,13,7,2,5,19,6,13,18,6,12,12,4,8,11,4,7,3,1,2,2,1,1,0,0,0,12,12,5,5,0,2,0,0,0,7,7,0,0,8,0,4,3
453067261,0,,,162,67,95,10,2,8,152,65,87,69,34,35,147,63,84,144,63,81,83,31,52,62,20,42,34,10,24,9,1,8,0,0,0,37,30,8,16,4,1,1,0,0,22,21,1,1,17,0,6,6
453067262,0,,,53,25,28,5,2,3,48,23,25,30,16,14,46,23,23,44,21,23,18,7,11,11,3,8,2,0,2,0,0,0,0,0,0,24,24,7,10,3,3,1,0,0,16,16,0,1,14,0,6,5
453067263,0,,,135,65,70,25,12,13,110,53,57,64,30,34,108,52,56,108,52,56,46,23,23,22,7,15,9,4,5,2,0,2,0,0,0,65,65,24,24,9,4,4,0,0,41,39,2,5,31,1,10,12
453067264,0,,,53,19,34,7,3,4,46,16,30,16,7,9,46,16,30,46,16,30,30,9,21,19,4,15,12,2,10,3,1,2,0,0,0,24,23,10,8,3,2,0,0,0,13,12,1,2,14,0,6,6
453067271,0,,,60,29,31,8,2,6,52,27,25,28,16,12,51,26,25,51,26,25,24,11,13,17,6,11,5,4,1,0,0,0,0,0,0,30,30,12,9,7,1,1,0,0,18,18,0,4,18,0,10,5
453067272,0,,,13,7,6,0,0,0,13,7,6,9,5,4,13,7,6,13,7,6,4,2,2,1,0,1,0,0,0,0,0,0,0,0,0,6,6,1,3,2,0,0,0,0,5,4,1,0,3,0,1,1
453067273,0,,,30,12,18,3,0,3,27,12,15,17,9,8,27,12,15,25,10,15,10,3,7,7,1,6,2,0,2,0,0,0,0,0,0,16,16,9,3,1,3,0,0,0,7,6,1,1,9,0,6,1
453067274,0,,,12,5,7,1,0,1,11,5,6,10,5,5,11,5,6,9,3,6,1,0,1,0,0,0,0,0,0,0,0,0,0,0,0,4,4,0,2,1,0,1,0,0,4,4,0,0,1,0,0,0
453067343,0,,,17,9,8,0,0,0,17,9,8,9,5,4,17,9,8,17,9,8,8,4,4,3,2,1,3,2,1,2,2,0,0,0,0,8,8,0,7,1,0,0,0,0,8,8,0,0,6,0,0,2
453067352,2,453067354,,3,2,1,*,*,*,*,*,*,*,*,*,*,*,*,*,*,*,*,*,*,*,*,*,*,*,*,*,*,*,*,*,*,2,2,*,*,*,*,*,*,*,*,*,*,*,*,*,*,*
453067353,2,453067354,,1,1,0,*,*,*,*,*,*,*,*,*,*,*,*,*,*,*,*,*,*,*,*,*,*,*,*,*,*,*,*,*,*,1,1,*,*,*,*,*,*,*,*,*,*,*,*,*,*,*
453067354,1,,453067352;453067353,20,12,8,0,0,0,24,15,9,10,8,2,24,15,9,24,15,9,14,7,7,6,3,3,4,1,3,0,0,0,0,0,0,12,12,6,9,0,0,0,0,0,9,9,0,0,10,1,3,4
453067361,0,,,82,37,45,23,10,13,59,27,32,39,18,21,57,26,31,57,26,31,20,9,11,11,4,7,3,2,1,0,0,0,2,0,2,33,33,14,8,4,0,4,1,2,19,16,3,4,14,3,6,7
453067362,0,,,132,62,70,20,11,9,112,51,61,69,34,35,108,49,59,107,49,58,43,17,26,31,10,21,18,6,12,3,0,3,1,0,1,64,63,30,17,6,7,3,0,0,33,31,2,7,26,3,10,8
453067363,0,,,220,110,110,39,22,17,181,88,93,91,51,40,178,86,92,177,86,91,90,37,53,42,16,26,10,3,7,0,0,0,0,0,0,97,97,33,29,17,13,4,1,0,64,58,6,9,61,1,22,21
453067364,0,,,208,105,103,14,9,5,192,95,97,125,66,59,185,91,94,181,89,92,67,29,38,39,14,25,12,4,8,0,0,0,1,0,1,112,112,51,39,13,5,4,0,0,60,59,1,4,49,6,21,14
453067371,2,453067373,,10,3,7,*,*,*,*,*,*,*,*,*,*,*,*,*,*,*,*,*,*,*,*,*,*,*,*,*,*,*,*,*,*,5,5,*,*,*,*,*,*,*,*,*,*,*,*,*,*,*
453067373,1,,453067371;453067374,82,41,41,17,8,9,79,38,41,60,28,32,75,36,39,75,36,39,19,10,9,5,1,4,4,1,3,0,0,0,0,0,0,34,33,9,17,6,4,3,0,0,30,29,1,4,13,0,5,4
453067374,2,453067373,,4,2,2,*,*,*,*,*,*,*,*,*,*,*,*,*,*,*,*,*,*,*,*,*,*,*,*,*,*,*,*,*,*,1,1,*,*,*,*,*,*,*,*,*,*,*,*,*,*,*
453067393,2,453067491,,4,2,2,*,*,*,*,*,*,*,*,*,*,*,*,*,*,*,*,*,*,*,*,*,*,*,*,*,*,*,*,*,*,2,2,*,*,*,*,*,*,*,*,*,*,*,*,*,*,*
453067441,0,,,19,13,6,2,2,0,17,11,6,10,6,4,17,11,6,17,11,6,7,5,2,6,4,2,2,2,0,0,0,0,0,0,0,10,10,3,5,2,0,0,0,0,7,7,0,0,5,0,2,2
453067442,0,,,30,15,15,0,0,0,30,15,15,17,12,5,30,15,15,30,15,15,13,3,10,11,2,9,4,1,3,0,0,0,0,0,0,17,17,8,5,4,0,0,0,0,9,9,0,0,10,0,4,2
453067444,0,,,11,5,6,0,0,0,11,5,6,3,3,0,11,5,6,11,5,6,8,2,6,4,0,4,3,0,3,0,0,0,0,0,0,7,7,4,2,1,0,0,0,0,3,3,0,0,6,0,3,1
453067451,0,,,11,4,7,0,0,0,11,4,7,1,1,0,11,4,7,11,4,7,10,3,7,8,2,6,5,2,3,0,0,0,0,0,0,9,9,7,2,0,0,0,0,0,2,2,0,0,8,0,6,2
453067452,0,,,25,13,12,2,1,1,23,12,11,14,7,7,22,12,10,22,12,10,9,5,4,3,1,2,1,0,1,1,0,1,0,0,0,9,9,0,4,3,2,0,0,0,9,8,1,0,5,0,0,2
453067461,0,,,89,41,48,14,8,6,75,33,42,50,22,28,74,32,42,73,32,41,25,11,14,13,4,9,6,2,4,1,0,1,2,0,2,43,43,16,16,5,4,2,0,0,26,23,3,6,16,2,6,6
453067462,0,,,555,273,282,92,56,36,462,216,246,309,157,152,440,207,233,440,207,233,153,59,94,75,26,49,19,3,16,1,0,1,0,0,0,271,270,118,82,34,20,12,4,0,151,144,7,26,109,6,48,36
453067463,0,,,11,5,6,0,0,0,11,5,6,8,5,3,11,5,6,11,5,6,3,0,3,2,0,2,1,0,1,0,0,0,0,0,0,7,7,5,0,2,0,0,0,0,2,2,0,0,3,2,1,0
453067464,0,,,282,142,140,44,25,19,238,117,121,148,75,73,229,112,117,223,109,114,90,42,48,43,19,24,12,4,8,1,0,1,2,1,1,127,125,48,39,15,13,7,3,0,77,74,3,17,57,3,22,24
453067471,0,,,145,77,68,22,9,13,123,68,55,89,49,40,122,67,55,121,67,54,34,19,15,15,5,10,7,0,7,1,0,1,1,0,1,77,77,37,24,9,3,3,1,0,39,37,2,5,27,4,10,9
453067472,2,453067474,,6,3,3,*,*,*,*,*,*,*,*,*,*,*,*,*,*,*,*,*,*,*,*,*,*,*,*,*,*,*,*,*,*,4,4,*,*,*,*,*,*,*,*,*,*,*,*,*,*,*
453067473,0,,,609,272,337,138,72,66,471,200,271,357,162,195,449,187,262,438,179,259,114,38,76,57,17,40,23,8,15,2,1,1,0,0,0,264,263,85,92,34,34,14,2,2,175,168,7,41,89,5,42,22
453067474,1,,453067472,2,1,1,0,0,0,8,4,4,4,2,2,8,4,4,8,4,4,4,2,2,4,2,2,0,0,0,0,0,0,0,0,0,1,1,2,3,0,0,0,0,0,3,3,0,0,3,0,2,1
453067481,2,453067484,,3,1,2,*,*,*,*,*,*,*,*,*,*,*,*,*,*,*,*,*,*,*,*,*,*,*,*,*,*,*,*,*,*,1,1,*,*,*,*,*,*,*,*,*,*,*,*,*,*,*
453067484,1,,453067481,45,21,24,8,3,5,40,19,21,21,11,10,40,19,21,40,19,21,19,8,11,6,1,5,5,1,4,0,0,0,0,0,0,20,20,6,8,3,3,1,0,0,15,14,1,3,13,0,4,5
453067491,1,,453067393,18,11,7,0,0,0,22,13,9,11,8,3,22,13,9,21,12,9,11,5,6,8,4,4,2,1,1,0,0,0,0,0,0,8,8,2,5,2,1,0,0,0,8,8,0,0,6,0,1,4
453067493,0,,,61,27,34,5,3,2,56,24,32,19,8,11,56,24,32,56,24,32,37,16,21,21,8,13,8,4,4,1,0,1,0,0,0,36,36,20,12,1,1,2,0,0,16,15,1,1,27,0,17,9
453067542,0,,,38,14,24,8,3,5,30,11,19,11,6,5,30,11,19,30,11,19,19,5,14,7,0,7,4,0,4,0,0,0,0,0,0,19,19,8,7,2,0,2,0,0,11,11,0,2,14,0,7,5
453067551,0,,,30,18,12,3,2,1,27,16,11,15,10,5,25,14,11,23,12,11,12,6,6,6,2,4,2,1,1,0,0,0,0,0,0,14,14,5,4,3,2,0,0,0,9,8,1,1,9,0,4,3
453067561,0,,,14,8,6,2,1,1,12,7,5,7,5,2,10,5,5,10,5,5,5,2,3,4,2,2,0,0,0,0,0,0,0,0,0,6,6,2,2,1,0,1,0,0,4,4,0,1,3,0,1,2
453067562,0,,,188,97,91,20,11,9,168,86,82,97,55,42,160,82,78,158,81,77,71,31,40,53,23,30,13,7,6,1,1,0,0,0,0,91,91,34,37,8,7,3,1,1,57,56,1,3,48,0,17,18
453067563,0,,,38,17,21,9,2,7,29,15,14,25,14,11,29,15,14,28,14,14,4,1,3,2,0,2,0,0,0,0,0,0,0,0,0,14,14,2,4,6,1,0,1,0,12,11,1,4,3,0,1,1
453067564,0,,,94,44,50,19,10,9,75,34,41,48,25,23,72,33,39,70,32,38,27,9,18,12,3,9,3,1,2,0,0,0,0,0,0,40,40,13,17,3,4,0,2,1,27,26,1,5,21,0,12,7
453067571,0,,,140,67,73,30,17,13,110,50,60,78,41,37,108,49,59,107,49,58,32,9,23,21,5,16,1,0,1,0,0,0,0,0,0,66,66,29,19,7,4,6,1,0,37,34,3,9,25,1,13,7
453067572,0,,,32,16,16,4,2,2,28,14,14,14,7,7,28,14,14,28,14,14,14,7,7,6,4,2,0,0,0,0,0,0,0,0,0,17,17,7,6,3,1,0,0,0,10,10,0,1,8,0,2,5
453067573,0,,,28,13,15,4,2,2,24,11,13,15,7,8,24,11,13,24,11,13,9,4,5,6,3,3,3,1,2,0,0,0,0,0,0,14,14,4,9,0,0,0,1,0,9,9,0,1,6,1,1,4
453067574,0,,,36,21,15,3,3,0,33,18,15,21,13,8,33,18,15,32,17,15,12,5,7,7,3,4,2,0,2,0,0,0,0,0,0,19,19,7,9,1,2,0,0,0,12,12,0,2,8,0,2,2
453067581,2,453067584,,4,2,2,*,*,*,*,*,*,*,*,*,*,*,*,*,*,*,*,*,*,*,*,*,*,*,*,*,*,*,*,*,*,3,3,*,*,*,*,*,*,*,*,*,*,*,*,*,*,*
453067582,2,453067584,,8,1,7,*,*,*,*,*,*,*,*,*,*,*,*,*,*,*,*,*,*,*,*,*,*,*,*,*,*,*,*,*,*,4,4,*,*,*,*,*,*,*,*,*,*,*,*,*,*,*
453067583,2,453067584,,3,1,2,*,*,*,*,*,*,*,*,*,*,*,*,*,*,*,*,*,*,*,*,*,*,*,*,*,*,*,*,*,*,2,2,*,*,*,*,*,*,*,*,*,*,*,*,*,*,*
453067584,1,,453067581;453067582;453067583,11,5,6,1,1,0,25,8,17,9,4,5,25,8,17,25,8,17,16,4,12,8,1,7,5,0,5,0,0,0,0,0,0,6,6,8,4,2,1,0,0,0,7,6,1,1,11,1,6,2
453067591,2,453067593,,7,3,4,*,*,*,*,*,*,*,*,*,*,*,*,*,*,*,*,*,*,*,*,*,*,*,*,*,*,*,*,*,*,4,4,*,*,*,*,*,*,*,*,*,*,*,*,*,*,*
453067592,2,453067593,,3,2,1,*,*,*,*,*,*,*,*,*,*,*,*,*,*,*,*,*,*,*,*,*,*,*,*,*,*,*,*,*,*,2,2,*,*,*,*,*,*,*,*,*,*,*,*,*,*,*
453067593,1,,453067591;453067592,13,5,8,2,0,2,21,10,11,7,3,4,21,10,11,21,10,11,14,7,7,6,3,3,0,0,0,0,0,0,0,0,0,6,6,3,8,0,1,0,0,0,9,9,0,0,9,0,2,7
453067594,0,,,23,11,12,2,2,0,21,9,12,10,5,5,20,9,11,20,9,11,11,4,7,7,2,5,2,1,1,0,0,0,0,0,0,11,11,3,5,2,1,0,0,0,8,7,1,1,7,0,2,3
453067652,2,453067654,,4,3,1,*,*,*,*,*,*,*,*,*,*,*,*,*,*,*,*,*,*,*,*,*,*,*,*,*,*,*,*,*,*,4,4,*,*,*,*,*,*,*,*,*,*,*,*,*,*,*
453067653,2,453067654,,11,8,3,*,*,*,*,*,*,*,*,*,*,*,*,*,*,*,*,*,*,*,*,*,*,*,*,*,*,*,*,*,*,4,4,*,*,*,*,*,*,*,*,*,*,*,*,*,*,*
453067654,1,,453067652;453067653,53,24,29,8,5,3,60,30,30,23,11,12,60,30,30,60,30,30,37,19,18,18,6,12,9,3,6,0,0,0,1,1,0,28,28,15,15,3,2,0,1,0,21,20,1,2,27,0,12,11
453067661,1,,453067663;453067664,33,13,20,4,0,4,42,16,26,23,9,14,41,16,25,41,16,25,19,7,12,7,1,6,2,1,1,0,0,0,0,0,0,20,20,16,9,1,1,1,0,0,12,12,0,1,16,0,11,3
453067662,0,,,45,20,25,3,1,2,42,19,23,17,8,9,41,18,23,41,18,23,25,11,14,15,5,10,6,2,4,0,0,0,0,0,0,23,23,6,13,3,1,0,0,0,16,16,0,1,16,0,4,7
453067663,2,453067661,,1,0,1,*,*,*,*,*,*,*,*,*,*,*,*,*,*,*,*,*,*,*,*,*,*,*,*,*,*,*,*,*,*,1,1,*,*,*,*,*,*,*,*,*,*,*,*,*,*,*
453067664,2,453067661,,12,3,9,*,*,*,*,*,*,*,*,*,*,*,*,*,*,*,*,*,*,*,*,*,*,*,*,*,*,*,*,*,*,7,7,*,*,*,*,*,*,*,*,*,*,*,*,*,*,*
453067671,0,,,45,21,24,9,3,6,36,18,18,24,13,11,34,16,18,34,16,18,12,5,7,5,2,3,1,1,0,0,0,0,0,0,0,18,18,4,5,6,2,1,0,0,14,14,0,3,7,0,2,3
453067672,0,,,16,9,7,0,0,0,16,9,7,4,2,2,16,9,7,16,9,7,12,7,5,8,3,5,5,2,3,1,0,1,0,0,0,9,9,5,2,1,1,0,0,0,4,3,1,0,7,0,4,1
453067673,0,,,11,4,7,0,0,0,11,4,7,11,4,7,11,4,7,11,4,7,0,0,0,0,0,0,0,0,0,0,0,0,0,0,0,7,7,3,4,0,0,0,0,0,4,4,0,0,0,1,0,0
453067674,0,,,9,4,5,0,0,0,9,4,5,4,2,2,9,4,5,9,4,5,5,2,3,4,1,3,3,1,2,0,0,0,0,0,0,4,4,1,1,2,0,0,0,0,3,2,1,0,3,0,1,0
453067681,0,,,11,6,5,1,1,0,10,5,5,6,4,2,10,5,5,10,5,5,4,1,3,2,0,2,1,0,1,0,0,0,0,0,0,6,6,2,3,1,0,0,0,0,4,4,0,1,4,0,1,1
453067682,0,,,32,15,17,3,1,2,29,14,15,16,10,6,27,13,14,27,13,14,13,4,9,9,2,7,2,0,2,0,0,0,0,0,0,17,17,8,6,0,3,0,0,0,9,9,0,0,10,0,5,3
453067683,0,,,16,5,11,0,0,0,16,5,11,8,1,7,15,5,10,15,5,10,8,4,4,2,0,2,1,0,1,0,0,0,3,0,3,10,10,4,6,0,0,0,0,0,6,4,2,0,5,3,1,2
453067684,0,,,26,11,15,7,2,5,19,9,10,11,6,5,19,9,10,19,9,10,8,3,5,7,2,5,2,0,2,0,0,0,0,0,0,10,10,2,5,0,1,2,0,0,8,7,1,3,6,0,1,3
453067691,1,,453067693,20,8,12,1,0,1,24,11,13,10,5,5,22,10,12,21,10,11,14,6,8,9,4,5,4,1,3,0,0,0,0,0,0,9,9,4,6,1,0,0,1,0,7,7,0,0,9,0,3,3
453067692,0,,,48,23,25,9,6,3,39,17,22,18,9,9,37,16,21,36,15,21,21,8,13,10,3,7,3,0,3,0,0,0,0,0,0,25,25,14,7,0,1,2,1,0,11,11,0,1,17,0,10,4
453067693,2,453067691,,5,3,2,*,*,*,*,*,*,*,*,*,*,*,*,*,*,*,*,*,*,*,*,*,*,*,*,*,*,*,*,*,*,3,3,*,*,*,*,*,*,*,*,*,*,*,*,*,*,*
453067694,1,,453067792,63,28,35,8,2,6,60,28,32,30,13,17,59,28,31,58,27,31,30,15,15,13,4,9,4,1,3,0,0,0,0,0,0,28,28,7,16,5,1,2,0,0,24,23,1,2,20,0,6,10
453067752,0,,,21,10,11,3,1,2,18,9,9,6,3,3,18,9,9,18,9,9,12,6,6,10,4,6,1,1,0,0,0,0,0,0,0,13,13,8,4,0,0,1,0,0,5,5,0,1,10,0,7,2
453067754,0,,,20,11,9,0,0,0,20,11,9,12,8,4,20,11,9,20,11,9,8,3,5,5,2,3,2,1,1,0,0,0,0,0,0,11,11,4,6,0,1,0,0,0,7,7,0,0,6,0,3,2
453067761,2,453067763,,1,0,1,*,*,*,*,*,*,*,*,*,*,*,*,*,*,*,*,*,*,*,*,*,*,*,*,*,*,*,*,*,*,1,1,*,*,*,*,*,*,*,*,*,*,*,*,*,*,*
453067762,1,,453067764,36,14,22,1,0,1,41,17,24,22,12,10,40,17,23,40,17,23,19,5,14,9,1,8,4,0,4,0,0,0,0,0,0,21,21,9,12,3,0,0,0,0,15,14,1,0,15,0,7,3
453067763,1,,453067761,24,13,11,3,2,1,22,11,11,13,7,6,21,10,11,21,10,11,9,4,5,5,2,3,2,1,1,1,0,1,0,0,0,11,11,3,7,1,0,1,0,0,9,9,0,0,6,0,3,3
453067764,2,453067762,,6,3,3,*,*,*,*,*,*,*,*,*,*,*,*,*,*,*,*,*,*,*,*,*,*,*,*,*,*,*,*,*,*,3,3,*,*,*,*,*,*,*,*,*,*,*,*,*,*,*
453067771,2,453067773,,4,2,2,*,*,*,*,*,*,*,*,*,*,*,*,*,*,*,*,*,*,*,*,*,*,*,*,*,*,*,*,*,*,2,2,*,*,*,*,*,*,*,*,*,*,*,*,*,*,*
453067772,1,,453067774,10,4,6,2,1,1,15,6,9,6,2,4,15,6,9,15,6,9,9,4,5,3,1,2,2,0,2,1,0,1,0,0,0,6,6,5,1,2,1,0,0,0,4,4,0,1,7,0,4,1
453067773,1,,453067771,14,8,6,5,3,2,13,7,6,7,4,3,12,6,6,12,6,6,6,3,3,1,1,0,0,0,0,0,0,0,0,0,0,4,4,1,2,0,2,1,0,0,5,4,1,2,4,0,1,1
453067774,2,453067772,,7,3,4,*,*,*,*,*,*,*,*,*,*,*,*,*,*,*,*,*,*,*,*,*,*,*,*,*,*,*,*,*,*,3,3,*,*,*,*,*,*,*,*,*,*,*,*,*,*,*
453067781,0,,,40,17,23,3,1,2,37,16,21,21,11,10,35,16,19,35,16,19,16,5,11,12,3,9,7,1,6,0,0,0,0,0,0,20,20,8,6,5,0,1,0,0,12,11,1,1,13,0,8,3
453067782,1,,453067784,50,22,28,10,4,6,48,22,26,24,11,13,46,21,25,45,21,24,24,11,13,9,4,5,3,1,2,0,0,0,0,0,0,21,21,7,9,5,3,0,1,0,18,17,1,4,16,0,6,6
453067784,2,453067782,,8,4,4,*,*,*,*,*,*,*,*,*,*,*,*,*,*,*,*,*,*,*,*,*,*,*,*,*,*,*,*,*,*,4,4,*,*,*,*,*,*,*,*,*,*,*,*,*,*,*
453067792,2,453067694,,5,2,3,*,*,*,*,*,*,*,*,*,*,*,*,*,*,*,*,*,*,*,*,*,*,*,*,*,*,*,*,*,*,3,3,*,*,*,*,*,*,*,*,*,*,*,*,*,*,*
453067852,0,,,19,8,11,0,0,0,19,8,11,6,4,2,19,8,11,19,8,11,13,4,9,11,4,7,5,2,3,0,0,0,0,0,0,11,11,5,5,0,1,0,0,0,6,4,2,0,8,0,2,4
453067861,1,,453067863,78,38,40,11,3,8,72,37,35,36,20,16,71,37,34,70,37,33,36,17,19,16,6,10,7,2,5,1,1,0,0,0,0,37,37,12,18,7,1,2,0,0,28,28,0,5,24,0,9,10
453067863,2,453067861,,5,2,3,*,*,*,*,*,*,*,*,*,*,*,*,*,*,*,*,*,*,*,*,*,*,*,*,*,*,*,*,*,*,3,3,*,*,*,*,*,*,*,*,*,*,*,*,*,*,*
453067874,2,453067982,,4,2,2,*,*,*,*,*,*,*,*,*,*,*,*,*,*,*,*,*,*,*,*,*,*,*,*,*,*,*,*,*,*,2,2,*,*,*,*,*,*,*,*,*,*,*,*,*,*,*
453067883,2,453067982,,3,1,2,*,*,*,*,*,*,*,*,*,*,*,*,*,*,*,*,*,*,*,*,*,*,*,*,*,*,*,*,*,*,1,1,*,*,*,*,*,*,*,*,*,*,*,*,*,*,*
453067891,2,453067894,,2,2,0,*,*,*,*,*,*,*,*,*,*,*,*,*,*,*,*,*,*,*,*,*,*,*,*,*,*,*,*,*,*,2,2,*,*,*,*,*,*,*,*,*,*,*,*,*,*,*
453067894,1,,453067891,11,5,6,0,0,0,13,7,6,2,1,1,13,7,6,13,7,6,11,6,5,3,1,2,1,0,1,0,0,0,0,0,0,7,7,5,4,0,0,0,0,0,3,3,0,0,8,0,4,3
453067961,2,453067964,,6,3,3,*,*,*,*,*,*,*,*,*,*,*,*,*,*,*,*,*,*,*,*,*,*,*,*,*,*,*,*,*,*,3,3,*,*,*,*,*,*,*,*,*,*,*,*,*,*,*
453067964,1,,453067961,6,3,3,0,0,0,12,6,6,6,3,3,12,6,6,12,6,6,6,3,3,3,2,1,1,1,0,0,0,0,0,0,0,5,5,5,2,1,0,0,0,0,3,3,0,0,4,0,2,1
453067982,1,,453067874;453067883;453067983;453067984,17,10,7,4,2,2,31,15,16,16,9,7,28,13,15,27,12,15,15,6,9,10,2,8,3,1,2,0,0,0,0,0,0,6,6,5,8,1,0,1,1,0,11,10,1,1,12,0,4,5
453067983,2,453067982,,3,1,2,*,*,*,*,*,*,*,*,*,*,*,*,*,*,*,*,*,*,*,*,*,*,*,*,*,*,*,*,*,*,2,2,*,*,*,*,*,*,*,*,*,*,*,*,*,*,*
453067984,2,453067982,,8,3,5,*,*,*,*,*,*,*,*,*,*,*,*,*,*,*,*,*,*,*,*,*,*,*,*,*,*,*,*,*,*,5,5,*,*,*,*,*,*,*,*,*,*,*,*,*,*,*
453067991,1,,453067992;453067993,26,11,15,6,3,3,29,12,17,18,8,10,28,12,16,27,11,16,11,4,7,6,1,5,4,1,3,0,0,0,0,0,0,10,10,3,9,0,2,0,1,0,12,12,0,1,8,0,3,4
453067992,2,453067991,,6,3,3,*,*,*,*,*,*,*,*,*,*,*,*,*,*,*,*,*,*,*,*,*,*,*,*,*,*,*,*,*,*,3,3,*,*,*,*,*,*,*,*,*,*,*,*,*,*,*
453067993,2,453067991,,3,1,2,*,*,*,*,*,*,*,*,*,*,*,*,*,*,*,*,*,*,*,*,*,*,*,*,*,*,*,*,*,*,2,2,*,*,*,*,*,*,*,*,*,*,*,*,*,*,*
453067994,0,,,16,5,11,5,1,4,11,4,7,6,2,4,9,4,5,9,4,5,5,2,3,2,1,1,0,0,0,0,0,0,0,0,0,5,5,1,2,0,0,1,1,0,4,4,0,2,3,0,1,2
453077061,1,,453077063,8,4,4,0,0,0,13,6,7,5,3,2,13,6,7,13,6,7,8,3,5,5,2,3,3,1,2,0,0,0,0,0,0,4,4,3,3,0,1,0,0,0,4,4,0,0,5,0,2,2
453077063,2,453077061,,5,2,3,*,*,*,*,*,*,*,*,*,*,*,*,*,*,*,*,*,*,*,*,*,*,*,*,*,*,*,*,*,*,3,3,*,*,*,*,*,*,*,*,*,*,*,*,*,*,*
453077072,2,453077083,,2,1,1,*,*,*,*,*,*,*,*,*,*,*,*,*,*,*,*,*,*,*,*,*,*,*,*,*,*,*,*,*,*,1,1,*,*,*,*,*,*,*,*,*,*,*,*,*,*,*
453077081,2,453077083,,2,1,1,*,*,*,*,*,*,*,*,*,*,*,*,*,*,*,*,*,*,*,*,*,*,*,*,*,*,*,*,*,*,1,1,*,*,*,*,*,*,*,*,*,*,*,*,*,*,*
453077083,1,,453077072;453077081;453077084,10,5,5,0,0,0,17,9,8,6,4,2,17,9,8,17,9,8,11,5,6,3,1,2,2,1,1,0,0,0,0,0,0,5,5,3,5,0,1,0,0,0,6,6,0,0,9,0,3,2
453077084,2,453077083,,3,2,1,*,*,*,*,*,*,*,*,*,*,*,*,*,*,*,*,*,*,*,*,*,*,*,*,*,*,*,*,*,*,2,2,*,*,*,*,*,*,*,*,*,*,*,*,*,*,*
453077091,0,,,17,7,10,1,1,0,16,6,10,4,2,2,16,6,10,16,6,10,12,4,8,8,1,7,6,1,5,0,0,0,0,0,0,10,10,5,3,2,0,0,0,0,5,4,1,0,8,0,4,1
453077092,0,,,16,7,9,1,1,0,15,6,9,6,3,3,15,6,9,15,6,9,9,3,6,3,0,3,2,0,2,0,0,0,0,0,0,9,9,4,3,2,0,0,0,0,5,5,0,0,7,0,4,2
453077093,1,,453077182;453077183,9,5,4,2,1,1,14,7,7,5,3,2,14,7,7,14,7,7,9,4,5,5,3,2,2,2,0,0,0,0,0,0,0,5,5,3,3,1,1,0,0,0,5,5,0,0,6,0,3,2
453077161,0,,,13,5,8,0,0,0,13,5,8,6,2,4,13,5,8,13,5,8,7,3,4,3,1,2,2,0,2,1,0,1,0,0,0,7,7,2,4,1,0,0,0,0,5,5,0,0,5,0,2,2
453077163,0,,,46,14,32,2,1,1,44,13,31,21,6,15,42,13,29,41,13,28,23,7,16,16,6,10,6,0,6,1,0,1,0,0,0,18,16,6,8,0,2,0,0,0,10,10,0,1,8,0,3,5
453077182,2,453077093,,3,1,2,*,*,*,*,*,*,*,*,*,*,*,*,*,*,*,*,*,*,*,*,*,*,*,*,*,*,*,*,*,*,2,2,*,*,*,*,*,*,*,*,*,*,*,*,*,*,*
453077183,2,453077093,,4,2,2,*,*,*,*,*,*,*,*,*,*,*,*,*,*,*,*,*,*,*,*,*,*,*,*,*,*,*,*,*,*,1,1,*,*,*,*,*,*,*,*,*,*,*,*,*,*,*
453077254,0,,,15,6,9,5,2,3,10,4,6,7,3,4,10,4,6,10,4,6,3,1,2,1,1,0,0,0,0,0,0,0,0,0,0,6,6,2,2,0,1,1,0,0,4,4,0,0,2,0,1,1
453077261,0,,,73,32,41,2,0,2,71,32,39,31,19,12,71,32,39,71,32,39,40,13,27,32,11,21,15,7,8,0,0,0,0,0,0,42,42,17,21,2,2,0,0,0,25,22,3,0,29,0,11,9
453077263,0,,,112,56,56,22,12,10,90,44,46,38,20,18,90,44,46,90,44,46,52,24,28,27,9,18,10,2,8,1,0,1,0,0,0,43,40,11,17,7,1,3,0,1,29,24,5,7,24,0,6,12
453077361,0,,,25,11,14,0,0,0,25,11,14,8,3,5,25,11,14,25,11,14,17,8,9,6,3,3,2,0,2,1,0,1,0,0,0,14,14,3,11,0,0,0,0,0,10,10,0,0,11,0,1,7
453077384,0,,,27,14,13,0,0,0,27,14,13,17,9,8,25,12,13,23,12,11,10,5,5,5,3,2,2,2,0,0,0,0,0,0,0,13,13,7,3,0,2,0,1,0,6,4,2,0,6,0,1,2
453077391,2,453077393,,4,2,2,*,*,*,*,*,*,*,*,*,*,*,*,*,*,*,*,*,*,*,*,*,*,*,*,*,*,*,*,*,*,2,2,*,*,*,*,*,*,*,*,*,*,*,*,*,*,*
453077392,0,,,24,12,12,5,2,3,19,10,9,10,5,5,19,10,9,19,10,9,9,5,4,3,0,3,1,0,1,0,0,0,0,0,0,11,11,4,4,1,1,1,0,0,7,7,0,1,7,0,2,1
453077393,1,,453077391,18,8,10,0,0,0,22,10,12,8,5,3,22,10,12,22,10,12,14,5,9,9,3,6,3,2,1,0,0,0,0,0,0,11,11,4,9,0,0,0,0,0,9,9,0,0,11,0,4,3
453077454,2,453077463,,4,3,1,*,*,*,*,*,*,*,*,*,*,*,*,*,*,*,*,*,*,*,*,*,*,*,*,*,*,*,*,*,*,2,2,*,*,*,*,*,*,*,*,*,*,*,*,*,*,*
453077461,0,,,16,7,9,1,0,1,15,7,8,7,3,4,15,7,8,15,7,8,8,4,4,5,2,3,3,1,2,0,0,0,0,0,0,10,10,5,4,1,0,0,0,0,5,5,0,0,6,0,3,2
453077463,1,,453077454,20,7,13,0,0,0,24,10,14,5,3,2,24,10,14,24,10,14,19,7,12,10,4,6,8,3,5,0,0,0,0,0,0,10,9,6,4,1,0,0,0,0,5,5,0,0,10,0,6,3
453077482,0,,,9,5,4,0,0,0,9,5,4,7,4,3,9,5,4,9,5,4,2,1,1,0,0,0,0,0,0,0,0,0,1,0,1,5,5,1,4,0,0,0,0,0,4,4,0,0,1,0,0,1
453077561,0,,,34,14,20,1,0,1,33,14,19,10,5,5,33,14,19,33,14,19,23,9,14,10,4,6,5,1,4,0,0,0,0,0,0,20,20,7,12,1,0,0,0,0,13,13,0,0,17,0,6,9
453077562,0,,,25,11,14,2,0,2,23,11,12,8,5,3,22,11,11,22,11,11,15,6,9,8,3,5,3,1,2,0,0,0,0,0,0,12,12,5,3,3,0,1,0,0,7,6,1,0,11,0,5,2
453077563,0,,,17,6,11,0,0,0,17,6,11,6,3,3,17,6,11,17,6,11,11,3,8,8,2,6,5,1,4,1,0,1,0,0,0,11,11,5,6,0,0,0,0,0,6,6,0,0,9,0,4,2
453077581,0,,,8,4,4,0,0,0,8,4,4,4,3,1,8,4,4,8,4,4,4,1,3,2,0,2,1,0,1,0,0,0,0,0,0,4,4,2,1,0,1,0,0,0,2,2,0,0,3,0,2,0
453077654,2,453077761,,4,1,3,*,*,*,*,*,*,*,*,*,*,*,*,*,*,*,*,*,*,*,*,*,*,*,*,*,*,*,*,*,*,1,1,*,*,*,*,*,*,*,*,*,*,*,*,*,*,*
453077661,2,453077752,,2,0,2,*,*,*,*,*,*,*,*,*,*,*,*,*,*,*,*,*,*,*,*,*,*,*,*,*,*,*,*,*,*,2,2,*,*,*,*,*,*,*,*,*,*,*,*,*,*,*
453077663,2,453077752,,5,4,1,*,*,*,*,*,*,*,*,*,*,*,*,*,*,*,*,*,*,*,*,*,*,*,*,*,*,*,*,*,*,4,4,*,*,*,*,*,*,*,*,*,*,*,*,*,*,*
453077683,2,453077684,,1,1,0,*,*,*,*,*,*,*,*,*,*,*,*,*,*,*,*,*,*,*,*,*,*,*,*,*,*,*,*,*,*,1,1,*,*,*,*,*,*,*,*,*,*,*,*,*,*,*
453077684,1,,453077683,11,4,7,0,0,0,12,5,7,6,4,2,12,5,7,12,5,7,6,1,5,3,1,2,1,0,1,0,0,0,0,0,0,8,8,6,3,0,0,0,0,0,3,2,1,0,5,0,3,1
453077692,2,453077694,,9,6,3,*,*,*,*,*,*,*,*,*,*,*,*,*,*,*,*,*,*,*,*,*,*,*,*,*,*,*,*,*,*,4,4,*,*,*,*,*,*,*,*,*,*,*,*,*,*,*
453077694,1,,453077692,3,0,3,0,0,0,12,6,6,4,3,1,12,6,6,12,6,6,8,3,5,7,3,4,0,0,0,0,0,0,0,0,0,2,2,2,3,0,1,0,0,0,4,3,1,0,6,0,2,1
453077752,1,,453077661;453077663,27,16,11,6,3,3,28,17,11,14,9,5,28,17,11,28,17,11,14,8,6,8,4,4,2,1,1,0,0,0,0,0,0,13,13,11,5,1,0,2,0,0,8,8,0,2,10,0,5,4
453077761,1,,453077654,81,38,43,8,3,5,77,36,41,35,21,14,77,36,41,77,36,41,42,15,27,26,8,18,11,3,8,1,1,0,0,0,0,43,43,16,18,7,3,0,0,0,28,25,3,3,30,1,11,5
453077792,0,,,9,4,5,0,0,0,9,4,5,5,3,2,9,4,5,9,4,5,4,1,3,4,1,3,2,1,1,0,0,0,0,0,0,5,5,3,1,0,1,0,0,0,2,2,0,0,3,0,2,1
453077882,0,,,12,5,7,3,1,2,9,4,5,8,4,4,9,4,5,9,4,5,1,0,1,1,0,1,0,0,0,0,0,0,0,0,0,4,4,1,1,0,1,1,0,0,3,2,1,2,1,0,1,0
453077884,0,,,16,6,10,1,0,1,15,6,9,7,3,4,14,6,8,14,6,8,8,3,5,4,1,3,1,0,1,1,0,1,0,0,0,7,7,3,1,1,2,0,0,0,4,4,0,0,6,0,3,0
453077893,0,,,16,6,10,1,0,1,15,6,9,10,5,5,15,6,9,15,6,9,5,1,4,3,0,3,1,0,1,0,0,0,0,0,0,7,7,2,3,0,2,0,0,0,5,3,2,0,5,0,2,1
453077952,0,,,20,9,11,3,1,2,17,8,9,7,4,3,16,8,8,16,8,8,10,4,6,3,1,2,3,1,2,0,0,0,0,0,0,10,10,3,5,1,1,0,0,0,7,7,0,1,7,0,2,3
453077954,0,,,17,8,9,2,2,0,15,6,9,7,2,5,14,6,8,14,6,8,8,4,4,3,2,1,0,0,0,0,0,0,0,0,0,7,7,1,4,0,2,0,0,0,6,5,1,0,4,0,0,3
453077982,2,453077984,,6,3,3,*,*,*,*,*,*,*,*,*,*,*,*,*,*,*,*,*,*,*,*,*,*,*,*,*,*,*,*,*,*,4,4,*,*,*,*,*,*,*,*,*,*,*,*,*,*,*
453077984,1,,453077982,5,1,4,0,0,0,11,4,7,7,3,4,11,4,7,11,4,7,4,1,3,3,1,2,0,0,0,0,0,0,0,0,0,3,3,3,4,0,0,0,0,0,4,4,0,0,4,0,3,0
453077991,1,,453077992;453077994,13,5,8,3,2,1,22,8,14,12,4,8,20,8,12,20,8,12,10,4,6,8,4,4,3,2,1,0,0,0,0,0,0,5,5,2,6,1,2,0,0,0,9,9,0,0,6,0,1,4
453077992,2,453077991,,4,3,1,*,*,*,*,*,*,*,*,*,*,*,*,*,*,*,*,*,*,*,*,*,*,*,*,*,*,*,*,*,*,1,1,*,*,*,*,*,*,*,*,*,*,*,*,*,*,*
453077994,2,453077991,,8,2,6,*,*,*,*,*,*,*,*,*,*,*,*,*,*,*,*,*,*,*,*,*,*,*,*,*,*,*,*,*,*,5,5,*,*,*,*,*,*,*,*,*,*,*,*,*,*,*
