KEY_CODE,HTKSYORI,HTKSAKI,GASSAN,T001141001,T001141002,T001141003,T001141004,T001141005,T001141006,T001141007,T001141008,T001141009,T001141010,T001141011,T001141012,T001141013,T001141014,T001141015,T001141016,T001141017,T001141018,T001141019,T001141020,T001141021,T001141022,T001141023,T001141024,T001141025,T001141026,T001141027,T001141028,T001141029,T001141030,T001141031,T001141032,T001141033,T001141034,T001141035,T001141036,T001141037,T001141038,T001141039,T001141040,T001141041,T001141042,T001141043,T001141044,T001141045,T001141046,T001141047,T001141048,T001141049,T001141050
,,,,Å@êlå˚ÅiëçêîÅj,Å@êlå˚ÅiëçêîÅjÅ@íj,Å@êlå˚ÅiëçêîÅjÅ@èó,Å@ÇOÅ`ÇPÇSçŒêlå˚Å@ëçêî,Å@ÇOÅ`ÇPÇSçŒêlå˚Å@íj,Å@ÇOÅ`ÇPÇSçŒêlå˚Å@èó,Å@ÇPÇTçŒà»è„êlå˚Å@ëçêî,Å@ÇPÇTçŒà»è„êlå˚Å@íj,Å@ÇPÇTçŒà»è„êlå˚Å@èó,Å@ÇPÇTÅ`ÇUÇSçŒêlå˚Å@ëçêî,Å@ÇPÇTÅ`ÇUÇSçŒêlå˚Å@íj,Å@ÇPÇTÅ`ÇUÇSçŒêlå˚Å@èó,Å@ÇPÇWçŒà»è„êlå˚Å@ëçêî,Å@ÇPÇWçŒà»è„êlå˚Å@íj,Å@ÇPÇWçŒà»è„êlå˚Å@èó,Å@ÇQÇOçŒà»è„êlå˚Å@ëçêî,Å@ÇQÇOçŒà»è„êlå˚Å@íj,Å@ÇQÇOçŒà»è„êlå˚Å@èó,Å@ÇUÇTçŒà»è„êlå˚Å@ëçêî,Å@ÇUÇTçŒà»è„êlå˚Å@íj,Å@ÇUÇTçŒà»è„êlå˚Å@èó,Å@ÇVÇTçŒà»è„êlå˚Å@ëçêî,Å@ÇVÇTçŒà»è„êlå˚Å@íj,Å@ÇVÇTçŒà»è„êlå˚Å@èó,Å@ÇWÇTçŒà»è„êlå˚Å@ëçêî,Å@ÇWÇTçŒà»è„êlå˚Å@íj,Å@ÇWÇTçŒà»è„êlå˚Å@èó,Å@ÇXÇTçŒà»è„êlå˚Å@ëçêî,Å@ÇXÇTçŒà»è„êlå˚Å@íj,Å@ÇXÇTçŒà»è„êlå˚Å@èó,Å@äOçëêlêlå˚Å@ëçêî,Å@äOçëêlêlå˚Å@íj,Å@äOçëêlêlå˚Å@èó,Å@ê¢ë—ëçêî,Å@àÍî ê¢ë—êî,Å@ÇPêlê¢ë—êîÅ@àÍî ê¢ë—êî,Å@ÇQêlê¢ë—êîÅ@àÍî ê¢ë—êî,Å@ÇRêlê¢ë—êîÅ@àÍî ê¢ë—êî,Å@ÇSêlê¢ë—êîÅ@àÍî ê¢ë—êî,Å@ÇTêlê¢ë—êîÅ@àÍî ê¢ë—êî,Å@ÇUêlê¢ë—êîÅ@àÍî ê¢ë—êî,Å@ÇVêlà»è„ê¢ë—êîÅ@àÍî ê¢ë—êî,Å@êeë∞ÇÃÇ›ÇÃê¢ë—êîÅ@àÍî ê¢ë—êî,Å@äjâ∆ë∞ê¢ë—êîÅ@àÍî ê¢ë—êî,Å@äjâ∆ë∞à»äOÇÃê¢ë—êîÅ@àÍî ê¢ë—êî,Å@ÇUçŒñ¢ñûê¢ë—àıÇÃÇ¢ÇÈê¢ë—êîÅ@àÍî ê¢ë—êî,Å@ÇUÇTçŒà»è„ê¢ë—àıÇÃÇ¢ÇÈê¢ë—êîÅ@àÍî ê¢ë—êî,Å@ê¢ë—éÂÇÃîNóÓÇ™ÇQÇOÅ`ÇQÇXçŒÇÃÇPêlê¢ë—êîÅ@àÍî ê¢ë—êî,Å@çÇóÓíPêgê¢ë—êîÅ@àÍî ê¢ë—êî,Å@çÇóÓïvïwê¢ë—êîÅ@àÍî ê¢ë—êî
503640503,0,,,197,94,103,15,6,9,173,81,92,76,41,35,168,78,90,166,76,90,97,40,57,47,16,31,20,5,15,3,1,2,3,0,3,110,110,55,34,12,7,2,0,0,52,45,7,3,72,1,35,17
503640601,1,,503640604,1194,576,618,92,51,41,1085,517,568,561,296,265,1060,496,564,1048,489,559,524,221,303,316,127,189,108,34,74,9,2,7,13,9,4,642,642,290,239,69,37,9,2,3,350,319,31,25,384,14,175,124
503640603,0,,,992,456,536,99,51,48,872,391,481,469,225,244,852,382,470,842,376,466,403,166,237,222,80,142,84,25,59,3,1,2,15,5,10,503,503,197,184,75,35,10,2,0,299,284,15,25,295,6,138,90
503640604,2,503640601,,10,7,3,*,*,*,*,*,*,*,*,*,*,*,*,*,*,*,*,*,*,*,*,*,*,*,*,*,*,*,*,*,*,7,7,*,*,*,*,*,*,*,*,*,*,*,*,*,*,*
503640701,0,,,60,29,31,3,1,2,57,28,29,22,11,11,56,28,28,56,28,28,35,17,18,15,11,4,9,5,4,0,0,0,0,0,0,30,30,12,9,8,0,0,1,0,18,17,1,1,25,0,10,6
503640703,0,,,28,16,12,2,1,1,26,15,11,16,10,6,25,14,11,25,14,11,10,5,5,4,2,2,0,0,0,0,0,0,0,0,0,11,11,1,7,0,2,1,0,0,10,8,2,0,7,0,0,2
503640704,1,,503640713,42,18,24,3,2,1,42,17,25,16,7,9,42,17,25,42,17,25,26,10,16,13,5,8,6,3,3,0,0,0,0,0,0,23,23,15,7,0,4,0,0,0,10,9,1,0,19,0,11,5
503640713,2,503640704,,3,1,2,*,*,*,*,*,*,*,*,*,*,*,*,*,*,*,*,*,*,*,*,*,*,*,*,*,*,*,*,*,*,3,3,*,*,*,*,*,*,*,*,*,*,*,*,*,*,*
503640801,0,,,200,91,109,26,14,12,174,77,97,94,44,50,170,75,95,169,75,94,80,33,47,41,16,25,22,8,14,1,0,1,0,0,0,91,91,25,41,14,7,3,0,1,66,63,3,3,52,0,14,24
503640802,0,,,1014,446,568,106,44,62,900,399,501,561,255,306,872,388,484,859,380,479,339,144,195,178,65,113,42,17,25,1,0,1,11,0,11,483,483,174,163,87,43,15,1,0,306,293,13,29,239,15,98,73
503640803,0,,,105,50,55,5,4,1,100,46,54,46,25,21,98,44,54,97,43,54,54,21,33,35,13,22,10,4,6,1,0,1,0,0,0,52,52,15,24,10,3,0,0,0,35,32,3,1,34,1,10,16
503640804,0,,,620,280,340,74,38,36,542,240,302,360,157,203,525,232,293,523,231,292,182,83,99,79,32,47,15,6,9,3,1,2,19,0,19,291,290,95,110,47,28,9,1,0,193,188,5,24,121,21,30,42
503640811,0,,,243,117,126,22,14,8,221,103,118,132,67,65,217,99,118,213,96,117,89,36,53,41,15,26,18,7,11,2,0,2,5,0,5,122,122,52,36,20,11,3,0,0,70,63,7,9,64,6,27,18
503640812,0,,,21,11,10,2,1,1,19,10,9,10,5,5,19,10,9,19,10,9,9,5,4,3,2,1,1,1,0,0,0,0,0,0,0,9,9,3,3,0,3,0,0,0,6,5,1,1,8,0,3,1
503640813,0,,,712,329,383,71,38,33,640,291,349,391,177,214,620,282,338,612,277,335,249,114,135,105,40,65,33,9,24,2,1,1,9,0,9,327,327,96,134,54,31,10,2,0,228,215,13,17,168,9,52,66
503640814,0,,,157,73,84,12,6,6,143,65,78,81,40,41,139,63,76,139,63,76,62,25,37,38,14,24,16,6,10,0,0,0,0,0,0,74,74,21,32,15,3,3,0,0,53,51,2,2,41,0,13,17
503640901,0,,,149,65,84,12,6,6,137,59,78,75,35,40,132,58,74,130,57,73,62,24,38,34,11,23,12,3,9,2,1,1,0,0,0,63,62,24,20,9,6,3,0,0,38,37,1,3,31,0,14,10
503640902,0,,,217,106,111,22,12,10,195,94,101,122,61,61,186,87,99,181,85,96,73,33,40,34,15,19,5,1,4,1,0,1,0,0,0,95,95,27,33,20,12,2,1,0,67,66,1,7,51,0,20,17
503640903,0,,,44,21,23,7,4,3,37,17,20,24,10,14,34,16,18,33,15,18,13,7,6,5,3,2,3,2,1,0,0,0,0,0,0,15,15,2,5,2,4,2,0,0,13,12,1,1,7,0,1,4
503640904,0,,,252,105,147,33,16,17,219,89,130,121,47,74,215,87,128,214,87,127,98,42,56,49,18,31,29,7,22,9,1,8,16,0,16,105,104,33,40,17,7,7,0,0,68,66,2,6,46,11,12,19
503640911,0,,,874,428,446,151,83,68,721,344,377,517,251,266,700,334,366,689,328,361,204,93,111,75,30,45,21,4,17,1,0,1,8,3,5,374,374,98,144,60,52,20,0,0,274,266,8,51,145,6,53,53
503640912,0,,,199,100,99,35,21,14,162,78,84,105,58,47,158,75,83,158,75,83,57,20,37,37,13,24,22,5,17,5,0,5,2,0,2,101,101,50,22,13,14,2,0,0,50,45,5,12,42,3,23,7
503640913,0,,,497,221,276,72,32,40,423,188,235,284,132,152,405,181,224,396,177,219,139,56,83,77,22,55,35,6,29,5,0,5,0,0,0,214,214,69,69,31,30,13,2,0,144,135,9,12,101,1,45,29
503640914,0,,,297,141,156,41,22,19,255,119,136,174,85,89,240,113,127,235,111,124,81,34,47,42,17,25,14,4,10,2,0,2,3,0,3,130,130,40,42,28,13,5,2,0,89,81,8,6,55,8,18,21
503650002,0,,,169,78,91,21,9,12,148,69,79,105,50,55,138,63,75,136,63,73,43,19,24,19,10,9,3,2,1,0,0,0,0,0,0,66,66,11,28,15,7,3,0,2,54,49,5,7,27,0,8,12
503650003,2,503650004,,1,1,0,*,*,*,*,*,*,*,*,*,*,*,*,*,*,*,*,*,*,*,*,*,*,*,*,*,*,*,*,*,*,1,1,*,*,*,*,*,*,*,*,*,*,*,*,*,*,*
503650004,1,,503650003,132,57,75,11,6,5,122,52,70,57,25,32,119,51,68,115,50,65,65,27,38,30,8,22,9,3,6,0,0,0,0,0,0,67,67,25,30,6,5,2,0,0,42,37,5,2,46,1,20,15
503650011,0,,,210,107,103,38,21,17,172,86,86,124,64,60,167,83,84,165,83,82,48,22,26,23,9,14,5,3,2,0,0,0,1,0,1,83,83,16,34,14,14,3,1,1,66,63,3,9,31,0,6,13
503650012,0,,,47,22,25,17,7,10,30,15,15,25,12,13,30,15,15,29,14,15,5,3,2,2,0,2,2,0,2,0,0,0,0,0,0,16,16,4,3,1,6,2,0,0,12,12,0,4,5,0,3,1
503650014,0,,,366,173,193,58,26,32,307,147,160,196,99,97,285,139,146,278,132,146,111,48,63,50,18,32,14,3,11,0,0,0,1,0,1,142,142,27,53,33,16,8,5,0,114,111,3,13,76,0,22,28
503650101,2,503650102,,8,4,4,*,*,*,*,*,*,*,*,*,*,*,*,*,*,*,*,*,*,*,*,*,*,*,*,*,*,*,*,*,*,4,4,*,*,*,*,*,*,*,*,*,*,*,*,*,*,*
503650102,1,,503650101,31,14,17,4,3,1,35,15,20,19,9,10,35,15,20,35,15,20,16,6,10,7,1,6,5,0,5,2,0,2,0,0,0,12,12,5,5,3,1,1,1,0,11,8,3,1,11,0,3,3
503650112,0,,,373,166,207,44,22,22,329,144,185,164,77,87,319,140,179,314,139,175,165,67,98,84,32,52,44,10,34,5,0,5,0,0,0,146,145,39,58,23,18,5,0,2,106,101,5,13,89,1,32,32
503650114,0,,,120,57,63,15,5,10,105,52,53,56,31,25,103,51,52,102,50,52,49,21,28,21,8,13,5,0,5,1,0,1,0,0,0,51,51,12,23,6,7,2,1,0,39,36,3,2,31,0,7,14
503650121,0,,,54,29,25,6,4,2,48,25,23,27,15,12,46,24,22,45,24,21,21,10,11,11,6,5,0,0,0,0,0,0,0,0,0,27,27,7,15,3,2,0,0,0,20,20,0,4,13,2,1,8
503650123,0,,,113,52,61,7,7,0,106,45,61,66,31,35,103,43,60,96,40,56,40,14,26,23,8,15,7,2,5,1,0,1,0,0,0,56,56,21,21,8,5,0,1,0,35,32,3,1,30,0,14,5
503650203,2,503650301,,9,3,6,*,*,*,*,*,*,*,*,*,*,*,*,*,*,*,*,*,*,*,*,*,*,*,*,*,*,*,*,*,*,7,7,*,*,*,*,*,*,*,*,*,*,*,*,*,*,*
503650212,0,,,20,12,8,5,4,1,15,8,7,10,5,5,15,8,7,15,8,7,5,3,2,1,1,0,0,0,0,0,0,0,0,0,0,9,9,4,1,2,2,0,0,0,5,5,0,1,3,1,1,1
503650221,0,,,67,35,32,12,10,2,55,25,30,28,13,15,55,25,30,55,25,30,27,12,15,16,8,8,3,1,2,0,0,0,1,0,1,30,30,9,10,6,5,0,0,0,21,20,1,2,19,0,7,7
503650223,0,,,110,53,57,7,4,3,103,49,54,49,26,23,101,48,53,101,48,53,54,23,31,28,12,16,10,1,9,0,0,0,0,0,0,57,57,23,22,7,4,0,1,0,34,32,2,2,39,0,17,11
503650301,1,,503650203,4,1,3,0,0,0,13,4,9,2,1,1,13,4,9,13,4,9,11,3,8,6,1,5,4,1,3,1,0,1,0,0,0,2,2,5,4,0,0,0,0,0,4,4,0,0,8,0,5,2
503650312,2,503650314,,4,3,1,*,*,*,*,*,*,*,*,*,*,*,*,*,*,*,*,*,*,*,*,*,*,*,*,*,*,*,*,*,*,2,2,*,*,*,*,*,*,*,*,*,*,*,*,*,*,*
503650313,0,,,11,4,7,0,0,0,11,4,7,5,3,2,11,4,7,11,4,7,6,1,5,4,0,4,2,0,2,0,0,0,0,0,0,6,6,3,2,0,1,0,0,0,3,2,1,0,5,0,3,1
503650314,1,,503650312,23,12,11,5,3,2,22,12,10,20,10,10,22,12,10,21,12,9,2,2,0,1,1,0,0,0,0,0,0,0,0,0,0,8,8,2,3,2,2,1,0,0,8,8,0,1,2,0,1,0
503650321,0,,,120,56,64,10,5,5,110,51,59,67,29,38,107,50,57,106,50,56,43,22,21,22,12,10,7,2,5,0,0,0,0,0,0,55,55,16,18,17,3,1,0,0,39,36,3,2,30,1,10,11
503650323,0,,,111,50,61,17,8,9,94,42,52,65,28,37,89,39,50,89,39,50,29,14,15,8,2,6,4,0,4,0,0,0,0,0,0,48,48,10,24,7,4,2,1,0,37,34,3,2,19,0,5,11
503650324,0,,,9,5,4,0,0,0,9,5,4,3,2,1,9,5,4,9,5,4,6,3,3,2,1,1,0,0,0,0,0,0,0,0,0,4,4,1,2,0,1,0,0,0,3,2,1,0,4,0,1,0
503650404,2,503650502,,2,1,1,*,*,*,*,*,*,*,*,*,*,*,*,*,*,*,*,*,*,*,*,*,*,*,*,*,*,*,*,*,*,1,1,*,*,*,*,*,*,*,*,*,*,*,*,*,*,*
503650422,2,503650424,,1,1,0,*,*,*,*,*,*,*,*,*,*,*,*,*,*,*,*,*,*,*,*,*,*,*,*,*,*,*,*,*,*,1,1,*,*,*,*,*,*,*,*,*,*,*,*,*,*,*
503650424,1,,503650422,43,17,26,8,4,4,36,14,22,15,7,8,35,13,22,35,13,22,21,7,14,9,3,6,2,0,2,0,0,0,0,0,0,23,23,11,8,4,0,1,0,0,13,11,2,2,17,0,10,3
503650502,1,,503650404,30,14,16,2,1,1,30,14,16,17,9,8,30,14,16,30,14,16,13,5,8,6,1,5,2,0,2,0,0,0,0,0,0,15,15,8,4,3,0,0,0,1,8,6,2,1,11,1,7,2
503650511,2,503650513,,4,2,2,*,*,*,*,*,*,*,*,*,*,*,*,*,*,*,*,*,*,*,*,*,*,*,*,*,*,*,*,*,*,2,2,*,*,*,*,*,*,*,*,*,*,*,*,*,*,*
503650512,2,503650513,,2,1,1,*,*,*,*,*,*,*,*,*,*,*,*,*,*,*,*,*,*,*,*,*,*,*,*,*,*,*,*,*,*,1,1,*,*,*,*,*,*,*,*,*,*,*,*,*,*,*
503650513,1,,503650511;503650512;503650514,32,15,17,2,1,1,38,18,20,14,8,6,38,18,20,38,18,20,24,10,14,7,2,5,3,1,2,0,0,0,0,0,0,18,18,7,13,1,1,0,0,0,15,15,0,1,16,0,6,8
503650514,2,503650513,,2,1,1,*,*,*,*,*,*,*,*,*,*,*,*,*,*,*,*,*,*,*,*,*,*,*,*,*,*,*,*,*,*,1,1,*,*,*,*,*,*,*,*,*,*,*,*,*,*,*
503650521,2,503650523,,7,4,3,*,*,*,*,*,*,*,*,*,*,*,*,*,*,*,*,*,*,*,*,*,*,*,*,*,*,*,*,*,*,4,4,*,*,*,*,*,*,*,*,*,*,*,*,*,*,*
503650523,1,,503650521,3,1,2,0,0,0,10,5,5,6,4,2,10,5,5,10,5,5,4,1,3,4,1,3,1,0,1,0,0,0,0,0,0,2,2,2,4,0,0,0,0,0,4,4,0,0,3,0,1,1
503650524,0,,,130,63,67,8,5,3,122,58,64,36,18,18,121,58,63,121,58,63,86,40,46,43,21,22,14,6,8,0,0,0,0,0,0,72,72,30,30,9,2,1,0,0,42,42,0,2,60,0,27,23
503650531,0,,,63,33,30,1,1,0,62,32,30,30,17,13,62,32,30,62,32,30,32,15,17,22,10,12,11,3,8,0,0,0,0,0,0,33,33,15,8,8,2,0,0,0,18,15,3,1,24,0,12,3
503650533,0,,,458,213,245,39,18,21,417,194,223,197,104,93,405,189,216,402,188,214,220,90,130,126,48,78,57,20,37,6,2,4,3,0,3,230,230,87,84,37,18,4,0,0,143,138,5,7,151,1,64,51
503650611,1,,503650612,119,57,62,15,7,8,109,52,57,65,32,33,103,50,53,99,47,52,44,20,24,29,13,16,15,5,10,0,0,0,0,0,0,52,52,18,21,5,8,1,2,0,37,36,1,1,34,0,17,10
503650612,2,503650611,,5,2,3,*,*,*,*,*,*,*,*,*,*,*,*,*,*,*,*,*,*,*,*,*,*,*,*,*,*,*,*,*,*,3,3,*,*,*,*,*,*,*,*,*,*,*,*,*,*,*
503650613,0,,,19,8,11,2,1,1,17,7,10,8,4,4,17,7,10,17,7,10,9,3,6,5,1,4,2,0,2,0,0,0,0,0,0,8,8,3,3,1,0,0,0,1,5,4,1,0,7,0,3,2
503650621,2,503650622,,4,2,2,*,*,*,*,*,*,*,*,*,*,*,*,*,*,*,*,*,*,*,*,*,*,*,*,*,*,*,*,*,*,2,2,*,*,*,*,*,*,*,*,*,*,*,*,*,*,*
503650622,1,,503650621,95,25,70,0,0,0,99,27,72,10,4,6,98,27,71,98,27,71,89,23,66,81,20,61,66,14,52,19,2,17,0,0,0,5,4,2,2,2,0,0,0,0,4,4,0,0,3,0,2,0
503650631,0,,,585,273,312,86,35,51,499,238,261,286,156,130,481,226,255,478,223,255,213,82,131,124,46,78,49,13,36,2,1,1,1,0,1,266,265,94,91,42,22,11,4,1,171,153,18,21,145,8,53,47
503650633,0,,,463,221,242,58,27,31,405,194,211,252,129,123,391,190,201,382,182,200,153,65,88,85,33,52,29,9,20,1,0,1,1,0,1,207,207,57,87,36,15,9,2,1,150,145,5,13,108,2,37,39
503650634,0,,,21,12,9,4,3,1,17,9,8,13,7,6,17,9,8,17,9,8,4,2,2,1,1,0,1,1,0,1,1,0,0,0,0,10,10,4,2,3,1,0,0,0,6,6,0,1,3,0,2,1
503650704,0,,,15,8,7,2,2,0,13,6,7,7,4,3,13,6,7,13,6,7,6,2,4,6,2,4,4,0,4,0,0,0,0,0,0,8,8,4,2,1,1,0,0,0,4,3,1,1,5,0,2,0
503650711,0,,,15,9,6,1,1,0,14,8,6,8,6,2,14,8,6,14,8,6,6,2,4,1,0,1,1,0,1,0,0,0,0,0,0,8,8,4,2,1,1,0,0,0,4,2,2,0,5,0,2,1
503650723,2,503650731,,3,1,2,*,*,*,*,*,*,*,*,*,*,*,*,*,*,*,*,*,*,*,*,*,*,*,*,*,*,*,*,*,*,2,2,*,*,*,*,*,*,*,*,*,*,*,*,*,*,*
503650731,1,,503650723,68,28,40,10,2,8,61,27,34,39,18,21,59,26,33,59,26,33,22,9,13,7,2,5,1,0,1,0,0,0,0,0,0,31,31,12,12,4,3,1,1,0,21,18,3,1,15,1,5,4
503650732,0,,,185,84,101,27,12,15,158,72,86,95,45,50,154,70,84,152,68,84,63,27,36,34,12,22,15,2,13,2,0,2,1,0,1,81,81,21,35,13,8,1,3,0,59,56,3,4,44,0,16,17
503650733,0,,,34,19,15,2,2,0,32,17,15,20,11,9,31,16,15,31,16,15,12,6,6,4,4,0,0,0,0,0,0,0,1,0,1,14,14,4,5,1,3,1,0,0,10,9,1,0,8,0,3,5
503650734,0,,,158,73,85,25,13,12,133,60,73,76,34,42,129,56,73,127,55,72,57,26,31,20,7,13,5,2,3,1,1,0,1,0,1,74,74,24,30,11,5,3,1,0,50,50,0,6,40,0,18,18
503650743,0,,,45,22,23,5,3,2,40,19,21,18,9,9,39,18,21,39,18,21,22,10,12,12,5,7,2,1,1,0,0,0,0,0,0,23,23,10,6,5,2,0,0,0,13,13,0,1,16,0,9,5
503650802,1,,503650813,28,15,13,2,2,0,29,14,15,14,7,7,28,13,15,28,13,15,15,7,8,8,2,6,6,2,4,0,0,0,0,0,0,14,14,6,7,1,2,0,0,0,10,9,1,0,11,0,4,2
503650803,0,,,14,6,8,0,0,0,14,6,8,7,4,3,13,6,7,13,6,7,7,2,5,6,2,4,3,1,2,0,0,0,0,0,0,10,10,7,2,1,0,0,0,0,3,3,0,0,6,0,4,1
503650813,2,503650802,,3,1,2,*,*,*,*,*,*,*,*,*,*,*,*,*,*,*,*,*,*,*,*,*,*,*,*,*,*,*,*,*,*,2,2,*,*,*,*,*,*,*,*,*,*,*,*,*,*,*
503650832,1,,503650833,152,70,82,8,3,5,151,70,81,81,40,41,150,70,80,147,69,78,70,30,40,35,12,23,17,5,12,2,1,1,1,0,1,78,78,28,36,10,6,1,0,0,53,50,3,2,51,0,21,18
503650833,2,503650832,,7,3,4,*,*,*,*,*,*,*,*,*,*,*,*,*,*,*,*,*,*,*,*,*,*,*,*,*,*,*,*,*,*,3,3,*,*,*,*,*,*,*,*,*,*,*,*,*,*,*
503650841,0,,,127,54,73,10,5,5,117,49,68,65,29,36,115,49,66,113,49,64,52,20,32,24,10,14,4,3,1,0,0,0,0,0,0,60,60,15,29,10,6,0,0,0,45,39,6,3,36,0,11,12
503650843,0,,,50,28,22,2,2,0,48,26,22,25,14,11,46,25,21,45,24,21,23,12,11,11,5,6,5,3,2,0,0,0,0,0,0,25,25,7,12,5,1,0,0,0,18,18,0,1,15,0,4,9
503650901,0,,,14,8,6,2,1,1,12,7,5,6,3,3,12,7,5,12,7,5,6,4,2,6,4,2,1,1,0,0,0,0,0,0,0,8,8,5,1,1,1,0,0,0,3,3,0,1,6,0,5,0
503650921,2,503650922,,6,2,4,*,*,*,*,*,*,*,*,*,*,*,*,*,*,*,*,*,*,*,*,*,*,*,*,*,*,*,*,*,*,2,2,*,*,*,*,*,*,*,*,*,*,*,*,*,*,*
503650922,1,,503650921,16,6,10,7,2,5,15,6,9,11,4,7,15,6,9,15,6,9,4,2,2,2,1,1,0,0,0,0,0,0,0,0,0,5,5,0,3,1,2,1,0,0,7,6,1,0,2,0,0,1
503650923,0,,,47,21,26,3,1,2,44,20,24,20,11,9,43,20,23,43,20,23,24,9,15,9,3,6,4,0,4,0,0,0,0,0,0,24,24,10,8,4,1,1,0,0,14,13,1,0,17,0,7,4
503650924,0,,,123,60,63,7,4,3,116,56,60,57,30,27,115,55,60,114,54,60,59,26,33,31,14,17,15,7,8,3,2,1,0,0,0,64,64,22,31,6,4,1,0,0,42,39,3,4,39,1,14,15
503650931,0,,,39,18,21,3,2,1,36,16,20,19,8,11,35,16,19,34,16,18,17,8,9,9,2,7,3,1,2,0,0,0,0,0,0,19,19,5,10,2,2,0,0,0,14,13,1,2,12,0,4,7
503650932,0,,,116,57,59,8,7,1,108,50,58,50,26,24,103,48,55,102,48,54,58,24,34,30,12,18,11,3,8,1,0,1,0,0,0,57,57,18,26,8,3,2,0,0,39,37,2,1,38,0,15,17
503650933,0,,,33,16,17,5,2,3,28,14,14,13,8,5,28,14,14,28,14,14,15,6,9,4,1,3,1,0,1,0,0,0,0,0,0,14,14,3,7,2,1,0,1,0,11,10,1,1,11,0,3,3
503650934,0,,,152,76,76,24,15,9,128,61,67,59,28,31,124,60,64,123,60,63,69,33,36,44,21,23,9,6,3,0,0,0,0,0,0,70,70,24,31,6,2,6,0,1,46,45,1,6,44,0,16,22
503650941,1,,503650942,414,206,208,64,39,25,357,170,187,251,124,127,342,162,180,337,159,178,106,46,60,46,23,23,21,7,14,1,0,1,5,1,4,191,191,58,81,31,16,7,0,1,136,129,7,17,73,3,29,26
503650942,2,503650941,,7,3,4,*,*,*,*,*,*,*,*,*,*,*,*,*,*,*,*,*,*,*,*,*,*,*,*,*,*,*,*,*,*,3,3,*,*,*,*,*,*,*,*,*,*,*,*,*,*,*
503650943,0,,,103,50,53,17,9,8,86,41,45,51,26,25,84,40,44,84,40,44,35,15,20,21,7,14,11,7,4,0,0,0,0,0,0,43,43,13,14,8,3,4,1,0,30,28,2,6,25,0,10,7
503650944,0,,,23,10,13,0,0,0,23,10,13,13,7,6,23,10,13,23,10,13,10,3,7,6,1,5,3,0,3,2,0,2,0,0,0,11,11,3,4,4,0,0,0,0,8,6,2,0,7,0,3,2
503660012,1,,503660014,15,6,9,0,0,0,16,7,9,5,2,3,16,7,9,16,7,9,11,5,6,7,2,5,2,0,2,0,0,0,0,0,0,9,9,5,4,1,0,0,0,0,5,4,1,0,7,0,3,3
503660014,2,503660012,,1,1,0,*,*,*,*,*,*,*,*,*,*,*,*,*,*,*,*,*,*,*,*,*,*,*,*,*,*,*,*,*,*,1,1,*,*,*,*,*,*,*,*,*,*,*,*,*,*,*
503660021,0,,,18,11,7,0,0,0,18,11,7,8,5,3,18,11,7,18,11,7,10,6,4,3,2,1,1,0,1,0,0,0,0,0,0,10,10,5,2,3,0,0,0,0,5,5,0,0,7,0,3,1
503660022,2,503660024,,10,4,6,*,*,*,*,*,*,*,*,*,*,*,*,*,*,*,*,*,*,*,*,*,*,*,*,*,*,*,*,*,*,5,5,*,*,*,*,*,*,*,*,*,*,*,*,*,*,*
503660024,1,,503660022;503660122,5,1,4,6,4,2,16,6,10,7,2,5,16,6,10,15,6,9,9,4,5,3,2,1,0,0,0,0,0,0,0,0,0,4,4,6,3,0,0,2,0,0,5,5,0,2,7,0,5,2
503660032,0,,,20,8,12,5,2,3,15,6,9,13,6,7,15,6,9,15,6,9,2,0,2,2,0,2,2,0,2,0,0,0,0,0,0,8,8,2,2,2,2,0,0,0,6,6,0,1,2,0,2,0
503660033,2,503660034,,6,3,3,*,*,*,*,*,*,*,*,*,*,*,*,*,*,*,*,*,*,*,*,*,*,*,*,*,*,*,*,*,*,3,3,*,*,*,*,*,*,*,*,*,*,*,*,*,*,*
503660034,1,,503660033,164,72,92,33,16,17,137,59,78,70,33,37,131,56,75,131,56,75,67,26,41,49,15,34,22,3,19,6,0,6,0,0,0,37,36,2,14,6,10,7,0,0,37,34,3,9,13,0,2,6
503660041,0,,,155,72,83,13,8,5,142,64,78,87,42,45,138,61,77,136,60,76,55,22,33,31,10,21,10,1,9,1,0,1,5,0,5,72,72,27,18,16,11,0,0,0,45,40,5,4,39,4,18,9
503660042,0,,,98,50,48,6,3,3,92,47,45,44,24,20,89,46,43,89,46,43,48,23,25,27,11,16,8,3,5,0,0,0,0,0,0,48,48,16,19,11,0,1,1,0,32,28,4,1,33,0,12,12
503660043,0,,,263,119,144,25,16,9,238,103,135,128,64,64,228,97,131,225,96,129,110,39,71,72,24,48,42,10,32,6,1,5,1,0,1,96,95,17,46,16,12,3,0,1,77,75,2,2,48,0,12,21
503660044,1,,503660053,98,49,49,10,6,4,93,46,47,47,25,22,91,45,46,91,45,46,46,21,25,25,13,12,6,1,5,1,0,1,0,0,0,45,45,11,27,4,4,2,0,0,37,35,2,1,29,0,5,17
503660053,2,503660044,,5,3,2,*,*,*,*,*,*,*,*,*,*,*,*,*,*,*,*,*,*,*,*,*,*,*,*,*,*,*,*,*,*,3,3,*,*,*,*,*,*,*,*,*,*,*,*,*,*,*
503660112,2,503660114,,3,1,2,*,*,*,*,*,*,*,*,*,*,*,*,*,*,*,*,*,*,*,*,*,*,*,*,*,*,*,*,*,*,1,1,*,*,*,*,*,*,*,*,*,*,*,*,*,*,*
503660113,2,503660114,,1,0,1,*,*,*,*,*,*,*,*,*,*,*,*,*,*,*,*,*,*,*,*,*,*,*,*,*,*,*,*,*,*,1,1,*,*,*,*,*,*,*,*,*,*,*,*,*,*,*
503660114,1,,503660112;503660113,15,6,9,5,1,4,14,6,8,8,4,4,14,6,8,14,6,8,6,2,4,5,1,4,0,0,0,0,0,0,0,0,0,7,7,4,2,1,2,0,0,0,5,5,0,2,5,0,4,1
503660122,2,503660024,,7,5,2,*,*,*,*,*,*,*,*,*,*,*,*,*,*,*,*,*,*,*,*,*,*,*,*,*,*,*,*,*,*,2,2,*,*,*,*,*,*,*,*,*,*,*,*,*,*,*
503660134,2,503660143,,6,2,4,*,*,*,*,*,*,*,*,*,*,*,*,*,*,*,*,*,*,*,*,*,*,*,*,*,*,*,*,*,*,4,4,*,*,*,*,*,*,*,*,*,*,*,*,*,*,*
503660141,0,,,344,160,184,42,17,25,302,143,159,206,97,109,282,129,153,273,125,148,96,46,50,40,17,23,18,7,11,1,0,1,0,0,0,145,144,37,50,36,15,5,0,1,106,102,4,8,62,1,22,25
503660142,0,,,550,260,290,73,40,33,477,220,257,309,147,162,460,211,249,454,207,247,168,73,95,91,38,53,22,8,14,2,0,2,0,0,0,240,240,57,100,46,30,7,0,0,180,173,7,18,108,0,34,45
503660143,1,,503660134,92,47,45,9,5,4,89,44,45,45,22,23,88,44,44,88,44,44,44,22,22,26,10,16,13,6,7,2,0,2,0,0,0,39,38,21,11,6,3,0,0,1,21,19,2,2,20,1,10,5
503660144,0,,,174,91,83,19,12,7,155,79,76,106,57,49,149,75,74,148,75,73,49,22,27,25,9,16,6,1,5,0,0,0,0,0,0,77,77,19,36,10,8,3,1,0,58,54,4,5,34,0,12,12
503660151,0,,,222,94,128,24,8,16,198,86,112,116,51,65,195,86,109,188,83,105,82,35,47,37,18,19,9,5,4,2,1,1,4,0,4,114,114,49,39,12,11,3,0,0,65,62,3,6,58,10,21,22
503660153,0,,,135,64,71,18,10,8,117,54,63,64,29,35,111,53,58,111,53,58,53,25,28,21,7,14,5,1,4,0,0,0,0,0,0,61,61,22,21,11,3,0,2,2,37,33,4,3,38,0,18,9
503660212,2,503660221,,2,1,1,*,*,*,*,*,*,*,*,*,*,*,*,*,*,*,*,*,*,*,*,*,*,*,*,*,*,*,*,*,*,1,1,*,*,*,*,*,*,*,*,*,*,*,*,*,*,*
503660213,2,503660221,,4,3,1,*,*,*,*,*,*,*,*,*,*,*,*,*,*,*,*,*,*,*,*,*,*,*,*,*,*,*,*,*,*,1,1,*,*,*,*,*,*,*,*,*,*,*,*,*,*,*
503660221,1,,503660212;503660213,56,3,53,0,0,0,62,7,55,2,2,0,62,7,55,62,7,55,60,5,55,56,4,52,42,0,42,12,0,12,0,0,0,6,5,3,3,0,1,0,0,0,4,4,0,0,7,0,3,3
503660224,0,,,10,6,4,1,1,0,9,5,4,5,2,3,6,4,2,6,4,2,4,3,1,0,0,0,0,0,0,0,0,0,0,0,0,6,6,4,0,2,0,0,0,0,2,2,0,0,4,0,4,0
503660232,0,,,119,54,65,8,4,4,111,50,61,57,26,31,106,48,58,103,47,56,54,24,30,34,16,18,12,5,7,0,0,0,0,0,0,51,51,12,20,11,6,2,0,0,39,38,1,1,33,0,11,12
503660234,0,,,12,7,5,1,0,1,11,7,4,5,4,1,11,7,4,11,7,4,6,3,3,1,1,0,0,0,0,0,0,0,0,0,0,7,7,4,1,2,0,0,0,0,3,2,1,0,3,0,1,1
503660241,1,,503660243,27,13,14,3,1,2,26,13,13,16,10,6,26,13,13,26,13,13,10,3,7,4,1,3,1,0,1,0,0,0,0,0,0,12,12,4,6,3,1,0,0,0,10,10,0,0,8,0,3,2
503660242,0,,,84,42,42,8,6,2,76,36,40,37,19,18,74,35,39,74,35,39,39,17,22,22,9,13,9,3,6,1,0,1,0,0,0,39,39,11,15,10,2,1,0,0,28,28,0,2,25,0,9,9
503660243,2,503660241,,2,1,1,*,*,*,*,*,*,*,*,*,*,*,*,*,*,*,*,*,*,*,*,*,*,*,*,*,*,*,*,*,*,2,2,*,*,*,*,*,*,*,*,*,*,*,*,*,*,*
503660244,0,,,90,44,46,19,8,11,71,36,35,44,22,22,71,36,35,69,34,35,27,14,13,12,6,6,1,1,0,0,0,0,1,1,0,37,37,8,16,5,5,3,0,0,29,27,2,3,18,1,6,8
503660251,0,,,29,15,14,3,1,2,26,14,12,12,7,5,26,14,12,26,14,12,14,7,7,4,3,1,1,1,0,0,0,0,0,0,0,12,12,3,4,2,3,0,0,0,9,8,1,2,9,0,3,4
503660252,0,,,88,45,43,8,5,3,80,40,40,51,27,24,80,40,40,79,39,40,29,13,16,11,5,6,1,0,1,0,0,0,0,0,0,39,39,11,14,8,5,1,0,0,27,24,3,2,17,1,3,5
503660253,0,,,225,105,120,34,16,18,191,89,102,130,59,71,185,84,101,182,82,100,61,30,31,18,6,12,1,1,0,0,0,0,1,0,1,97,97,28,37,15,11,3,2,1,69,66,3,11,44,1,19,15
503660254,0,,,52,21,31,3,1,2,49,20,29,35,13,22,47,20,27,47,20,27,14,7,7,6,4,2,1,1,0,0,0,0,0,0,0,25,25,8,11,3,2,1,0,0,17,15,2,0,10,0,4,4
503660303,2,503660414,,1,0,1,*,*,*,*,*,*,*,*,*,*,*,*,*,*,*,*,*,*,*,*,*,*,*,*,*,*,*,*,*,*,1,1,*,*,*,*,*,*,*,*,*,*,*,*,*,*,*
503660321,0,,,35,17,18,1,1,0,34,16,18,14,7,7,34,16,18,33,16,17,20,9,11,7,3,4,0,0,0,0,0,0,0,0,0,16,16,4,8,3,0,0,1,0,12,10,2,0,12,0,2,6
503660322,0,,,13,6,7,0,0,0,13,6,7,5,3,2,13,6,7,12,6,6,8,3,5,4,1,3,1,0,1,0,0,0,0,0,0,7,7,5,0,1,0,1,0,0,2,0,2,0,6,0,4,0
503660323,0,,,12,4,8,0,0,0,12,4,8,5,2,3,12,4,8,12,4,8,7,2,5,5,1,4,1,1,0,0,0,0,0,0,0,7,7,3,3,1,0,0,0,0,4,4,0,0,6,0,3,1
503660324,0,,,25,13,12,0,0,0,25,13,12,12,8,4,25,13,12,23,12,11,13,5,8,7,3,4,1,0,1,0,0,0,0,0,0,12,12,4,5,2,0,1,0,0,8,8,0,0,9,0,3,2
503660332,0,,,47,19,28,4,1,3,43,18,25,17,6,11,41,17,24,41,17,24,26,12,14,13,5,8,6,2,4,3,1,2,0,0,0,21,21,5,11,2,1,2,0,0,16,15,1,1,17,0,4,7
503660333,2,503660334,,10,5,5,*,*,*,*,*,*,*,*,*,*,*,*,*,*,*,*,*,*,*,*,*,*,*,*,*,*,*,*,*,*,4,4,*,*,*,*,*,*,*,*,*,*,*,*,*,*,*
503660334,1,,503660333,33,16,17,10,7,3,33,14,19,20,10,10,32,13,19,32,13,19,13,4,9,9,3,6,3,0,3,0,0,0,0,0,0,13,13,4,7,0,5,1,0,0,13,11,2,2,9,0,4,3
503660341,2,503660343,,3,2,1,*,*,*,*,*,*,*,*,*,*,*,*,*,*,*,*,*,*,*,*,*,*,*,*,*,*,*,*,*,*,2,2,*,*,*,*,*,*,*,*,*,*,*,*,*,*,*
503660343,1,,503660341;503660344,214,99,115,41,16,25,178,86,92,133,68,65,169,82,87,165,82,83,45,18,27,20,6,14,7,1,6,1,0,1,1,0,1,88,88,30,24,17,13,6,0,1,61,56,5,12,33,0,15,11
503660344,2,503660343,,2,1,1,*,*,*,*,*,*,*,*,*,*,*,*,*,*,*,*,*,*,*,*,*,*,*,*,*,*,*,*,*,*,1,1,*,*,*,*,*,*,*,*,*,*,*,*,*,*,*
503660351,0,,,615,298,317,108,61,47,505,235,270,343,159,184,484,226,258,474,220,254,162,76,86,73,33,40,24,11,13,2,1,1,1,0,1,261,261,73,96,40,35,14,1,2,184,177,7,35,111,5,35,45
503660352,0,,,389,191,198,39,21,18,348,169,179,230,116,114,341,165,176,337,163,174,118,53,65,49,18,31,24,7,17,3,0,3,9,5,4,187,186,67,73,23,18,3,2,0,117,112,5,12,76,13,22,32
503660353,2,503660354,,2,1,1,*,*,*,*,*,*,*,*,*,*,*,*,*,*,*,*,*,*,*,*,*,*,*,*,*,*,*,*,*,*,1,1,*,*,*,*,*,*,*,*,*,*,*,*,*,*,*
503660354,1,,503660353,815,339,476,49,26,23,763,309,454,299,143,156,737,297,440,728,294,434,464,166,298,305,92,213,129,33,96,20,0,20,2,0,2,184,178,53,73,20,25,5,3,0,123,116,7,10,83,5,33,37
503660361,0,,,135,63,72,9,4,5,126,59,67,89,42,47,121,58,63,121,58,63,37,17,20,23,11,12,9,4,5,1,0,1,0,0,0,65,65,22,26,11,3,2,1,0,43,42,1,4,26,5,13,7
503660363,0,,,513,234,279,73,35,38,440,199,241,265,124,141,422,190,232,415,187,228,175,75,100,92,38,54,17,8,9,0,0,0,3,1,2,230,229,74,87,38,18,11,1,0,154,146,8,18,118,0,52,41
503660414,1,,503660303,39,21,18,2,1,1,38,20,18,13,7,6,37,19,18,37,19,18,25,13,12,9,3,6,3,0,3,0,0,0,1,0,1,19,19,5,12,1,2,0,0,0,15,15,0,1,16,1,4,8
503660421,1,,503660422,94,39,55,0,0,0,102,42,60,49,22,27,98,42,56,98,42,56,53,20,33,35,8,27,24,4,20,3,0,3,1,0,1,43,42,26,14,9,1,0,0,0,24,23,1,0,32,0,16,6
503660422,2,503660421,,8,3,5,*,*,*,*,*,*,*,*,*,*,*,*,*,*,*,*,*,*,*,*,*,*,*,*,*,*,*,*,*,*,8,8,*,*,*,*,*,*,*,*,*,*,*,*,*,*,*
503660423,0,,,133,69,64,15,11,4,117,58,59,58,35,23,117,58,59,117,58,59,59,23,36,34,11,23,12,4,8,1,0,1,0,0,0,68,68,28,25,9,3,2,1,0,39,37,2,4,44,0,18,13
503660431,2,503660434,,6,3,3,*,*,*,*,*,*,*,*,*,*,*,*,*,*,*,*,*,*,*,*,*,*,*,*,*,*,*,*,*,*,3,3,*,*,*,*,*,*,*,*,*,*,*,*,*,*,*
503660432,0,,,33,18,15,9,6,3,24,12,12,19,10,9,21,9,12,21,9,12,5,2,3,2,1,1,1,1,0,0,0,0,0,0,0,9,9,0,2,1,4,2,0,0,9,7,2,2,3,0,0,2
503660434,1,,503660431,37,20,17,11,6,5,32,17,15,19,10,9,32,17,15,32,17,15,13,7,6,6,3,3,2,1,1,0,0,0,1,0,1,17,17,8,6,2,3,1,0,0,12,12,0,2,11,0,7,3
503660441,0,,,154,77,77,48,24,24,106,53,53,83,41,42,99,49,50,99,49,50,23,12,11,13,7,6,4,3,1,0,0,0,0,0,0,50,50,5,13,10,17,5,0,0,45,41,4,15,15,0,5,6
503660442,0,,,71,35,36,22,10,12,49,25,24,43,22,21,46,24,22,45,24,21,6,3,3,3,1,2,1,0,1,0,0,0,0,0,0,21,21,2,2,8,5,3,1,0,19,19,0,2,4,0,2,1
503660443,0,,,189,91,98,49,24,25,140,67,73,101,48,53,132,64,68,131,63,68,39,19,20,16,5,11,9,3,6,3,1,2,0,0,0,70,70,18,18,13,11,8,2,0,52,51,1,13,30,0,15,7
503660452,0,,,143,73,70,24,14,10,117,57,60,77,36,41,111,54,57,109,52,57,40,21,19,21,11,10,6,2,4,0,0,0,0,0,0,60,60,15,25,5,12,3,0,0,45,43,2,2,28,0,10,13
503660453,0,,,85,16,69,0,0,0,84,15,69,8,6,2,83,14,69,82,13,69,76,9,67,75,9,66,55,5,50,13,0,13,1,0,1,7,6,3,0,3,0,0,0,0,3,3,0,0,2,0,1,0
503660454,0,,,51,24,27,2,1,1,47,21,26,21,8,13,46,21,25,45,21,24,26,13,13,14,7,7,4,2,2,0,0,0,0,0,0,24,24,9,8,5,1,0,0,1,15,14,1,1,18,0,6,7
503660461,0,,,214,96,118,12,8,4,202,88,114,105,48,57,201,88,113,200,87,113,97,40,57,53,21,32,20,7,13,0,0,0,0,0,0,90,87,39,28,12,5,3,0,0,48,44,4,2,62,0,27,16
503660462,0,,,155,71,84,16,7,9,139,64,75,75,38,37,137,63,74,135,62,73,64,26,38,35,13,22,14,4,10,4,0,4,0,0,0,81,81,35,28,9,8,1,0,0,46,45,1,2,47,1,23,16
503660463,0,,,17,7,10,3,3,0,14,4,10,14,4,10,12,2,10,10,1,9,0,0,0,0,0,0,0,0,0,0,0,0,0,0,0,6,5,1,0,4,0,0,0,0,4,4,0,1,0,0,0,0
503660464,1,,503660473,558,258,300,60,28,32,499,231,268,289,142,147,489,224,265,485,222,263,210,89,121,119,44,75,34,9,25,2,0,2,27,7,20,304,303,154,88,35,19,7,1,1,148,135,13,12,161,23,78,41
503660473,2,503660464,,5,3,2,*,*,*,*,*,*,*,*,*,*,*,*,*,*,*,*,*,*,*,*,*,*,*,*,*,*,*,*,*,*,2,2,*,*,*,*,*,*,*,*,*,*,*,*,*,*,*
503660512,0,,,27,13,14,0,0,0,27,13,14,11,8,3,27,13,14,27,13,14,16,5,11,10,2,8,4,1,3,1,1,0,0,0,0,18,18,10,7,1,0,0,0,0,8,8,0,0,12,0,7,3
503660514,0,,,20,11,9,0,0,0,20,11,9,11,7,4,19,10,9,19,10,9,9,4,5,3,1,2,2,1,1,1,0,1,0,0,0,14,14,9,4,1,0,0,0,0,5,3,2,0,7,0,3,1
503660521,1,,503660522,41,18,23,3,1,2,40,18,22,18,8,10,39,17,22,39,17,22,22,10,12,14,5,9,6,3,3,1,0,1,0,0,0,25,25,15,7,3,0,1,0,0,11,11,0,1,17,0,10,6
503660522,2,503660521,,2,1,1,*,*,*,*,*,*,*,*,*,*,*,*,*,*,*,*,*,*,*,*,*,*,*,*,*,*,*,*,*,*,1,1,*,*,*,*,*,*,*,*,*,*,*,*,*,*,*
503660534,1,,503660901,20,12,8,6,6,0,15,7,8,8,4,4,15,7,8,15,7,8,7,3,4,5,2,3,1,1,0,0,0,0,0,0,0,7,7,3,2,2,0,0,0,1,5,3,2,1,5,0,3,0
503660541,0,,,113,55,58,8,4,4,105,51,54,41,19,22,103,50,53,103,50,53,64,32,32,33,16,17,15,7,8,3,0,3,0,0,0,57,57,16,31,6,3,1,0,0,41,41,0,2,41,0,12,21
503660551,0,,,8,4,4,0,0,0,8,4,4,3,2,1,8,4,4,8,4,4,5,2,3,4,2,2,1,0,1,0,0,0,0,0,0,4,4,1,2,1,0,0,0,0,3,3,0,0,3,0,1,1
503660552,0,,,68,35,33,2,1,1,66,34,32,39,21,18,65,33,32,64,33,31,27,13,14,10,4,6,5,1,4,0,0,0,0,0,0,44,44,25,15,3,1,0,0,0,18,17,1,0,21,6,10,7
503660561,0,,,208,103,105,15,10,5,192,92,100,123,66,57,190,90,100,189,89,100,69,26,43,41,11,30,22,5,17,6,1,5,11,10,1,116,116,56,39,10,11,0,0,0,60,59,1,5,55,12,38,12
503660562,0,,,216,104,112,20,13,7,195,91,104,111,52,59,191,88,103,188,87,101,84,39,45,41,17,24,8,3,5,1,0,1,7,7,0,110,110,47,35,17,8,2,1,0,63,57,6,4,62,6,26,19
503660563,1,,503660653;503660654,206,101,105,23,15,8,186,88,98,104,55,49,180,87,93,178,86,92,82,33,49,38,16,22,10,6,4,0,0,0,1,0,1,93,93,29,40,15,7,3,2,0,67,62,5,4,59,0,20,23
503660564,0,,,129,60,69,27,11,16,102,49,53,75,37,38,95,46,49,93,45,48,27,12,15,13,4,9,5,0,5,0,0,0,0,0,0,55,55,18,16,11,6,2,2,0,36,35,1,9,21,0,12,5
503660571,0,,,304,135,169,30,16,14,269,116,153,168,71,97,260,114,146,255,114,141,101,45,56,54,20,34,19,4,15,1,0,1,5,5,0,160,160,74,51,17,13,5,0,0,85,80,5,9,76,6,35,24
503660573,0,,,163,70,93,12,1,11,150,68,82,61,31,30,149,68,81,149,68,81,89,37,52,51,19,32,20,6,14,3,0,3,0,0,0,85,85,31,39,8,5,2,0,0,54,50,4,1,60,0,23,23
503660574,0,,,107,46,61,10,4,6,97,42,55,44,21,23,96,42,54,92,39,53,53,21,32,34,13,21,7,4,3,0,0,0,1,0,1,54,54,17,26,7,3,1,0,0,36,35,1,2,38,0,15,17
503660653,2,503660563,,2,2,0,*,*,*,*,*,*,*,*,*,*,*,*,*,*,*,*,*,*,*,*,*,*,*,*,*,*,*,*,*,*,2,2,*,*,*,*,*,*,*,*,*,*,*,*,*,*,*
503660654,2,503660563,,1,0,1,*,*,*,*,*,*,*,*,*,*,*,*,*,*,*,*,*,*,*,*,*,*,*,*,*,*,*,*,*,*,1,1,*,*,*,*,*,*,*,*,*,*,*,*,*,*,*
503660662,0,,,11,5,6,1,0,1,10,5,5,6,3,3,9,5,4,9,5,4,4,2,2,4,2,2,3,2,1,1,1,0,0,0,0,4,4,0,2,1,1,0,0,0,4,4,0,0,2,0,0,2
503660664,0,,,79,34,45,13,5,8,66,29,37,43,19,24,62,27,35,60,26,34,23,10,13,7,3,4,2,1,1,0,0,0,0,0,0,31,31,2,16,8,4,1,0,0,29,26,3,4,14,0,1,5
503660671,0,,,136,65,71,21,13,8,115,52,63,73,32,41,108,48,60,108,48,60,42,20,22,19,12,7,1,1,0,0,0,0,0,0,0,59,59,10,29,12,8,0,0,0,49,48,1,4,26,0,8,14
503660672,0,,,507,241,266,48,20,28,455,218,237,261,146,115,442,208,234,438,207,231,194,72,122,122,46,76,31,11,20,3,0,3,0,0,0,259,259,103,97,33,19,7,0,0,155,147,8,14,136,10,54,45
503660673,0,,,463,213,250,69,34,35,394,179,215,233,111,122,382,171,211,379,170,209,161,68,93,76,30,46,25,7,18,3,0,3,3,1,2,211,211,60,94,22,27,7,1,0,150,142,8,19,107,2,34,49
503660674,0,,,778,345,433,82,40,42,689,301,388,399,184,215,672,294,378,661,288,373,290,117,173,144,53,91,38,11,27,3,0,3,6,3,3,392,392,156,145,40,44,6,1,0,234,220,14,18,205,9,78,73
503660681,0,,,24,15,9,4,3,1,20,12,8,13,9,4,18,10,8,18,10,8,7,3,4,3,1,2,2,0,2,1,0,1,0,0,0,10,10,4,2,2,1,0,1,0,6,5,1,0,5,0,3,0
503660683,0,,,533,239,294,51,30,21,477,205,272,224,112,112,463,198,265,460,197,263,253,93,160,129,45,84,47,9,38,4,1,3,4,0,4,281,281,125,98,34,16,5,1,2,154,145,9,11,188,2,83,48
503660684,0,,,26,11,15,2,1,1,24,10,14,11,6,5,22,9,13,22,9,13,13,4,9,8,4,4,2,0,2,0,0,0,0,0,0,14,14,6,5,2,1,0,0,0,8,8,0,0,10,0,4,2
503660762,0,,,75,30,45,8,1,7,67,29,38,41,17,24,64,27,37,63,27,36,26,12,14,15,5,10,9,3,6,1,1,0,1,0,1,34,34,9,15,6,2,2,0,0,25,25,0,3,18,1,6,7
503660764,0,,,89,44,45,4,1,3,85,43,42,44,22,22,84,42,42,83,41,42,41,21,20,23,11,12,6,4,2,1,1,0,0,0,0,45,45,14,22,6,2,1,0,0,31,31,0,1,28,0,9,11
503660771,0,,,236,135,101,20,7,13,215,127,88,167,110,57,212,126,86,210,124,86,48,17,31,15,3,12,4,0,4,0,0,0,0,0,0,150,150,97,31,14,5,3,0,0,53,52,1,6,36,36,16,10
503660772,0,,,409,208,201,53,29,24,343,173,170,218,114,104,335,170,165,333,170,163,125,59,66,51,25,26,12,6,6,2,1,1,1,0,1,215,215,104,64,22,15,9,1,0,109,103,6,15,84,22,26,35
503660781,0,,,506,240,266,59,31,28,446,208,238,214,118,96,439,205,234,437,204,233,232,90,142,132,48,84,40,10,30,4,2,2,3,0,3,282,282,144,88,25,15,9,1,0,136,130,6,13,172,10,88,51
503660782,0,,,414,180,234,25,12,13,389,168,221,176,86,90,378,161,217,373,158,215,213,82,131,122,42,80,45,14,31,4,0,4,1,0,1,221,221,101,72,28,15,5,0,0,119,110,9,6,157,2,79,40
503660783,1,,503660881,83,37,46,3,2,1,84,37,47,41,21,20,82,36,46,81,36,45,43,16,27,24,10,14,4,0,4,0,0,0,1,0,1,52,52,33,16,2,4,0,0,0,22,21,1,0,34,5,20,8
503660784,0,,,17,7,10,0,0,0,17,7,10,8,4,4,17,7,10,17,7,10,9,3,6,4,2,2,0,0,0,0,0,0,0,0,0,12,12,8,3,1,0,0,0,0,4,3,1,0,7,0,4,0
503660791,2,503660793,,3,1,2,*,*,*,*,*,*,*,*,*,*,*,*,*,*,*,*,*,*,*,*,*,*,*,*,*,*,*,*,*,*,1,1,*,*,*,*,*,*,*,*,*,*,*,*,*,*,*
503660793,1,,503660791;503660794,41,17,24,6,2,4,43,19,24,18,8,10,42,18,24,41,17,24,25,11,14,10,4,6,2,0,2,0,0,0,1,0,1,19,19,8,4,6,1,1,1,0,13,11,2,1,17,0,8,3
503660794,2,503660793,,5,3,2,*,*,*,*,*,*,*,*,*,*,*,*,*,*,*,*,*,*,*,*,*,*,*,*,*,*,*,*,*,*,1,1,*,*,*,*,*,*,*,*,*,*,*,*,*,*,*
503660814,2,503660942,,3,1,2,*,*,*,*,*,*,*,*,*,*,*,*,*,*,*,*,*,*,*,*,*,*,*,*,*,*,*,*,*,*,1,1,*,*,*,*,*,*,*,*,*,*,*,*,*,*,*
503660823,2,503660942,,1,1,0,*,*,*,*,*,*,*,*,*,*,*,*,*,*,*,*,*,*,*,*,*,*,*,*,*,*,*,*,*,*,1,1,*,*,*,*,*,*,*,*,*,*,*,*,*,*,*
503660861,1,,503660863,18,10,8,4,2,2,18,11,7,10,5,5,18,11,7,16,11,5,8,6,2,3,2,1,1,0,1,0,0,0,0,0,0,8,8,5,3,1,2,0,0,0,6,6,0,0,6,0,4,2
503660862,0,,,16,7,9,1,0,1,15,7,8,4,3,1,15,7,8,14,6,8,11,4,7,7,3,4,2,1,1,0,0,0,0,0,0,9,9,4,4,0,1,0,0,0,5,5,0,0,8,0,4,3
503660863,2,503660861,,4,3,1,*,*,*,*,*,*,*,*,*,*,*,*,*,*,*,*,*,*,*,*,*,*,*,*,*,*,*,*,*,*,3,3,*,*,*,*,*,*,*,*,*,*,*,*,*,*,*
503660881,2,503660783,,4,2,2,*,*,*,*,*,*,*,*,*,*,*,*,*,*,*,*,*,*,*,*,*,*,*,*,*,*,*,*,*,*,3,3,*,*,*,*,*,*,*,*,*,*,*,*,*,*,*
503660891,0,,,105,47,58,10,6,4,95,41,54,41,20,21,93,40,53,92,39,53,54,21,33,36,13,23,9,2,7,0,0,0,0,0,0,54,54,24,17,7,4,2,0,0,28,26,2,1,39,0,18,9
503660892,0,,,12,7,5,0,0,0,12,7,5,4,3,1,12,7,5,12,7,5,8,4,4,2,0,2,1,0,1,0,0,0,0,0,0,5,5,0,3,2,0,0,0,0,4,1,3,0,5,0,0,0
503660901,2,503660534,,1,1,0,*,*,*,*,*,*,*,*,*,*,*,*,*,*,*,*,*,*,*,*,*,*,*,*,*,*,*,*,*,*,1,1,*,*,*,*,*,*,*,*,*,*,*,*,*,*,*
503660942,1,,503660814;503660823,35,14,21,5,3,2,34,13,21,22,10,12,34,13,21,34,13,21,12,3,9,10,2,8,4,1,3,0,0,0,0,0,0,14,14,6,4,3,0,2,1,0,10,7,3,0,8,0,4,2
503660951,0,,,57,29,28,0,0,0,57,29,28,30,16,14,55,28,27,55,28,27,27,13,14,17,9,8,5,4,1,1,1,0,0,0,0,29,29,11,11,4,3,0,0,0,17,17,0,0,19,0,10,6
503660962,2,503660963,,1,1,0,*,*,*,*,*,*,*,*,*,*,*,*,*,*,*,*,*,*,*,*,*,*,*,*,*,*,*,*,*,*,1,1,*,*,*,*,*,*,*,*,*,*,*,*,*,*,*
503660963,1,,503660962,13,6,7,1,0,1,13,7,6,5,2,3,13,7,6,13,7,6,8,5,3,3,2,1,1,0,1,0,0,0,1,0,1,7,7,4,3,0,1,0,0,0,4,3,1,1,7,0,4,1
503661701,1,,503661703,131,59,72,0,0,0,137,62,75,34,20,14,136,61,75,135,61,74,103,42,61,69,26,43,19,7,12,1,0,1,0,0,0,86,86,50,30,9,0,0,0,0,39,36,3,0,76,1,41,22
503661703,2,503661701,,6,3,3,*,*,*,*,*,*,*,*,*,*,*,*,*,*,*,*,*,*,*,*,*,*,*,*,*,*,*,*,*,*,3,3,*,*,*,*,*,*,*,*,*,*,*,*,*,*,*
503661902,0,,,54,21,33,3,1,2,51,20,31,18,8,10,51,20,31,51,20,31,33,12,21,20,7,13,10,3,7,1,1,0,0,0,0,33,33,19,10,1,3,0,0,0,14,13,1,1,26,0,14,8
503661904,0,,,14,7,7,0,0,0,14,7,7,3,2,1,14,7,7,14,7,7,11,5,6,7,4,3,3,2,1,0,0,0,0,0,0,8,8,2,6,0,0,0,0,0,6,6,0,0,6,0,1,5
503661911,2,503661913,,7,3,4,*,*,*,*,*,*,*,*,*,*,*,*,*,*,*,*,*,*,*,*,*,*,*,*,*,*,*,*,*,*,4,4,*,*,*,*,*,*,*,*,*,*,*,*,*,*,*
503661913,1,,503661911,49,20,29,1,1,0,55,22,33,18,8,10,55,22,33,55,22,33,37,14,23,18,5,13,11,2,9,1,0,1,1,1,0,31,31,15,19,1,0,0,0,0,20,20,0,0,27,0,12,9
503670061,2,503670062,,2,0,2,*,*,*,*,*,*,*,*,*,*,*,*,*,*,*,*,*,*,*,*,*,*,*,*,*,*,*,*,*,*,2,2,*,*,*,*,*,*,*,*,*,*,*,*,*,*,*
503670062,1,,503670061,8,4,4,0,0,0,10,4,6,6,3,3,10,4,6,10,4,6,4,1,3,3,0,3,1,0,1,0,0,0,0,0,0,5,5,4,3,0,0,0,0,0,3,3,0,0,4,0,3,1
503670173,2,503670174,,7,4,3,*,*,*,*,*,*,*,*,*,*,*,*,*,*,*,*,*,*,*,*,*,*,*,*,*,*,*,*,*,*,3,3,*,*,*,*,*,*,*,*,*,*,*,*,*,*,*
503670174,1,,503670173,7,3,4,0,0,0,14,7,7,4,2,2,14,7,7,14,7,7,10,5,5,6,2,4,3,0,3,0,0,0,0,0,0,5,5,4,2,2,0,0,0,0,4,4,0,0,7,0,3,1
503670254,0,,,24,10,14,3,0,3,21,10,11,11,5,6,21,10,11,20,10,10,10,5,5,5,4,1,0,0,0,0,0,0,0,0,0,9,9,2,3,1,2,1,0,0,7,5,2,0,6,0,2,2
503670263,0,,,76,31,45,9,2,7,67,29,38,30,11,19,67,29,38,67,29,38,37,18,19,18,7,11,5,1,4,0,0,0,0,0,0,32,32,5,17,6,2,1,1,0,26,24,2,3,24,0,4,11
503670264,0,,,41,20,21,4,2,2,37,18,19,14,5,9,37,18,19,37,18,19,23,13,10,8,5,3,3,2,1,0,0,0,0,0,0,22,22,7,13,1,0,1,0,0,15,15,0,1,15,0,6,9
503670271,0,,,51,27,24,0,0,0,51,27,24,28,15,13,51,27,24,51,27,24,23,12,11,14,6,8,5,2,3,0,0,0,0,0,0,26,26,9,10,6,1,0,0,0,16,16,0,0,17,0,6,4
503670272,1,,503670281,46,20,26,4,1,3,43,20,23,21,9,12,41,20,21,41,20,21,22,11,11,8,5,3,3,2,1,0,0,0,0,0,0,19,19,3,10,5,1,1,0,0,15,14,1,0,15,0,3,4
503670273,0,,,15,6,9,1,1,0,14,5,9,10,3,7,11,4,7,11,4,7,4,2,2,2,1,1,1,1,0,0,0,0,0,0,0,7,7,3,1,2,1,0,0,0,4,4,0,0,3,0,2,1
503670274,0,,,21,10,11,0,0,0,21,10,11,5,3,2,21,10,11,20,9,11,16,7,9,13,6,7,6,2,4,1,1,0,0,0,0,13,13,6,6,1,0,0,0,0,7,7,0,0,11,0,6,5
503670281,2,503670272,,1,1,0,*,*,*,*,*,*,*,*,*,*,*,*,*,*,*,*,*,*,*,*,*,*,*,*,*,*,*,*,*,*,1,1,*,*,*,*,*,*,*,*,*,*,*,*,*,*,*
503670302,0,,,18,10,8,3,1,2,15,9,6,6,4,2,14,8,6,13,7,6,9,5,4,7,4,3,4,2,2,0,0,0,0,0,0,10,10,6,3,0,0,0,1,0,4,3,1,0,7,0,5,1
503670304,0,,,60,30,30,2,1,1,58,29,29,25,17,8,56,27,29,55,26,29,33,12,21,22,7,15,14,4,10,2,0,2,2,2,0,33,33,13,15,4,0,1,0,0,20,20,0,0,21,2,7,8
503670311,1,,503670412,11,4,7,1,0,1,14,6,8,7,3,4,14,6,8,14,6,8,7,3,4,5,2,3,3,1,2,1,1,0,0,0,0,8,8,5,5,0,0,0,0,0,5,5,0,1,7,0,5,0
503670352,2,503670354,,7,3,4,*,*,*,*,*,*,*,*,*,*,*,*,*,*,*,*,*,*,*,*,*,*,*,*,*,*,*,*,*,*,4,4,*,*,*,*,*,*,*,*,*,*,*,*,*,*,*
503670353,0,,,34,15,19,3,1,2,31,14,17,14,6,8,30,13,17,30,13,17,17,8,9,11,6,5,4,2,2,0,0,0,0,0,0,15,15,4,7,1,2,1,0,0,11,9,2,1,11,0,3,5
503670354,1,,503670352,68,32,36,7,2,5,68,33,35,29,14,15,66,32,34,66,32,34,39,19,20,25,14,11,8,4,4,0,0,0,0,0,0,30,30,8,15,8,2,1,0,0,26,20,6,1,26,0,8,7
503670361,0,,,47,22,25,9,4,5,38,18,20,18,7,11,38,18,20,38,18,20,20,11,9,10,3,7,5,1,4,0,0,0,1,0,1,23,23,11,6,3,2,0,0,1,12,10,2,4,15,0,7,5
503670362,0,,,44,22,22,0,0,0,44,22,22,27,13,14,43,22,21,43,22,21,17,9,8,8,3,5,5,1,4,0,0,0,0,0,0,20,20,5,6,9,0,0,0,0,15,11,4,0,12,1,2,4
503670363,1,,503670461,40,16,24,1,1,0,43,17,26,19,7,12,42,16,26,42,16,26,24,10,14,18,7,11,9,3,6,2,1,1,0,0,0,16,16,4,8,5,1,1,0,0,15,10,5,1,16,0,3,6
503670372,1,,503670381,59,27,32,2,1,1,64,29,35,30,14,16,64,29,35,64,29,35,34,15,19,23,7,16,12,5,7,2,0,2,0,0,0,34,34,20,12,6,1,0,0,0,19,16,3,0,25,0,13,6
503670374,0,,,41,17,24,1,0,1,40,17,23,24,12,12,40,17,23,40,17,23,16,5,11,9,1,8,5,0,5,1,0,1,0,0,0,23,23,11,8,2,2,0,0,0,11,10,1,0,13,0,6,2
503670381,2,503670372,,7,3,4,*,*,*,*,*,*,*,*,*,*,*,*,*,*,*,*,*,*,*,*,*,*,*,*,*,*,*,*,*,*,5,5,*,*,*,*,*,*,*,*,*,*,*,*,*,*,*
503670401,0,,,28,15,13,0,0,0,28,15,13,15,10,5,26,14,12,25,13,12,13,5,8,11,5,6,3,1,2,0,0,0,0,0,0,16,16,9,3,3,1,0,0,0,7,7,0,0,11,0,7,1
503670402,1,,503670403,57,30,27,4,4,0,54,27,27,19,11,8,53,27,26,52,26,26,35,16,19,26,13,13,13,6,7,2,1,1,0,0,0,32,32,18,9,3,2,1,0,0,15,14,1,1,25,0,15,8
503670403,2,503670402,,1,1,0,*,*,*,*,*,*,*,*,*,*,*,*,*,*,*,*,*,*,*,*,*,*,*,*,*,*,*,*,*,*,1,1,*,*,*,*,*,*,*,*,*,*,*,*,*,*,*
503670404,0,,,15,6,9,2,0,2,13,6,7,4,2,2,13,6,7,13,6,7,9,4,5,4,2,2,2,2,0,0,0,0,0,0,0,9,9,4,4,1,0,0,0,0,5,3,2,0,7,0,3,2
503670412,2,503670311,,4,2,2,*,*,*,*,*,*,*,*,*,*,*,*,*,*,*,*,*,*,*,*,*,*,*,*,*,*,*,*,*,*,2,2,*,*,*,*,*,*,*,*,*,*,*,*,*,*,*
503670422,2,503670512,,2,1,1,*,*,*,*,*,*,*,*,*,*,*,*,*,*,*,*,*,*,*,*,*,*,*,*,*,*,*,*,*,*,1,1,*,*,*,*,*,*,*,*,*,*,*,*,*,*,*
503670452,0,,,27,14,13,2,1,1,25,13,12,10,5,5,25,13,12,25,13,12,15,8,7,5,4,1,0,0,0,0,0,0,0,0,0,14,14,6,5,2,0,1,0,0,8,6,2,1,12,0,5,4
503670453,2,503670454,,4,2,2,*,*,*,*,*,*,*,*,*,*,*,*,*,*,*,*,*,*,*,*,*,*,*,*,*,*,*,*,*,*,1,1,*,*,*,*,*,*,*,*,*,*,*,*,*,*,*
503670454,1,,503670453,15,5,10,1,0,1,18,7,11,5,2,3,18,7,11,18,7,11,13,5,8,6,1,5,2,0,2,0,0,0,0,0,0,9,9,5,2,2,1,0,0,0,5,5,0,1,9,0,5,2
503670461,2,503670363,,4,2,2,*,*,*,*,*,*,*,*,*,*,*,*,*,*,*,*,*,*,*,*,*,*,*,*,*,*,*,*,*,*,3,3,*,*,*,*,*,*,*,*,*,*,*,*,*,*,*
503670472,0,,,26,13,13,0,0,0,26,13,13,11,7,4,26,13,13,26,13,13,15,6,9,9,3,6,1,0,1,0,0,0,0,0,0,14,14,4,8,2,0,0,0,0,10,8,2,0,10,0,3,4
503670481,2,503670483,,5,3,2,*,*,*,*,*,*,*,*,*,*,*,*,*,*,*,*,*,*,*,*,*,*,*,*,*,*,*,*,*,*,3,3,*,*,*,*,*,*,*,*,*,*,*,*,*,*,*
503670483,1,,503670481,26,12,14,4,1,3,27,14,13,10,5,5,27,14,13,27,14,13,17,9,8,10,5,5,3,2,1,0,0,0,0,0,0,13,13,5,8,2,1,0,0,0,11,11,0,2,12,0,5,6
503670484,0,,,20,9,11,0,0,0,20,9,11,12,6,6,20,9,11,20,9,11,8,3,5,4,2,2,2,0,2,0,0,0,0,0,0,11,11,4,6,0,1,0,0,0,7,7,0,0,6,0,3,2
503670493,2,503670591,,4,2,2,*,*,*,*,*,*,*,*,*,*,*,*,*,*,*,*,*,*,*,*,*,*,*,*,*,*,*,*,*,*,2,2,*,*,*,*,*,*,*,*,*,*,*,*,*,*,*
503670512,1,,503670422,9,5,4,0,0,0,11,6,5,5,3,2,11,6,5,11,6,5,6,3,3,5,3,2,1,1,0,0,0,0,0,0,0,4,4,0,4,1,0,0,0,0,5,5,0,0,3,0,0,2
503670521,0,,,9,5,4,0,0,0,9,5,4,6,4,2,9,5,4,9,5,4,3,1,2,3,1,2,2,1,1,0,0,0,0,0,0,4,4,1,2,0,1,0,0,0,3,3,0,0,2,0,1,1
503670544,0,,,22,10,12,2,1,1,20,9,11,10,5,5,20,9,11,20,9,11,10,4,6,6,3,3,1,1,0,0,0,0,0,0,0,10,10,3,4,1,2,0,0,0,7,7,0,0,6,0,2,3
503670551,1,,503670552,19,7,12,1,0,1,19,8,11,13,6,7,17,8,9,17,8,9,6,2,4,3,0,3,1,0,1,0,0,0,0,0,0,9,9,5,2,2,0,1,0,0,5,5,0,0,5,0,3,1
503670552,2,503670551,,1,1,0,*,*,*,*,*,*,*,*,*,*,*,*,*,*,*,*,*,*,*,*,*,*,*,*,*,*,*,*,*,*,1,1,*,*,*,*,*,*,*,*,*,*,*,*,*,*,*
503670581,0,,,35,14,21,0,0,0,35,14,21,15,6,9,35,14,21,35,14,21,20,8,12,9,2,7,2,0,2,0,0,0,0,0,0,19,19,9,6,2,2,0,0,0,10,9,1,0,15,0,9,4
503670582,0,,,12,5,7,0,0,0,12,5,7,1,1,0,12,5,7,12,5,7,11,4,7,6,2,4,3,0,3,1,0,1,1,1,0,8,8,4,4,0,0,0,0,0,4,4,0,0,7,0,3,4
503670583,1,,503670584,110,36,74,0,0,0,115,38,77,19,10,9,114,38,76,113,37,76,96,28,68,81,21,60,64,17,47,14,2,12,0,0,0,22,21,4,15,4,0,0,0,0,19,17,2,0,16,0,2,10
503670584,2,503670583,,5,2,3,*,*,*,*,*,*,*,*,*,*,*,*,*,*,*,*,*,*,*,*,*,*,*,*,*,*,*,*,*,*,2,2,*,*,*,*,*,*,*,*,*,*,*,*,*,*,*
503670591,1,,503670493,26,17,9,0,0,0,30,19,11,16,11,5,30,19,11,29,18,11,14,8,6,9,4,5,3,1,2,0,0,0,0,0,0,14,14,5,8,3,0,0,0,0,11,10,1,0,10,0,3,4
503670614,2,503670724,,1,1,0,*,*,*,*,*,*,*,*,*,*,*,*,*,*,*,*,*,*,*,*,*,*,*,*,*,*,*,*,*,*,1,1,*,*,*,*,*,*,*,*,*,*,*,*,*,*,*
503670623,2,503670722,,6,3,3,*,*,*,*,*,*,*,*,*,*,*,*,*,*,*,*,*,*,*,*,*,*,*,*,*,*,*,*,*,*,5,5,*,*,*,*,*,*,*,*,*,*,*,*,*,*,*
503670643,0,,,33,15,18,5,4,1,28,11,17,11,4,7,27,11,16,27,11,16,17,7,10,8,1,7,4,0,4,0,0,0,0,0,0,18,18,10,5,1,1,0,1,0,8,7,1,2,14,0,9,2
503670644,0,,,43,22,21,3,2,1,40,20,20,23,12,11,40,20,20,38,19,19,17,8,9,12,6,6,7,3,4,1,0,1,0,0,0,22,22,9,9,1,2,1,0,0,13,13,0,1,13,0,7,4
503670681,0,,,20,9,11,0,0,0,20,9,11,4,1,3,20,9,11,20,9,11,16,8,8,8,3,5,5,1,4,0,0,0,0,0,0,12,12,6,5,0,1,0,0,0,6,6,0,0,11,0,5,5
503670682,0,,,8,4,4,0,0,0,8,4,4,4,2,2,8,4,4,7,3,4,4,2,2,0,0,0,0,0,0,0,0,0,0,0,0,4,4,0,4,0,0,0,0,0,4,4,0,0,2,0,0,2
503670683,0,,,19,10,9,0,0,0,19,10,9,7,6,1,19,10,9,19,10,9,12,4,8,3,1,2,2,0,2,1,0,1,0,0,0,9,9,2,4,3,0,0,0,0,7,7,0,0,8,0,1,2
503670722,1,,503670623,5,3,2,0,0,0,10,5,5,1,1,0,10,5,5,10,5,5,9,4,5,7,3,4,3,0,3,0,0,0,0,0,0,2,2,4,2,1,0,0,0,0,3,3,0,0,6,0,3,2
503670724,1,,503670614,68,30,38,3,1,2,66,30,36,34,14,20,65,29,36,63,27,36,32,16,16,22,11,11,12,7,5,0,0,0,0,0,0,34,34,10,18,5,2,0,0,0,25,24,1,1,22,0,6,7
503670732,0,,,41,19,22,1,1,0,40,18,22,23,12,11,38,17,21,38,17,21,17,6,11,14,4,10,3,1,2,0,0,0,0,0,0,20,20,8,5,6,0,1,0,0,12,11,1,0,13,0,6,3
503670733,2,503670734,,3,2,1,*,*,*,*,*,*,*,*,*,*,*,*,*,*,*,*,*,*,*,*,*,*,*,*,*,*,*,*,*,*,2,2,*,*,*,*,*,*,*,*,*,*,*,*,*,*,*
503670734,1,,503670733,17,9,8,4,3,1,16,8,8,8,4,4,16,8,8,16,8,8,8,4,4,6,3,3,4,2,2,0,0,0,0,0,0,6,6,2,4,1,0,0,0,1,5,5,0,1,5,0,2,3
503670741,0,,,103,47,56,6,2,4,97,45,52,43,22,21,97,45,52,97,45,52,54,23,31,32,11,21,14,3,11,3,0,3,0,0,0,57,57,25,21,8,3,0,0,0,32,30,2,3,39,0,19,14
503670742,0,,,19,11,8,0,0,0,19,11,8,7,4,3,19,11,8,19,11,8,12,7,5,8,3,5,3,0,3,0,0,0,0,0,0,14,14,11,2,0,1,0,0,0,3,2,1,0,11,0,9,1
503670743,0,,,29,14,15,3,2,1,26,12,14,11,6,5,26,12,14,26,12,14,15,6,9,4,1,3,1,1,0,1,1,0,0,0,0,16,16,6,9,0,0,1,0,0,10,10,0,1,11,0,5,4
503670781,0,,,24,10,14,1,0,1,23,10,13,8,5,3,23,10,13,23,10,13,15,5,10,8,1,7,5,0,5,0,0,0,0,0,0,16,16,9,6,1,0,0,0,0,7,7,0,0,12,0,7,4
503670783,0,,,13,4,9,0,0,0,13,4,9,4,1,3,13,4,9,13,4,9,9,3,6,5,1,4,2,0,2,0,0,0,0,0,0,10,10,7,3,0,0,0,0,0,3,3,0,0,7,0,4,2
503670822,0,,,20,9,11,1,0,1,19,9,10,7,5,2,18,8,10,18,8,10,12,4,8,8,3,5,1,0,1,0,0,0,0,0,0,10,10,1,8,1,0,0,0,0,9,8,1,1,8,0,1,4
503670831,0,,,89,40,49,2,0,2,87,40,47,29,14,15,87,40,47,87,40,47,58,26,32,28,10,18,14,8,6,0,0,0,0,0,0,53,53,25,21,6,1,0,0,0,28,27,1,1,44,0,21,13
503670832,0,,,72,35,37,2,0,2,70,35,35,35,20,15,70,35,35,70,35,35,35,15,20,22,8,14,5,2,3,0,0,0,0,0,0,40,40,14,20,6,0,0,0,0,26,25,1,1,24,0,9,8
503670833,1,,503670932,8,4,4,0,0,0,10,5,5,3,1,2,10,5,5,10,5,5,7,4,3,3,2,1,2,1,1,0,0,0,0,0,0,4,4,0,5,0,0,0,0,0,5,5,0,0,4,0,0,4
503670841,0,,,11,5,6,0,0,0,11,5,6,3,2,1,11,5,6,11,5,6,8,3,5,6,2,4,2,0,2,1,0,1,0,0,0,7,7,4,2,1,0,0,0,0,3,3,0,0,6,0,3,2
503670882,0,,,26,12,14,2,1,1,24,11,13,11,5,6,24,11,13,24,11,13,13,6,7,7,2,5,4,1,3,1,0,1,0,0,0,13,13,5,5,1,2,0,0,0,8,8,0,1,10,0,5,3
503670932,2,503670833,,2,1,1,*,*,*,*,*,*,*,*,*,*,*,*,*,*,*,*,*,*,*,*,*,*,*,*,*,*,*,*,*,*,1,1,*,*,*,*,*,*,*,*,*,*,*,*,*,*,*
503670941,2,503670943,,3,3,0,*,*,*,*,*,*,*,*,*,*,*,*,*,*,*,*,*,*,*,*,*,*,*,*,*,*,*,*,*,*,3,3,*,*,*,*,*,*,*,*,*,*,*,*,*,*,*
503670942,1,,503670944,10,6,4,0,0,0,11,7,4,3,3,0,11,7,4,11,7,4,8,4,4,7,3,4,1,0,1,1,0,1,1,1,0,6,6,3,4,0,0,0,0,0,4,4,0,0,4,0,0,3
503670943,1,,503670941,1,1,0,0,0,0,4,4,0,2,2,0,4,4,0,4,4,0,2,2,0,1,1,0,0,0,0,0,0,0,0,0,0,1,1,4,0,0,0,0,0,0,0,0,0,0,2,0,2,0
503670944,2,503670942,,1,1,0,*,*,*,*,*,*,*,*,*,*,*,*,*,*,*,*,*,*,*,*,*,*,*,*,*,*,*,*,*,*,1,1,*,*,*,*,*,*,*,*,*,*,*,*,*,*,*
503671011,2,503671014,,2,2,0,*,*,*,*,*,*,*,*,*,*,*,*,*,*,*,*,*,*,*,*,*,*,*,*,*,*,*,*,*,*,2,2,*,*,*,*,*,*,*,*,*,*,*,*,*,*,*
503671014,1,,503671011,56,25,31,0,0,0,58,27,31,18,11,7,58,27,31,58,27,31,40,16,24,28,8,20,12,3,9,0,0,0,0,0,0,31,31,14,14,4,1,0,0,0,19,18,1,0,29,0,12,8
503671034,0,,,97,49,48,2,2,0,95,47,48,41,23,18,91,44,47,91,44,47,54,24,30,34,14,20,8,2,6,0,0,0,0,0,0,44,44,14,18,5,4,2,1,0,30,26,4,1,37,0,13,15
503671104,2,503671113,,1,1,0,*,*,*,*,*,*,*,*,*,*,*,*,*,*,*,*,*,*,*,*,*,*,*,*,*,*,*,*,*,*,1,1,*,*,*,*,*,*,*,*,*,*,*,*,*,*,*
503671111,0,,,34,13,21,1,0,1,33,13,20,9,5,4,33,13,20,33,13,20,24,8,16,19,6,13,10,4,6,1,0,1,0,0,0,22,22,11,10,1,0,0,0,0,11,11,0,0,19,0,10,5
503671112,0,,,52,28,24,5,4,1,47,24,23,20,11,9,46,23,23,46,23,23,27,13,14,15,7,8,4,2,2,0,0,0,0,0,0,32,32,18,11,1,1,1,0,0,14,14,0,2,19,1,11,8
503671113,1,,503671104,192,88,104,12,8,4,181,81,100,62,29,33,177,80,97,177,80,97,119,52,67,76,31,45,28,15,13,1,1,0,0,0,0,101,101,43,41,11,2,3,2,0,58,51,7,3,81,0,33,27
503671114,0,,,214,99,115,7,3,4,206,95,111,70,37,33,204,93,111,203,93,110,136,58,78,84,32,52,28,12,16,4,1,3,0,0,0,118,117,48,50,12,6,1,0,0,68,62,6,4,95,0,40,30
503671124,0,,,11,4,7,0,0,0,11,4,7,2,0,2,11,4,7,11,4,7,9,4,5,4,2,2,3,1,2,0,0,0,0,0,0,5,5,0,4,1,0,0,0,0,5,3,2,0,5,0,0,0
503671132,1,,503671141,186,81,105,7,4,3,180,78,102,67,27,40,177,75,102,177,75,102,113,51,62,69,28,41,26,9,17,0,0,0,2,0,2,104,104,52,33,13,5,2,0,0,52,46,6,0,83,1,39,25
503671141,2,503671132,,1,1,0,*,*,*,*,*,*,*,*,*,*,*,*,*,*,*,*,*,*,*,*,*,*,*,*,*,*,*,*,*,*,1,1,*,*,*,*,*,*,*,*,*,*,*,*,*,*,*
503671202,2,503671211,,10,5,5,*,*,*,*,*,*,*,*,*,*,*,*,*,*,*,*,*,*,*,*,*,*,*,*,*,*,*,*,*,*,4,4,*,*,*,*,*,*,*,*,*,*,*,*,*,*,*
503671211,1,,503671202,11,6,5,4,2,2,17,9,8,9,6,3,16,8,8,16,8,8,8,3,5,5,2,3,1,0,1,0,0,0,0,0,0,5,5,3,2,3,0,1,0,0,6,6,0,1,6,0,2,1
503671212,0,,,23,11,12,0,0,0,22,10,12,12,6,6,22,10,12,22,10,12,10,4,6,8,2,6,4,1,3,0,0,0,0,0,0,13,13,7,3,2,1,0,0,0,6,5,1,0,9,0,6,0
503671214,0,,,11,5,6,1,1,0,10,4,6,7,3,4,10,4,6,10,4,6,3,1,2,2,1,1,0,0,0,0,0,0,0,0,0,4,4,0,2,1,1,0,0,0,4,3,1,1,2,0,0,1
503671221,0,,,24,10,14,1,0,1,21,9,12,7,3,4,21,9,12,21,9,12,14,6,8,7,1,6,3,0,3,1,0,1,0,0,0,15,15,7,7,1,0,0,0,0,7,7,0,0,11,0,5,3
503671223,0,,,34,15,19,3,0,3,31,15,16,16,10,6,31,15,16,30,14,16,15,5,10,9,3,6,3,1,2,0,0,0,0,0,0,16,16,5,7,1,3,0,0,0,11,10,1,1,10,0,4,5
503671242,0,,,21,9,12,0,0,0,21,9,12,2,1,1,21,9,12,21,9,12,19,8,11,12,5,7,5,2,3,0,0,0,0,0,0,12,12,3,9,0,0,0,0,0,9,9,0,0,11,0,3,6
503671243,0,,,83,38,45,5,2,3,78,36,42,19,11,8,78,36,42,78,36,42,59,25,34,37,15,22,10,5,5,1,0,1,0,0,0,49,49,25,18,3,2,1,0,0,24,23,1,3,43,0,22,12
503671244,0,,,95,51,44,1,1,0,94,50,44,23,14,9,94,50,44,94,50,44,71,36,35,53,26,27,21,8,13,1,0,1,1,0,1,51,50,20,25,4,1,0,0,0,30,28,2,1,43,0,16,19
503671251,2,503671253,,2,1,1,*,*,*,*,*,*,*,*,*,*,*,*,*,*,*,*,*,*,*,*,*,*,*,*,*,*,*,*,*,*,1,1,*,*,*,*,*,*,*,*,*,*,*,*,*,*,*
503671253,1,,503671251,50,22,28,1,0,1,51,23,28,14,7,7,51,23,28,51,23,28,37,16,21,22,9,13,8,3,5,0,0,0,0,0,0,26,26,11,9,6,0,1,0,0,16,14,2,1,25,0,11,9
503671341,0,,,20,11,9,6,4,2,14,7,7,7,3,4,14,7,7,14,7,7,7,4,3,4,2,2,3,2,1,0,0,0,0,0,0,6,6,1,2,2,0,0,0,1,5,4,1,1,5,0,1,1
503671354,2,503671363,,3,2,1,*,*,*,*,*,*,*,*,*,*,*,*,*,*,*,*,*,*,*,*,*,*,*,*,*,*,*,*,*,*,2,2,*,*,*,*,*,*,*,*,*,*,*,*,*,*,*
503671361,1,,503671373,71,29,42,4,0,4,72,32,40,16,7,9,72,32,40,72,32,40,56,25,31,38,15,23,17,9,8,2,1,1,0,0,0,37,37,19,16,5,1,0,1,0,23,20,3,2,39,0,18,10
503671363,1,,503671354,29,12,17,0,0,0,32,14,18,7,5,2,31,13,18,30,12,18,25,9,16,15,6,9,7,3,4,1,0,1,0,0,0,16,16,7,9,1,1,0,0,0,11,10,1,0,16,0,6,8
503671373,2,503671361,,5,3,2,*,*,*,*,*,*,*,*,*,*,*,*,*,*,*,*,*,*,*,*,*,*,*,*,*,*,*,*,*,*,5,5,*,*,*,*,*,*,*,*,*,*,*,*,*,*,*
503671554,1,,503671563,90,44,46,3,1,2,94,47,47,29,12,17,94,47,47,94,47,47,65,35,30,39,19,20,16,8,8,0,0,0,0,0,0,52,52,29,22,5,1,1,0,0,27,25,2,1,46,0,23,15
503671563,2,503671554,,7,4,3,*,*,*,*,*,*,*,*,*,*,*,*,*,*,*,*,*,*,*,*,*,*,*,*,*,*,*,*,*,*,6,6,*,*,*,*,*,*,*,*,*,*,*,*,*,*,*
503671573,1,,503671671,124,48,76,6,0,6,133,51,82,39,16,23,132,50,82,128,48,80,94,35,59,55,16,39,16,4,12,2,0,2,0,0,0,72,72,38,29,8,1,0,1,0,39,37,2,1,61,2,29,23
503671634,0,,,13,6,7,1,0,1,12,6,6,6,4,2,11,6,5,11,6,5,6,2,4,5,2,3,1,0,1,0,0,0,0,0,0,5,5,0,3,1,1,0,0,0,4,3,1,0,4,0,0,1
503671643,0,,,14,7,7,0,0,0,14,7,7,5,3,2,14,7,7,14,7,7,9,4,5,4,2,2,0,0,0,0,0,0,0,0,0,7,7,2,3,2,0,0,0,0,5,5,0,0,6,0,2,2
503671644,0,,,20,11,9,1,1,0,19,10,9,8,4,4,19,10,9,18,9,9,11,6,5,7,3,4,3,1,2,0,0,0,0,0,0,12,12,6,5,0,1,0,0,0,5,5,0,0,10,0,5,1
503671652,0,,,18,7,11,0,0,0,18,7,11,7,2,5,18,7,11,18,7,11,11,5,6,9,4,5,0,0,0,0,0,0,0,0,0,9,9,4,3,0,2,0,0,0,5,3,2,0,7,0,2,3
503671653,0,,,30,14,16,1,1,0,29,13,16,13,8,5,28,12,16,28,12,16,16,5,11,9,3,6,7,1,6,0,0,0,1,0,1,18,18,9,7,1,1,0,0,0,9,9,0,1,12,0,7,4
503671654,0,,,9,4,5,0,0,0,9,4,5,1,1,0,9,4,5,9,4,5,8,3,5,4,2,2,1,0,1,0,0,0,0,0,0,5,5,2,2,1,0,0,0,0,3,3,0,0,5,0,2,2
503671663,1,,503671664,125,54,71,8,4,4,119,51,68,36,13,23,116,50,66,114,50,64,83,38,45,46,22,24,12,5,7,0,0,0,1,0,1,69,69,33,26,7,3,2,0,0,38,35,3,0,60,0,28,20
503671664,2,503671663,,3,2,1,*,*,*,*,*,*,*,*,*,*,*,*,*,*,*,*,*,*,*,*,*,*,*,*,*,*,*,*,*,*,2,2,*,*,*,*,*,*,*,*,*,*,*,*,*,*,*
503671671,2,503671573,,15,3,12,*,*,*,*,*,*,*,*,*,*,*,*,*,*,*,*,*,*,*,*,*,*,*,*,*,*,*,*,*,*,6,5,*,*,*,*,*,*,*,*,*,*,*,*,*,*,*
503671741,0,,,27,12,15,2,2,0,25,10,15,11,3,8,24,10,14,24,10,14,14,7,7,8,4,4,5,2,3,0,0,0,1,0,1,13,13,2,9,1,1,0,0,0,11,10,1,0,10,0,2,5
503671742,0,,,105,46,59,7,2,5,98,44,54,33,13,20,98,44,54,98,44,54,65,31,34,37,14,23,12,6,6,1,0,1,0,0,0,54,54,17,28,7,0,1,1,0,37,35,2,3,45,0,14,18
503671751,0,,,211,97,114,6,4,2,205,93,112,75,34,41,204,92,112,203,92,111,130,59,71,65,30,35,15,6,9,0,0,0,4,1,3,115,115,45,53,9,7,1,0,0,68,62,6,1,89,0,36,32
503671761,0,,,154,56,98,2,0,2,152,56,96,41,15,26,151,56,95,151,56,95,111,41,70,72,29,43,19,7,12,1,1,0,0,0,0,87,87,35,41,7,4,0,0,0,51,47,4,0,76,0,31,29
503671762,0,,,32,13,19,0,0,0,32,13,19,4,2,2,32,13,19,32,13,19,28,11,17,18,5,13,4,0,4,0,0,0,0,0,0,21,21,11,9,1,0,0,0,0,10,10,0,0,20,0,11,9
503671764,0,,,12,6,6,0,0,0,12,6,6,2,1,1,12,6,6,12,6,6,10,5,5,7,3,4,5,2,3,1,0,1,0,0,0,7,7,3,3,1,0,0,0,0,4,4,0,0,7,0,3,2
503671884,2,503671893,,3,1,2,*,*,*,*,*,*,*,*,*,*,*,*,*,*,*,*,*,*,*,*,*,*,*,*,*,*,*,*,*,*,1,1,*,*,*,*,*,*,*,*,*,*,*,*,*,*,*
503671891,0,,,238,114,124,10,4,6,225,107,118,74,34,40,222,106,116,222,106,116,151,73,78,100,46,54,33,16,17,1,0,1,0,0,0,127,127,43,66,11,5,2,0,0,83,78,5,1,100,0,36,48
503671892,0,,,96,45,51,5,2,3,88,41,47,30,12,18,85,41,44,85,41,44,58,29,29,33,15,18,8,4,4,1,1,0,0,0,0,57,57,29,22,4,1,0,0,1,28,26,2,0,44,0,21,16
503671893,1,,503671884,103,41,62,9,5,4,94,37,57,34,15,19,90,35,55,88,33,55,60,22,38,36,10,26,14,2,12,3,0,3,0,0,0,58,58,32,17,6,2,0,0,2,26,23,3,0,48,0,29,9
503671963,0,,,127,23,104,3,2,1,124,21,103,11,5,6,123,21,102,123,21,102,113,16,97,102,15,87,75,7,68,12,0,12,0,0,0,20,18,6,8,3,1,0,0,0,12,11,1,1,14,0,5,6
503671964,0,,,75,30,45,4,0,4,62,25,37,21,10,11,62,25,37,62,25,37,41,15,26,23,9,14,8,2,6,1,0,1,0,0,0,45,45,21,19,4,1,0,0,0,23,21,2,1,29,0,13,13
503672903,0,,,29,13,16,2,1,1,24,10,14,6,3,3,24,10,14,23,10,13,18,7,11,10,2,8,1,1,0,0,0,0,0,0,0,20,20,14,5,0,0,1,0,0,5,5,0,0,15,0,12,3
503672904,0,,,71,32,39,1,0,1,70,32,38,23,14,9,70,32,38,70,32,38,47,18,29,31,11,20,11,5,6,0,0,0,1,0,1,44,44,22,17,5,0,0,0,0,22,21,1,1,33,1,14,12
